0,1,2,3,4,5,6,7,8,9,10,11,12,13,14,15,16,17,18,19,20,21,22,23,24,25,26,27,28,29,30,31,32,33,34,35,36,37,38,39,40,41,42,43,44,45,46,47,48,49,50,51,52,53,54,55,56,57,58,59,60,61,62,63,64,65,66,67,68,69,70,71,72,73,74,75,76,77,78,79,80,81,82,83,84,85,86,87,88,89,90,91,92,93,94,95,96,97,98,99,100,101,102,103,104,105,106,107,108,109,110,111,112,113,114,115,116,117,118,119,120,121,122,123,124,125,126,127,128,129,130,131,132,133,134,135,136,137,138,139,140,141,142,143,144,145,146,147,148,149,150,151,152,153,154,155,156,157,158,159,160,161,162,163,164,165,166,167,168,169,170,171,172,173,174,175,176,177,178,179,180,181,182,183,184,185,186,187,188,189,190,191,192,193,194,195,196,197,198,199,200,201,202,203,204,205,206,207,208,209,210,211,212,213,214,215,216,217,218,219,220,221,222,223,224,225,226,227,228,229,230,231,232,233,234,235,236,237,238,239,240,241,242,243,244,245,246,247,248,249,250,251,252,253,254,255,256,257,258,259,260,261,262,263,264,265,266,267,268,269,270,271,272,273,274,275,276,277,278,279,280,281,282,283,284,285,286,287,288,289,290,291,292,293,294,295,296,297,298,299,300,301,302,303,304,305,306,307,308,309,310,311,312,313,314,315,316,317,318,319,320,321
64.5,65.5,66.5,67.0,68.0,68.5,69.0,69.5,70.0,70.0,70.0,70.0,69.5,69.0,68.5,68.0,67.5,67.5,67.5,68.0,68.5,68.5,69.0,69.5,69.5,70.0,70.0,70.0,70.5,70.5,70.0,70.0,69.5,69.5,69.0,69.0,69.0,68.5,68.5,68.5,68.5,68.5,68.5,68.5,69.0,69.0,69.5,69.5,70.0,69.5,69.5,69.5,69.0,69.0,68.5,68.0,68.0,68.0,68.0,68.0,68.5,69.0,69.0,69.5,70.0,70.0,70.0,70.0,70.0,70.0,69.5,69.5,69.5,69.5,69.0,69.0,69.0,69.0,69.0,68.5,68.5,68.5,68.5,69.0,69.0,69.0,69.0,68.0,67.0,66.0,64.0,62.0,60.0,57.5,55.0,53.5,52.0,51.0,50.0,50.0,50.0,51.0,52.5,55.0,58.0,61.5,66.5,71.5,77.0,83.5,90.5,97.0,103.5,110.0,116.0,122.0,128.0,134.0,140.0,145.0,149.0,152.0,153.5,155.0,155.5,155.5,154.5,152.5,149.5,145.5,141.0,136.0,130.5,125.0,119.0,113.5,108.0,103.0,98.5,94.5,90.5,87.0,84.0,81.5,79.5,78.0,76.5,76.0,75.5,75.0,75.0,74.5,74.0,73.5,73.0,73.0,72.5,72.5,72.5,72.5,72.5,72.5,72.5,72.5,72.5,72.5,72.5,72.5,72.5,72.5,72.5,72.0,71.5,71.0,70.5,70.5,70.0,70.0,70.0,70.0,70.0,70.0,70.0,70.0,70.0,70.0,70.0,70.0,70.0,70.0,69.5,69.0,69.0,68.5,68.0,68.0,68.0,68.0,68.0,68.5,68.5,68.5,69.0,69.0,69.5,70.0,70.0,70.0,70.0,70.0,69.5,69.5,69.5,69.0,69.0,69.0,69.0,69.0,69.0,69.0,69.5,69.5,70.0,70.0,70.0,70.0,70.0,70.0,70.0,70.0,70.0,69.5,69.0,68.5,68.5,68.0,68.0,67.5,67.5,67.5,67.5,68.0,68.0,68.5,68.5,69.0,69.0,69.0,69.0,69.0,68.5,68.5,68.0,68.0,68.0,67.5,67.5,67.0,67.0,67.0,67.0,67.0,67.5,67.5,68.0,68.5,69.0,69.0,69.0,69.0,69.0,68.5,68.0,68.0,67.5,67.5,67.0,66.5,66.5,66.5,66.5,67.0,67.5,67.5,68.0,68.5,69.0,69.5,69.5,69.5,69.5,69.0,68.5,68.5,68.0,68.0,67.5,67.5,67.0,67.0,67.5,67.5,67.5,68.0,68.0,68.0,68.0,68.0,68.0,68.0,67.5,67.5,67.0,67.0,67.0,66.5,66.5,66.5,66.5,66.5,0.0,0.0
8.0,8.5,9.0,9.5,10.0,10.5,10.0,10.0,9.5,9.0,8.5,8.0,7.5,7.0,6.5,6.5,6.0,6.0,6.0,6.5,6.5,7.0,8.0,8.5,9.0,9.5,9.5,9.5,9.5,9.0,8.5,8.5,8.0,7.5,7.5,7.0,6.5,6.5,6.0,6.5,6.5,7.0,7.0,7.5,7.5,8.0,8.0,8.0,8.0,7.5,7.0,6.5,6.5,6.0,6.0,6.0,6.0,6.5,7.0,7.5,8.0,8.5,9.0,9.0,9.5,10.0,10.0,10.0,9.5,9.5,9.0,8.5,8.5,8.5,8.0,8.0,8.5,8.5,8.5,8.5,9.0,9.0,9.0,9.5,9.5,9.5,9.5,9.5,9.5,9.5,9.5,9.0,9.0,8.5,8.5,8.5,8.5,8.5,9.0,9.5,10.0,10.5,10.5,11.0,11.0,11.0,11.5,11.5,11.5,11.0,11.0,11.0,10.5,10.0,10.0,9.5,9.5,9.5,9.5,9.5,10.0,10.5,10.5,10.5,11.0,11.0,10.5,10.5,10.0,10.0,9.5,9.0,9.0,9.0,8.5,8.5,8.5,8.5,8.5,8.5,9.0,9.5,10.0,10.5,10.5,10.5,10.5,10.5,10.5,10.5,10.0,9.5,9.0,8.5,8.0,7.0,6.5,6.5,6.0,6.5,6.5,7.0,7.0,7.5,7.5,7.5,7.0,7.0,6.0,5.5,5.0,5.0,5.0,5.0,5.0,5.0,5.5,5.5,5.5,6.0,6.5,7.0,8.0,8.5,9.0,9.0,9.0,9.5,9.5,10.0,10.0,10.5,10.5,10.5,10.0,10.0,9.5,9.5,9.0,9.5,9.5,10.0,10.5,10.5,11.0,10.5,10.5,10.5,10.0,10.0,9.5,9.5,9.0,8.5,8.0,8.0,8.0,8.0,8.0,8.5,9.0,9.5,10.0,10.5,11.0,11.0,11.0,11.5,11.0,11.0,11.0,10.5,10.5,10.0,10.0,9.5,9.5,9.5,10.0,10.0,10.5,11.0,11.5,11.5,12.0,12.0,12.0,12.0,11.5,11.5,11.0,10.5,10.0,9.5,9.0,9.0,9.0,9.0,9.5,9.5,10.0,10.5,11.0,11.5,11.5,12.0,11.5,11.0,10.0,8.0,6.0,3.5,0.5,-2.5,-5.5,-8.0,-10.0,-12.0,-13.0,-13.0,-13.0,-12.0,-10.0,-8.0,-4.5,-0.5,4.5,9.5,15.5,21.5,28.5,35.0,42.0,48.5,55.0,61.0,66.5,72.0,77.5,82.5,86.5,90.0,92.0,93.5,94.5,94.5,94.0,93.0,90.5,87.0,82.5,77.5,72.0,66.5,61.5,56.0,50.5,45.5,41.0,36.5,0.0,0.0
65.5,65.0,65.0,64.5,64.0,63.5,63.5,63.5,63.5,63.5,63.5,63.5,63.5,63.5,63.5,64.0,64.0,64.5,64.5,64.5,64.5,64.5,64.0,64.0,63.5,63.0,62.5,62.5,62.5,62.5,62.5,62.5,63.0,63.5,63.5,63.5,63.5,64.0,63.5,63.5,63.5,63.0,63.0,62.5,62.0,62.0,61.5,61.5,61.0,61.0,61.0,61.0,61.0,61.5,61.5,62.0,62.0,62.0,62.5,62.5,62.0,62.0,61.5,61.0,60.5,60.0,59.0,59.0,58.5,58.5,58.5,58.5,58.5,58.5,59.0,59.0,59.0,59.0,59.0,59.0,58.5,58.0,57.5,57.0,56.0,55.5,55.0,55.0,55.0,55.0,55.5,56.0,57.0,57.5,58.5,59.5,60.5,61.0,61.5,62.0,62.0,62.5,62.0,62.0,62.0,61.5,61.0,60.5,60.5,60.0,60.0,60.0,60.0,60.5,61.0,61.5,61.5,61.0,61.0,60.5,60.5,60.0,60.0,59.5,59.5,59.0,59.0,59.0,59.0,59.5,59.5,59.5,60.0,60.0,60.5,60.5,61.0,61.5,62.0,62.0,61.5,61.5,61.0,60.5,60.0,60.0,59.5,59.0,58.5,58.5,58.5,58.5,58.5,59.0,59.0,59.5,60.0,60.0,60.5,61.0,61.0,61.0,61.0,61.0,60.5,60.0,60.0,59.5,59.0,59.0,59.0,59.0,59.0,59.0,59.0,59.0,59.0,59.0,58.5,57.5,56.5,55.0,53.0,51.0,48.5,46.5,44.5,42.5,41.0,40.0,39.5,39.5,40.0,41.0,42.5,45.0,48.0,52.0,56.5,62.0,67.5,74.0,81.0,88.0,94.5,101.0,107.0,112.5,118.0,123.0,128.5,132.5,136.0,138.0,139.0,139.5,139.5,139.0,137.5,135.5,133.0,130.0,126.0,121.5,117.0,112.0,106.5,101.0,95.0,90.0,85.0,80.5,76.5,73.0,70.5,68.0,66.0,64.0,63.0,62.0,61.5,61.0,60.5,60.0,59.5,59.0,59.0,58.5,58.5,58.5,58.5,58.5,58.5,58.5,58.0,57.5,57.5,57.0,56.5,55.5,55.0,54.0,53.5,53.0,53.0,53.0,53.5,54.0,54.5,55.0,55.5,56.5,57.5,58.0,58.5,58.5,58.5,58.0,58.0,57.5,56.5,56.0,55.0,54.0,53.5,52.5,52.0,51.5,51.5,51.5,51.5,51.5,52.0,52.0,52.5,53.0,53.0,53.5,53.5,53.5,53.0,53.0,52.5,52.0,51.5,51.5,51.0,51.0,50.5,50.5,50.5,50.5,50.5,50.5,50.5,50.5,51.0,51.0,51.0,51.0,0.0,0.0
42.0,42.0,42.0,42.5,42.5,43.0,43.0,43.5,44.0,44.5,44.5,45.0,45.0,45.0,44.5,44.5,44.5,44.0,43.5,43.5,43.0,43.0,43.0,43.0,43.5,43.5,44.0,44.5,44.5,45.0,45.0,45.0,45.0,45.0,45.0,44.5,44.0,44.0,43.5,43.0,43.0,43.0,43.0,43.0,43.5,43.5,44.0,44.5,45.0,45.5,45.5,46.0,46.0,46.0,45.5,45.0,44.5,44.0,44.0,43.5,43.5,44.0,44.0,44.0,44.5,44.5,45.0,45.0,45.5,45.5,45.5,45.5,45.5,45.5,45.0,44.5,44.5,44.0,44.0,44.0,43.5,43.5,43.5,43.5,43.5,43.5,44.0,44.5,44.5,45.0,45.0,45.5,45.5,45.5,45.0,45.0,44.5,44.5,44.0,44.0,44.0,44.0,44.0,44.0,44.5,45.0,45.5,46.0,46.0,46.5,46.5,47.0,46.5,46.5,46.0,45.5,45.0,44.5,44.5,44.0,43.5,43.5,43.5,43.5,43.5,44.0,44.5,44.5,45.0,45.0,45.0,45.0,44.5,44.0,43.5,43.5,43.0,42.5,42.5,42.0,41.0,41.0,40.5,40.5,41.0,41.0,41.5,41.5,42.0,42.0,42.0,42.5,42.5,42.5,42.5,43.0,43.0,42.5,42.5,42.5,42.5,43.0,43.5,44.0,44.5,45.0,45.5,46.0,46.0,46.5,46.5,46.5,46.0,46.0,46.0,45.5,45.0,44.5,44.5,44.0,44.0,44.0,44.0,44.0,44.5,44.5,45.0,45.5,46.0,47.0,47.0,47.0,47.0,47.0,46.5,46.0,45.5,45.0,44.5,44.0,44.0,44.0,44.0,44.0,44.0,44.5,45.0,45.5,46.0,46.0,46.5,46.5,46.5,46.5,47.0,47.0,47.0,47.0,47.0,46.5,46.5,46.0,46.0,46.5,46.5,47.0,47.5,47.5,47.5,47.5,47.5,47.5,47.5,47.5,47.5,47.5,47.0,47.0,47.0,46.5,45.5,45.0,44.0,43.0,41.5,40.5,39.0,37.5,36.5,35.0,33.5,32.5,31.5,31.0,31.0,31.0,32.0,33.0,35.0,38.0,41.5,45.5,50.5,56.5,63.5,71.0,78.5,85.5,92.5,99.0,106.0,112.0,118.5,124.0,128.5,132.0,133.5,134.5,135.0,134.5,133.5,131.5,129.0,125.5,121.5,117.0,112.5,107.5,103.0,98.0,92.5,87.5,82.5,78.0,73.5,69.0,65.5,62.0,59.0,56.5,54.5,53.5,53.0,52.5,53.0,53.5,54.0,54.5,55.0,55.0,55.0,54.5,54.5,53.5,53.0,52.0,50.5,49.5,48.0,47.0,0.0,0.0
5.5,5.5,5.5,5.5,5.5,5.5,5.5,5.5,6.0,6.0,6.5,6.5,7.0,7.0,7.0,7.5,7.5,7.5,7.5,7.0,6.5,6.0,5.5,5.5,5.5,6.0,6.0,6.5,6.5,7.0,7.5,8.0,8.0,8.5,9.0,9.0,9.0,9.0,8.5,8.0,8.0,7.5,7.0,7.0,6.5,6.5,6.5,7.0,7.0,7.5,7.5,8.0,8.5,8.5,9.0,9.5,9.5,9.5,9.5,9.0,8.5,8.0,7.5,7.0,7.0,7.0,7.0,7.5,8.0,8.5,9.0,10.0,10.5,10.5,11.0,11.0,11.0,11.0,10.5,10.5,10.0,10.0,9.5,9.5,9.5,9.0,9.0,9.0,9.0,9.5,9.5,10.0,10.0,10.5,10.5,10.5,10.0,10.0,9.5,9.5,9.0,8.5,8.5,8.0,7.5,7.0,7.0,7.0,7.0,7.5,8.0,8.5,9.0,9.5,10.0,10.0,10.5,10.5,11.0,11.0,11.0,11.0,11.5,11.5,12.0,12.5,12.5,13.0,13.0,13.5,13.5,13.5,14.0,14.0,14.5,14.5,14.5,14.5,14.0,13.0,12.5,11.5,11.0,10.5,10.5,10.5,10.5,11.0,11.5,12.0,12.5,13.0,13.5,14.0,14.0,14.5,14.5,14.0,13.5,13.0,12.5,12.0,11.5,11.0,11.0,11.0,11.0,11.5,11.5,12.0,12.5,13.0,13.5,14.0,14.0,14.5,14.5,14.5,14.5,14.5,14.0,14.0,13.5,13.5,13.5,13.5,14.0,14.5,15.0,15.5,16.0,16.0,16.5,16.5,16.5,16.0,16.0,16.0,15.5,15.5,15.0,14.5,14.0,13.0,12.0,11.0,9.5,8.0,6.5,5.0,3.0,1.5,0.0,-1.5,-2.5,-3.5,-4.0,-4.0,-4.0,-3.0,-1.5,0.5,4.0,8.0,12.5,18.5,25.0,32.5,40.0,47.5,54.5,61.0,67.5,73.5,80.0,85.5,90.5,94.5,97.0,99.0,100.0,100.5,100.5,99.5,97.5,94.5,91.0,86.5,82.0,77.0,72.0,67.0,62.0,57.0,52.5,48.0,44.0,40.0,36.5,33.0,30.0,27.5,25.5,24.5,23.5,23.5,23.5,23.5,23.5,24.0,24.0,24.0,24.5,24.5,24.5,24.5,24.5,24.0,24.0,23.5,23.0,22.5,21.5,21.0,20.5,20.5,20.5,20.5,20.5,21.0,22.0,22.5,23.0,23.0,23.0,23.0,23.0,22.5,22.0,21.0,20.5,19.5,19.0,18.5,17.5,17.0,17.0,17.0,17.5,18.5,20.0,21.5,23.0,24.0,25.0,26.0,26.5,27.0,27.0,27.0,0.0,0.0
136.0,131.0,125.5,120.0,115.0,109.5,104.5,100.0,96.5,93.0,90.0,87.0,84.5,82.0,79.5,78.0,76.5,75.5,75.0,74.5,74.5,74.0,73.5,72.5,71.5,70.5,69.0,68.0,67.0,66.0,65.0,64.0,63.5,63.5,63.5,63.5,63.5,64.0,64.0,64.5,64.5,64.5,64.5,64.5,64.5,64.5,64.0,63.5,62.5,62.0,61.5,61.5,61.0,61.0,61.5,61.5,61.0,61.0,61.0,60.5,60.5,61.0,61.5,61.5,62.0,61.5,61.5,61.0,61.0,60.5,60.5,60.5,60.0,60.0,60.0,60.0,60.0,60.5,61.0,61.5,61.5,62.0,62.0,61.5,61.5,61.0,60.5,60.0,59.5,59.0,59.0,58.5,58.5,58.5,59.0,59.5,59.5,60.0,60.5,60.5,61.0,61.0,60.5,60.5,60.5,60.0,59.5,59.0,58.5,58.0,57.5,57.5,57.0,57.0,57.0,57.0,57.0,57.5,57.5,57.5,58.0,58.0,58.5,58.5,59.0,59.0,58.5,58.5,58.0,57.5,57.5,57.0,57.0,57.0,57.0,57.5,57.5,58.0,58.0,58.5,58.5,59.0,59.0,59.5,59.0,59.0,58.5,58.5,58.0,58.0,58.0,58.0,58.0,58.0,57.5,57.5,58.0,58.0,58.5,59.0,59.0,59.5,59.5,59.5,59.5,59.0,58.5,58.0,57.5,56.5,56.0,56.0,56.0,56.0,56.0,56.5,57.0,57.5,58.0,58.5,58.5,58.5,58.5,58.5,58.5,58.5,58.5,58.0,57.5,56.5,56.0,55.5,55.5,55.5,56.0,56.5,57.0,58.0,58.5,59.0,59.5,59.5,59.5,59.5,59.5,59.0,59.0,58.5,58.5,58.0,57.5,57.0,56.5,56.5,56.5,56.5,57.0,57.5,58.5,59.0,60.0,60.5,61.0,61.0,61.0,61.0,60.0,59.5,58.5,58.0,57.5,57.0,56.5,56.0,56.0,56.0,56.0,56.5,56.5,57.0,57.0,56.5,56.5,56.0,56.0,55.5,55.5,55.0,54.5,54.0,53.5,53.5,53.0,53.5,54.0,54.5,55.5,56.0,56.5,57.0,57.0,57.5,58.0,58.0,57.5,57.5,56.5,56.0,55.5,55.5,55.0,55.0,54.5,54.5,54.5,54.5,55.0,55.0,55.5,56.0,56.0,56.0,56.0,56.0,56.0,56.0,55.5,55.5,55.0,55.0,55.0,55.0,55.0,55.0,55.0,55.0,55.5,56.0,56.0,56.0,56.5,56.5,56.5,56.5,56.5,56.0,56.0,55.5,55.5,55.0,55.0,55.0,54.5,54.5,54.0,54.5,54.5,55.0,55.5,55.5,0.0,0.0
26.5,26.5,27.0,27.0,27.0,26.5,26.5,26.0,26.0,26.0,25.5,25.5,25.5,25.5,26.0,26.5,26.5,26.5,27.0,27.0,27.0,26.5,26.5,26.0,25.5,25.0,24.5,24.0,24.0,24.0,24.5,25.0,26.0,26.5,28.0,29.0,30.0,30.5,31.0,31.5,32.0,32.5,33.0,33.0,32.5,32.0,31.0,30.0,29.0,28.5,28.0,27.5,27.0,27.0,27.5,28.0,28.5,29.0,29.5,30.0,30.5,30.5,31.0,31.0,31.0,30.5,30.5,30.0,29.5,29.0,28.5,28.0,28.0,28.0,28.0,28.5,29.0,29.5,29.5,30.0,30.0,30.0,30.0,29.5,29.0,28.5,28.0,27.5,27.0,26.5,26.5,27.0,27.0,27.5,28.0,28.0,28.0,28.5,28.5,28.5,28.5,28.5,29.0,29.5,29.5,29.5,29.5,29.0,28.5,28.0,28.0,27.5,27.5,27.0,27.0,27.0,27.5,27.5,28.0,28.0,28.0,27.5,27.0,26.5,26.0,26.0,25.5,25.0,24.5,24.5,24.0,24.0,24.0,24.0,24.5,25.0,26.0,26.5,27.5,28.0,28.0,28.5,28.5,28.5,28.5,29.0,29.0,29.0,29.0,29.0,29.0,28.5,28.5,28.5,28.5,29.0,29.0,29.5,29.5,30.0,30.0,30.0,30.0,30.0,29.5,29.0,28.5,28.0,28.0,28.0,28.0,28.0,28.0,28.0,28.5,29.0,29.5,30.0,30.5,31.0,31.0,31.0,31.0,31.0,30.5,30.0,29.5,29.0,28.0,27.5,27.0,26.5,26.5,26.5,26.5,26.5,27.0,27.0,27.5,28.0,28.5,29.0,29.0,29.5,29.5,29.0,28.5,28.0,27.0,26.0,25.5,24.5,24.5,24.0,24.0,24.5,25.0,25.5,26.0,26.5,26.0,25.0,23.5,21.5,19.0,15.5,12.5,9.5,7.0,5.5,4.0,3.0,2.5,2.5,2.5,3.5,5.0,7.5,11.0,15.0,20.0,25.5,31.0,38.0,45.0,52.0,59.0,65.0,71.0,76.5,81.5,86.5,90.5,94.0,97.0,99.0,100.0,101.0,101.0,101.0,100.0,98.5,96.5,93.5,89.5,85.0,80.0,75.0,69.5,64.0,59.0,54.0,49.5,45.0,41.5,38.5,35.5,33.0,31.0,29.0,28.0,27.0,26.5,26.0,25.5,25.0,24.5,24.0,23.0,23.0,22.5,22.5,22.5,22.0,22.0,21.5,22.0,22.0,22.0,22.0,22.0,22.0,22.0,22.0,21.5,21.5,21.0,20.5,20.0,19.5,19.0,18.5,18.5,18.5,18.5,19.0,19.0,19.5,19.5,20.0,0.0,0.0
49.0,49.5,49.5,49.5,49.5,50.0,50.0,50.0,49.5,49.5,49.5,49.0,49.0,48.5,48.0,47.5,47.5,47.0,47.0,47.0,47.0,47.0,47.0,47.0,47.5,47.5,48.0,48.0,47.5,47.5,47.0,46.5,46.0,45.5,45.5,45.5,45.0,45.0,45.5,45.5,46.0,46.0,46.5,47.0,47.5,48.0,48.0,48.0,48.0,48.0,48.0,47.5,47.5,47.5,47.0,47.0,47.0,47.0,47.0,47.5,47.5,48.0,48.5,49.0,49.0,49.0,49.0,49.0,48.5,48.5,48.0,47.5,47.5,47.0,47.0,47.0,47.5,47.0,47.5,47.5,47.5,48.0,48.5,49.0,49.0,49.5,49.5,49.5,49.0,48.5,48.0,47.5,47.0,47.0,47.0,46.5,46.5,46.5,46.5,47.0,47.5,47.5,48.0,48.5,48.5,49.0,49.0,49.0,49.0,49.0,49.0,49.0,48.5,48.5,48.0,48.0,47.5,47.5,48.0,48.0,48.5,49.0,50.0,50.5,51.0,51.5,51.5,51.5,51.5,51.0,50.5,50.0,50.0,50.0,49.5,49.5,49.5,49.5,50.0,50.0,50.5,50.5,51.0,51.5,52.0,52.0,52.0,52.0,52.0,52.0,52.0,52.0,52.0,52.0,52.0,52.0,52.0,52.0,52.0,52.5,52.5,53.0,53.0,53.5,53.5,54.0,54.0,54.0,54.0,54.0,53.5,53.0,52.5,52.0,51.5,51.5,51.5,51.5,52.0,52.5,53.0,53.5,54.0,54.5,54.5,55.0,55.0,55.0,55.0,54.5,54.5,54.5,54.5,54.5,54.0,54.0,54.0,54.5,55.0,55.5,56.0,56.5,56.5,57.0,57.0,57.0,57.0,57.0,57.0,57.0,57.0,56.5,56.5,56.0,55.5,55.5,55.0,55.5,55.5,56.0,56.0,56.0,56.0,56.5,56.5,56.5,56.5,57.0,57.0,56.5,56.5,56.5,56.0,56.0,55.5,55.5,55.5,55.5,56.0,56.5,57.0,58.0,58.5,59.0,59.0,59.5,59.5,59.5,59.5,59.5,59.5,59.5,59.0,58.5,58.0,57.5,57.5,57.0,57.0,57.5,57.5,58.0,59.0,59.5,59.5,60.0,59.5,59.5,59.0,59.0,58.5,58.0,57.5,57.5,57.0,57.0,57.0,57.0,57.0,57.5,58.0,58.0,58.5,58.5,58.5,58.5,58.0,58.0,57.5,57.5,57.0,56.5,56.0,55.5,55.5,55.0,55.0,55.0,55.5,55.5,56.0,56.0,56.0,56.0,55.5,55.5,55.5,55.0,55.0,54.5,54.5,54.5,54.5,54.5,55.0,55.5,56.0,56.5,57.0,58.0,0.0,0.0
63.5,63.0,62.5,62.5,62.0,62.0,62.5,62.5,63.0,63.5,64.0,64.5,64.5,65.0,65.0,65.0,65.0,65.0,65.0,65.0,64.5,64.5,64.0,64.0,63.5,63.5,63.5,63.5,64.0,64.0,64.0,64.0,64.0,64.0,63.5,63.5,63.5,63.5,63.5,63.0,63.0,62.5,62.0,61.5,61.5,61.5,61.5,62.0,62.0,62.5,62.5,62.5,62.5,63.0,63.0,63.0,63.0,62.5,62.5,62.0,61.5,61.5,61.5,61.0,61.0,61.5,62.0,62.0,62.5,62.5,63.0,63.0,63.5,63.5,63.5,63.0,62.5,62.0,62.0,61.5,61.0,61.0,60.5,60.5,60.0,60.0,60.0,60.0,60.5,60.5,61.0,61.0,61.0,61.5,61.5,61.5,61.5,61.5,62.0,62.0,61.5,61.5,61.0,60.5,60.5,60.0,60.5,60.5,61.0,61.0,61.5,61.5,61.5,61.5,61.5,61.5,61.5,61.5,61.0,61.0,60.5,60.5,60.5,60.5,60.5,60.5,61.0,61.0,61.5,62.0,62.0,62.0,62.5,62.5,62.5,62.5,62.5,62.0,61.5,61.0,61.0,61.0,60.5,60.5,60.5,61.0,61.0,61.5,61.5,62.0,62.0,62.5,62.5,62.5,62.5,62.0,62.0,61.5,61.5,61.0,61.0,61.0,61.0,60.5,60.5,60.5,60.5,61.0,61.0,61.5,61.5,61.5,61.5,61.5,61.5,61.5,61.0,61.0,61.0,60.5,60.5,60.0,60.0,60.0,60.0,60.0,60.0,60.5,61.0,61.5,62.0,62.0,62.5,62.0,62.0,62.0,61.5,61.0,60.5,60.0,59.5,59.5,59.5,59.5,59.5,60.0,60.0,60.5,61.0,61.0,61.5,61.5,62.0,61.5,61.5,61.0,60.5,59.5,59.0,58.5,58.5,58.0,57.5,57.5,57.0,57.0,57.5,58.0,58.5,58.5,59.0,59.5,60.0,60.5,60.5,60.5,60.5,60.0,59.5,59.0,58.5,58.0,58.0,58.0,58.0,58.5,59.0,59.5,60.0,60.0,60.5,60.5,60.5,60.5,60.0,59.5,59.0,58.5,58.0,57.5,57.0,57.0,56.5,56.0,56.0,56.0,56.0,56.0,56.5,56.5,56.5,56.5,56.5,57.0,57.0,57.5,57.5,57.0,57.0,56.5,56.5,56.5,56.0,55.5,55.5,55.0,55.0,55.5,56.0,56.5,56.5,57.0,57.5,57.5,58.0,58.5,59.0,59.0,59.5,59.5,59.5,59.5,59.5,59.0,59.0,58.5,58.5,58.5,58.5,59.0,59.0,59.0,59.0,59.0,59.0,58.5,58.0,58.0,57.5,57.5,0.0,0.0
70.0,70.0,69.5,69.5,69.5,69.5,69.0,69.0,69.5,69.5,69.5,69.5,70.0,70.0,70.0,70.0,70.0,69.5,69.5,69.0,68.5,68.0,67.5,67.5,67.5,67.5,67.5,67.5,68.0,68.5,69.0,69.5,70.0,70.5,70.5,70.5,70.5,70.0,70.0,69.5,69.0,68.5,68.5,68.5,68.5,68.0,68.5,68.5,68.5,69.0,69.0,69.0,69.5,69.5,69.5,69.5,69.5,69.5,69.0,68.5,68.5,68.5,68.0,68.0,67.5,67.5,67.5,68.0,68.0,68.5,69.0,69.5,69.5,69.5,69.5,69.5,70.0,70.0,70.0,69.5,69.5,69.0,69.0,68.5,68.0,67.5,67.5,67.5,67.5,68.0,68.0,68.5,69.0,69.5,69.5,69.5,69.5,69.5,69.5,69.0,68.5,68.0,67.5,67.0,66.5,66.0,66.0,66.0,66.0,66.0,66.5,66.5,67.0,67.5,67.5,67.5,67.5,67.0,67.0,66.5,66.5,66.0,66.0,65.5,66.0,66.0,66.5,67.0,67.0,67.5,68.0,68.0,68.5,68.5,68.5,69.0,69.0,69.0,68.5,68.5,68.5,68.5,68.5,68.5,68.5,69.0,69.0,69.5,69.5,70.0,70.5,70.5,71.0,71.0,71.0,71.0,71.0,71.0,71.0,71.0,70.5,70.5,70.0,70.0,69.5,69.5,69.5,70.0,70.0,70.5,71.0,71.5,72.0,72.0,72.5,72.5,72.5,72.5,72.5,72.0,72.0,71.5,71.0,70.5,70.0,70.0,69.5,69.5,69.5,69.5,70.0,70.5,71.0,71.0,71.5,71.5,71.0,70.5,70.5,70.0,69.5,69.0,69.0,68.5,68.5,68.5,68.5,68.5,68.5,69.0,69.0,69.5,69.5,70.0,70.0,70.0,70.0,70.0,70.0,70.0,69.5,69.0,68.5,68.0,67.5,67.5,67.5,68.0,68.0,68.5,69.0,69.0,69.0,69.0,69.5,69.5,69.5,69.5,69.0,69.0,68.5,68.0,68.0,67.5,67.0,66.5,66.5,66.0,66.0,66.5,66.5,66.5,66.5,67.0,67.0,67.0,66.5,66.5,66.0,65.0,64.5,63.5,63.0,62.5,62.0,61.5,61.5,61.5,61.0,61.0,61.0,61.0,61.0,61.0,61.5,61.5,62.0,62.0,62.5,62.5,62.5,63.0,63.0,63.5,63.5,64.0,64.0,64.5,65.0,65.5,66.0,67.0,67.0,67.5,68.0,68.0,68.0,68.0,68.0,68.0,67.5,67.5,67.0,66.5,66.0,65.5,65.5,65.0,65.0,65.5,65.5,66.0,66.5,67.0,67.5,67.5,67.5,67.5,67.5,67.0,0.0,0.0
28.0,28.0,28.0,28.5,28.5,29.0,29.5,30.0,30.0,30.5,30.5,30.5,30.0,29.5,29.0,28.0,27.5,27.0,26.5,26.5,26.5,26.5,27.0,27.5,28.5,29.0,29.5,29.5,29.5,29.5,29.0,28.5,28.0,27.0,26.0,25.0,24.0,23.5,23.0,23.0,23.5,24.0,25.5,27.0,28.5,30.0,31.5,33.0,33.5,34.0,34.5,34.5,34.0,33.5,33.0,32.0,31.0,30.0,29.0,28.5,28.5,28.0,28.0,28.5,28.5,28.5,29.0,29.0,29.0,29.0,29.0,29.5,29.5,29.5,29.5,29.0,29.0,28.5,28.0,27.5,27.5,27.0,27.5,27.5,27.5,28.0,28.0,28.0,28.0,28.0,28.0,27.5,27.0,26.5,26.0,25.5,25.5,25.0,25.0,24.5,24.5,25.0,25.0,25.5,26.0,26.5,27.0,27.0,27.5,27.5,28.0,28.5,29.0,29.5,29.5,30.0,30.0,29.5,29.5,29.0,29.0,28.5,29.0,29.0,29.5,29.5,30.0,30.0,30.0,30.0,30.0,29.5,29.5,29.0,28.5,28.0,27.5,27.0,27.0,26.5,26.0,26.0,25.5,26.0,26.0,26.5,27.0,27.0,27.5,27.5,27.5,27.5,27.5,27.0,27.0,26.5,26.0,25.5,25.5,25.0,25.0,25.5,25.5,26.0,26.0,26.0,26.5,26.5,26.5,26.5,26.5,26.5,26.0,25.5,25.5,25.0,24.5,24.5,24.0,23.5,23.5,23.5,23.5,24.0,24.5,25.0,25.5,25.5,25.5,24.5,23.5,22.0,20.0,18.0,15.5,13.0,10.5,8.5,7.0,5.5,5.0,4.5,5.0,5.5,6.5,8.5,10.5,13.5,17.5,22.5,28.0,34.0,40.5,47.5,54.5,61.0,67.5,73.5,79.5,86.0,92.0,98.0,102.5,106.5,109.0,110.5,111.5,111.5,111.5,110.0,107.5,104.0,99.5,94.0,88.5,83.0,77.5,72.0,66.0,60.5,55.5,51.0,47.0,43.5,40.5,38.0,35.5,33.5,32.0,31.0,30.0,29.5,29.0,28.0,27.5,27.0,26.5,26.5,26.0,25.5,25.5,25.0,25.0,25.0,25.0,25.0,25.0,25.0,25.0,25.0,25.0,25.0,25.0,24.5,24.0,23.5,23.0,22.5,22.0,22.0,22.0,22.0,22.0,22.5,23.0,23.5,24.0,24.5,24.5,25.0,24.5,24.5,24.5,24.5,24.0,24.0,23.5,23.5,23.0,23.0,22.5,22.5,22.5,22.5,22.5,22.5,22.5,23.0,23.0,23.0,23.0,23.0,22.5,22.5,22.0,22.0,21.5,21.0,21.0,20.5,0.0,0.0
10.5,10.5,11.0,11.0,11.0,11.0,11.0,10.5,10.5,10.0,9.5,9.0,8.5,8.5,8.5,8.5,8.5,8.5,9.0,9.5,9.5,10.0,10.5,10.5,10.0,9.5,9.0,9.0,8.5,8.0,8.0,7.5,7.5,7.5,7.5,7.5,7.5,7.5,7.5,7.5,7.5,7.5,8.0,8.0,8.0,7.5,7.0,6.5,5.5,4.5,3.0,1.0,-1.0,-3.0,-5.0,-6.5,-8.5,-10.0,-11.0,-11.5,-12.0,-12.5,-12.5,-12.5,-12.0,-11.0,-9.0,-6.5,-3.0,1.0,6.0,11.5,17.5,24.0,30.5,37.5,43.5,50.0,55.5,61.5,66.5,71.5,75.0,78.0,79.0,80.0,80.0,79.5,79.0,77.5,76.0,73.0,69.5,65.0,60.5,55.5,51.0,46.0,41.5,37.0,33.0,29.0,25.5,22.0,18.5,15.0,12.0,9.5,7.5,6.0,5.0,4.0,3.5,3.5,3.5,4.0,4.0,4.0,4.5,4.5,4.0,4.0,3.5,3.0,2.5,2.0,1.5,1.0,1.0,0.5,0.0,0.0,0.0,0.0,0.0,0.5,1.0,2.0,2.5,2.5,2.5,2.5,2.5,2.0,1.5,1.0,0.5,0.0,-0.5,-0.5,-1.0,-1.0,-0.5,-0.5,-0.5,-0.5,-0.5,0.0,0.0,-0.5,-0.5,-0.5,-0.5,-1.0,-1.5,-2.0,-2.5,-3.5,-4.0,-4.0,-4.5,-4.5,-4.5,-4.5,-4.5,-4.0,-3.5,-3.0,-2.5,-2.0,-1.5,-1.0,-0.5,-0.5,-0.5,-1.0,-1.5,-2.5,-3.0,-3.0,-3.0,-3.0,-3.0,-3.0,-3.0,-3.0,-2.5,-2.5,-2.0,-1.5,-1.5,-1.5,-1.5,-1.5,-2.0,-2.0,-2.5,-3.0,-3.5,-4.0,-4.0,-4.5,-4.5,-4.5,-4.5,-4.5,-4.0,-4.0,-3.5,-3.0,-3.0,-2.5,-2.5,-2.5,-2.5,-3.0,-3.5,-3.5,-4.0,-4.5,-4.5,-5.0,-5.0,-5.0,-5.0,-4.5,-4.5,-4.0,-4.0,-3.5,-3.0,-3.0,-2.5,-2.5,-3.0,-3.0,-3.5,-4.0,-4.5,-4.5,-5.0,-5.5,-6.0,-6.0,-6.0,-5.5,-5.0,-4.5,-4.0,-4.0,-3.5,-3.5,-3.5,-3.5,-4.0,-4.0,-4.5,-5.0,-5.5,-6.0,-6.0,-6.0,-6.0,-6.0,-6.0,-6.5,-6.5,-6.5,-6.5,-6.5,-6.0,-6.0,-6.0,-5.5,-5.5,-5.0,-5.0,-5.5,-5.5,-6.0,-6.5,-6.5,-6.5,-6.5,-6.0,-5.5,-5.0,-4.5,-4.0,-3.5,-3.5,-3.5,-3.5,-3.5,-4.0,-4.0,-4.5,-5.0,-5.0,-5.5,-5.5,-5.5,-5.5,-5.5,-5.5,-5.5,-5.0,-4.5,-4.5,-4.0,0.0,0.0
44.0,43.5,43.0,43.0,42.5,42.0,41.5,41.0,41.0,41.0,41.0,41.0,41.5,42.0,42.5,42.5,43.0,43.0,43.0,42.5,42.5,42.0,42.0,42.0,42.0,41.5,41.5,41.0,41.0,41.0,40.5,40.5,40.5,40.5,40.5,41.0,41.5,42.0,42.0,42.5,42.5,43.0,43.0,43.5,43.0,43.0,42.5,42.0,42.0,41.5,41.0,41.0,40.5,40.5,40.5,40.5,40.5,40.5,40.5,40.5,40.0,40.0,40.0,39.5,39.0,39.0,38.5,38.0,38.0,37.5,37.5,37.5,37.5,38.0,38.5,39.0,39.5,40.0,40.5,40.5,40.5,40.5,40.5,40.0,40.0,40.0,39.5,39.0,38.5,38.0,37.5,37.5,37.0,37.5,37.5,37.5,37.5,37.5,38.0,38.0,38.0,38.0,38.0,38.0,38.0,37.5,37.5,37.5,37.5,37.5,37.5,37.5,38.0,38.5,39.0,39.5,40.0,40.5,40.5,40.5,40.5,40.5,40.0,40.0,39.5,39.0,38.5,38.0,38.0,38.0,38.0,38.5,39.0,40.0,40.0,40.5,40.5,41.0,41.0,41.0,41.0,41.0,41.0,40.5,40.0,39.0,38.5,38.5,38.0,38.0,38.0,38.0,38.5,39.0,39.5,40.0,40.5,41.0,41.0,41.0,41.0,41.0,40.5,40.5,40.0,39.5,39.5,39.0,39.0,39.0,39.0,39.0,39.5,39.5,40.0,40.0,40.0,40.5,40.5,40.5,40.0,40.0,40.0,40.0,39.5,39.5,39.0,39.0,38.5,38.5,38.5,38.5,38.5,39.0,39.5,40.0,40.5,40.5,41.0,40.5,40.0,39.5,39.5,39.0,39.0,38.5,38.0,38.0,37.5,37.5,37.5,37.5,38.0,38.0,38.0,38.0,38.0,37.5,37.0,37.0,36.5,36.0,36.0,35.0,34.5,34.0,33.0,32.0,31.5,31.0,31.0,31.0,31.0,31.0,31.5,32.0,32.5,32.5,33.0,33.5,33.5,33.5,34.0,34.0,34.0,34.0,33.5,34.0,34.0,34.5,34.5,35.0,36.0,36.5,37.5,38.0,38.5,38.5,38.5,38.5,38.5,38.0,37.5,37.0,36.5,36.0,35.5,35.0,34.5,34.5,34.5,34.5,35.0,35.5,36.0,36.5,36.5,37.0,37.0,37.0,37.0,36.5,36.5,36.0,36.0,35.5,35.5,35.0,35.0,35.0,35.0,35.0,35.5,36.0,36.5,36.5,37.0,37.5,37.5,37.5,38.0,37.5,37.5,37.5,37.0,37.0,36.5,36.0,35.5,35.0,34.5,34.5,34.5,35.0,35.0,35.5,35.5,36.0,36.0,36.0,0.0,0.0
101.0,100.5,100.0,99.5,99.0,99.0,98.5,99.0,99.0,99.0,99.5,100.0,100.0,100.0,100.0,100.0,99.5,99.0,98.5,98.0,97.5,97.0,97.0,97.0,97.0,97.0,97.0,97.0,97.0,97.5,98.0,98.0,98.0,98.5,99.0,99.0,99.0,99.0,98.5,98.0,97.5,97.0,96.5,96.5,96.5,97.0,97.0,97.0,97.5,98.0,98.0,98.5,98.5,99.0,99.0,98.5,98.5,98.0,97.5,97.0,96.5,96.5,96.0,96.5,96.5,97.0,97.0,97.5,97.5,98.0,98.0,98.5,98.5,98.5,98.5,98.5,98.0,98.0,97.5,97.5,97.0,97.0,96.5,96.5,96.5,96.5,96.5,96.5,97.0,97.5,97.5,98.0,98.5,98.5,99.0,99.0,99.0,99.0,98.5,98.0,98.0,97.5,97.5,97.5,97.0,97.0,97.0,97.5,98.0,98.0,98.5,99.0,99.0,99.0,99.0,99.0,99.0,99.0,99.0,98.5,98.5,98.0,98.0,97.5,97.5,97.5,97.5,97.5,97.5,98.0,98.0,98.5,99.0,99.0,99.5,99.0,99.0,98.5,98.5,98.0,98.0,97.5,97.5,97.5,97.5,97.0,97.0,97.0,97.5,97.5,98.0,98.5,98.5,99.0,99.0,99.0,98.5,98.5,98.5,98.0,97.5,97.5,97.0,97.0,96.5,97.0,97.0,97.5,97.5,98.0,98.0,98.5,99.0,99.0,99.5,99.5,99.0,99.0,98.5,98.5,98.0,98.0,97.5,97.5,97.5,97.5,97.5,98.0,98.0,98.5,98.5,99.0,99.0,99.5,99.5,99.5,99.5,99.0,99.0,98.5,98.0,97.5,97.5,97.0,97.0,97.0,97.5,97.5,98.0,98.5,99.0,99.0,99.5,99.5,100.0,100.5,100.5,100.5,100.5,100.5,100.0,99.5,99.5,99.0,98.5,98.5,98.5,99.0,99.5,99.5,99.5,100.0,100.0,100.0,100.5,100.5,100.5,100.5,100.0,100.0,99.5,99.5,99.5,99.5,100.0,100.0,100.5,100.5,100.5,100.5,101.0,101.0,101.0,101.0,101.0,100.5,99.5,98.5,97.5,96.0,95.0,94.0,93.5,93.0,93.5,94.0,95.5,97.0,98.5,99.5,101.0,102.0,102.5,103.0,103.5,103.5,103.0,103.0,102.5,102.0,101.0,100.5,99.5,99.0,98.0,98.0,97.5,98.0,98.0,98.0,98.5,98.5,98.5,99.0,99.0,99.0,99.0,98.5,98.0,97.5,97.0,96.5,96.5,96.0,96.0,96.0,96.0,96.5,96.5,97.0,97.5,98.0,98.0,98.0,98.0,97.5,97.5,97.5,97.0,96.5,0.0,0.0
45.0,44.5,43.5,43.0,43.0,43.0,43.5,44.5,44.5,45.0,45.5,45.5,46.0,46.0,46.0,46.0,45.5,44.5,43.5,42.5,41.5,41.0,40.0,39.5,38.5,38.5,38.5,38.5,39.5,41.0,42.5,44.0,45.5,47.0,48.0,49.0,49.5,50.0,49.5,49.5,48.5,48.0,47.0,46.5,46.0,45.5,45.5,45.5,46.0,46.0,46.0,46.0,46.0,46.0,46.0,46.0,46.0,46.0,45.5,45.0,44.5,44.0,44.0,43.5,43.5,43.5,43.5,44.0,44.5,45.0,45.5,45.5,46.0,46.5,46.5,47.0,47.0,46.5,46.5,46.0,46.0,46.0,45.5,45.5,45.0,45.0,45.0,45.0,45.0,45.0,45.5,45.5,46.0,46.5,46.5,46.5,46.5,46.5,46.0,46.0,46.0,45.5,45.5,45.5,45.5,45.5,46.0,46.5,47.0,47.0,47.5,47.5,47.5,48.0,48.0,48.0,47.5,47.5,47.0,46.5,46.5,46.5,46.5,46.5,46.5,46.0,46.0,46.0,46.5,46.5,47.0,47.0,47.0,47.5,47.5,47.5,47.5,47.5,47.0,46.5,46.0,45.5,45.5,45.5,45.5,46.0,46.5,47.0,47.0,47.5,47.5,48.0,48.5,48.5,48.5,49.0,48.5,48.5,48.5,48.0,47.5,47.0,46.5,46.5,46.0,46.5,47.0,47.5,48.0,48.5,49.0,49.0,49.0,49.0,49.5,49.5,49.5,49.5,49.0,48.5,48.5,48.0,48.0,47.5,47.5,47.5,48.0,48.0,48.5,49.0,49.0,49.5,49.5,49.5,50.0,50.0,50.0,50.0,50.0,50.0,50.0,50.0,49.5,49.5,49.5,49.5,50.0,50.0,50.5,51.0,51.5,51.5,51.5,51.5,51.5,51.5,51.0,51.0,50.5,50.0,49.5,49.0,48.5,48.0,48.0,48.0,48.0,48.5,48.5,49.0,49.0,49.5,49.5,49.5,49.5,49.0,49.0,49.0,48.5,48.0,47.5,47.0,46.5,45.5,45.5,45.0,45.5,45.5,45.5,46.0,46.5,47.0,47.0,47.5,47.5,47.5,47.0,46.5,46.0,45.5,45.0,44.5,44.0,44.0,44.0,44.5,45.0,45.5,46.5,47.0,47.5,48.0,48.5,49.0,49.5,50.0,50.0,50.0,50.0,49.5,49.0,49.0,48.5,48.0,48.0,48.0,48.0,48.5,49.0,49.5,50.5,51.0,51.0,51.5,51.0,51.0,50.5,50.5,50.0,49.5,49.0,49.0,48.5,48.5,49.0,49.0,49.0,49.5,49.5,50.0,50.5,50.5,50.5,51.0,51.0,51.0,51.0,51.0,50.5,50.0,0.0,0.0
-6.5,-7.0,-7.5,-8.0,-8.0,-8.5,-8.5,-8.5,-8.5,-8.0,-7.5,-7.0,-6.5,-5.5,-5.0,-4.5,-4.0,-3.5,-3.5,-3.5,-3.5,-4.0,-4.5,-5.0,-6.0,-6.5,-7.0,-7.0,-7.0,-7.0,-7.0,-7.0,-6.5,-6.5,-6.0,-6.0,-6.0,-5.5,-6.0,-6.0,-6.5,-7.0,-7.0,-7.5,-8.0,-8.0,-8.5,-8.5,-8.0,-7.5,-7.0,-6.0,-5.5,-4.5,-4.0,-4.0,-4.0,-4.0,-4.0,-4.5,-4.5,-5.0,-5.5,-6.0,-6.5,-6.5,-7.0,-7.0,-7.0,-7.0,-7.0,-6.5,-6.5,-6.0,-5.5,-5.5,-5.0,-5.0,-5.5,-5.5,-6.0,-6.0,-6.5,-6.5,-6.5,-7.0,-7.0,-7.0,-7.0,-6.5,-6.0,-5.0,-4.0,-3.5,-3.0,-3.0,-3.0,-3.0,-3.0,-3.0,-3.5,-3.5,-4.0,-4.0,-4.5,-4.5,-4.5,-4.5,-4.5,-4.5,-4.5,-4.0,-4.0,-3.5,-3.0,-3.0,-3.0,-3.0,-3.0,-3.5,-3.5,-4.0,-4.5,-4.5,-4.5,-5.0,-5.0,-5.5,-5.5,-5.0,-5.0,-4.5,-4.5,-4.0,-4.0,-3.5,-3.5,-3.5,-3.5,-3.5,-4.0,-4.5,-5.0,-5.5,-6.0,-6.5,-7.0,-7.0,-7.0,-6.5,-6.5,-6.0,-5.5,-5.0,-5.0,-4.5,-4.5,-4.5,-4.5,-4.5,-4.5,-4.5,-4.5,-5.0,-5.0,-5.0,-4.5,-4.0,-3.0,-2.5,-1.5,-1.0,-0.5,0.0,0.5,1.0,1.5,1.5,2.0,1.5,1.5,1.0,0.5,0.0,-0.5,-0.5,-1.0,-1.0,-1.5,-1.5,-1.5,-1.5,-1.0,-0.5,0.5,1.0,1.0,1.0,1.0,1.0,0.5,0.0,-0.5,-1.0,-1.0,-1.5,-1.5,-1.5,-1.0,-1.0,-1.0,-1.0,-0.5,0.0,0.5,1.0,1.0,1.5,1.5,1.0,1.0,0.5,0.5,0.5,0.5,0.5,0.5,0.5,0.5,1.0,1.0,1.5,2.0,2.5,3.0,3.5,3.5,3.5,3.5,3.0,2.5,2.0,1.0,0.5,-1.0,-2.5,-4.0,-6.0,-8.5,-11.5,-14.0,-16.0,-18.0,-19.0,-20.0,-20.0,-19.0,-17.5,-16.0,-14.0,-11.0,-8.0,-4.5,0.5,5.5,11.0,17.0,24.0,31.0,37.5,44.0,50.5,56.5,62.5,68.5,74.0,79.0,83.0,86.0,88.0,89.0,89.5,89.0,88.0,86.0,82.5,78.5,74.0,68.5,63.5,58.0,53.0,48.0,43.0,38.0,33.5,29.0,25.5,22.0,19.0,15.5,13.0,11.0,9.0,8.0,7.0,6.5,6.5,6.5,6.0,6.0,6.5,6.5,7.0,7.0,7.0,7.0,7.0,7.0,6.5,0.0,0.0
51.5,51.5,51.5,51.5,51.0,50.5,50.0,49.5,49.0,48.5,48.5,48.0,48.0,48.0,48.0,48.0,48.5,49.0,49.0,49.5,50.5,50.5,51.0,51.0,51.0,50.5,50.0,49.5,49.0,48.5,48.0,48.0,47.5,48.0,48.0,48.0,48.0,48.5,48.5,48.5,48.5,48.5,48.5,48.0,48.0,47.5,47.0,47.0,47.0,47.0,47.5,47.5,48.0,48.5,49.0,49.5,50.0,50.5,51.0,51.0,51.5,51.5,51.5,51.5,51.5,51.5,51.5,51.5,51.0,51.0,50.5,50.5,50.5,50.5,51.0,51.5,52.0,52.5,53.0,53.0,53.0,53.0,53.0,53.0,52.5,52.5,52.0,51.0,51.0,50.5,50.0,50.0,49.5,49.5,49.5,49.5,50.0,50.0,50.5,51.0,51.5,51.5,52.0,52.0,51.5,51.5,51.0,51.0,51.0,51.0,51.0,51.0,51.0,51.0,51.0,51.0,51.5,52.0,52.0,52.5,53.0,53.5,53.5,53.5,53.0,52.5,52.0,51.5,51.5,51.0,51.0,50.5,50.5,50.5,51.0,51.0,51.5,52.0,52.5,53.0,53.0,53.5,53.0,53.0,52.5,52.5,52.0,51.5,51.5,51.5,52.0,52.0,52.0,52.5,52.5,53.0,53.5,54.0,54.5,54.5,55.0,55.0,55.0,55.0,55.0,55.0,54.5,54.5,54.5,54.5,54.5,54.5,54.5,54.5,54.5,55.0,55.0,55.5,55.5,56.0,56.0,56.0,56.0,56.0,55.5,55.5,55.0,54.5,53.5,53.0,52.5,52.5,52.0,51.5,51.5,51.5,52.0,52.5,53.0,53.0,53.5,53.5,53.5,53.0,53.0,52.5,52.0,51.5,51.5,51.0,51.0,51.0,51.0,51.0,51.0,51.0,51.5,52.0,52.0,52.5,52.5,52.5,52.5,52.5,52.5,52.0,51.5,51.5,51.0,50.5,50.0,49.5,49.5,49.5,50.0,50.5,51.0,51.5,52.0,52.0,52.5,52.5,52.5,52.5,52.5,52.0,51.5,51.5,51.0,51.0,51.0,51.0,51.0,51.0,51.0,51.5,51.5,52.0,52.5,52.5,53.0,53.0,53.0,53.0,53.0,52.5,52.0,51.5,51.0,51.0,50.5,50.5,50.5,50.0,50.0,50.0,50.0,50.5,50.5,51.0,51.0,51.0,51.0,51.0,51.0,50.5,50.0,49.5,49.0,48.5,48.5,48.5,48.5,49.0,49.5,50.0,50.5,51.0,51.5,52.0,52.0,52.5,52.5,52.5,52.0,52.0,51.5,51.0,50.5,50.5,50.0,50.0,50.0,50.0,50.0,50.0,50.5,50.5,50.0,50.0,0.0,0.0
39.5,39.5,39.5,39.5,39.0,39.0,39.0,39.0,38.5,38.5,38.5,39.0,39.0,39.0,39.5,40.0,40.5,41.0,41.0,41.5,41.5,41.5,41.0,41.0,40.5,40.0,39.5,39.0,38.5,38.5,38.5,38.5,38.5,38.5,39.0,39.0,39.5,40.0,40.5,40.5,40.5,40.0,38.5,37.0,35.0,32.5,30.0,27.5,25.0,23.5,22.0,21.0,20.5,20.5,21.0,22.0,23.5,25.5,28.0,31.0,35.5,40.0,45.5,51.0,57.5,64.5,71.0,77.5,83.5,89.5,96.0,102.0,108.0,113.5,118.0,121.5,124.0,125.5,126.5,126.5,126.0,124.0,121.0,117.0,112.5,107.0,102.0,96.5,90.5,85.0,79.5,74.0,69.5,65.5,61.5,58.0,54.5,52.0,49.5,47.5,46.0,45.0,44.0,43.0,42.5,42.0,41.0,40.5,40.0,39.5,39.0,39.0,39.0,38.5,38.5,38.5,38.5,38.5,38.5,38.0,38.0,38.0,38.0,37.5,37.0,37.0,36.5,36.0,35.5,35.5,36.0,36.0,36.5,37.0,37.5,38.0,38.5,38.5,38.5,38.5,38.5,38.5,38.5,38.5,38.0,38.0,37.5,37.0,36.5,36.5,36.0,36.0,36.5,36.5,36.5,36.5,37.0,37.0,37.5,37.5,38.0,38.0,38.0,38.0,37.5,37.5,37.0,37.0,36.5,36.5,36.5,36.5,37.0,37.0,37.5,37.5,38.0,38.5,38.5,39.0,39.0,39.0,39.0,38.5,38.0,37.0,36.5,36.0,35.5,35.5,35.5,36.0,36.0,36.5,36.5,36.5,37.0,37.0,37.5,37.5,38.0,38.0,38.0,38.0,37.5,37.5,37.0,36.5,36.5,36.0,36.0,36.0,36.5,36.5,37.5,38.0,38.5,38.5,39.0,39.5,39.5,39.5,39.0,39.0,38.5,38.0,37.5,37.0,37.0,37.0,36.5,36.5,36.5,37.0,37.5,38.0,38.0,38.5,38.5,39.0,39.0,38.5,38.5,38.5,38.0,37.5,37.5,37.0,36.5,36.5,36.5,36.5,37.0,37.5,37.5,38.0,38.5,39.0,39.0,39.0,39.0,39.5,39.5,40.0,40.0,39.5,39.5,39.0,38.5,38.0,38.0,38.5,38.5,39.0,39.0,39.5,39.5,40.0,40.0,40.0,40.0,40.0,40.0,40.0,39.5,39.5,39.5,39.0,39.0,39.0,39.0,39.0,39.5,40.0,40.5,41.0,41.0,41.5,42.0,42.5,43.0,43.0,43.5,43.5,43.5,43.0,43.0,42.5,42.5,42.5,42.0,42.5,42.5,42.5,43.0,43.0,43.5,43.5,43.5,43.0,0.0,0.0
34.5,32.0,30.5,30.0,29.5,29.5,29.5,29.5,29.0,29.0,29.0,28.5,28.0,27.5,27.0,26.5,25.5,25.0,25.0,24.5,24.5,25.0,25.0,25.5,26.0,26.0,26.0,26.0,25.5,25.5,25.0,24.5,24.0,23.5,23.0,22.5,22.0,21.5,21.0,20.5,20.5,20.5,20.5,21.0,21.5,22.0,22.0,22.0,22.0,22.0,21.5,21.0,20.0,19.5,19.0,18.5,18.5,18.5,18.5,18.5,19.0,19.5,20.0,20.5,21.0,21.5,21.5,22.0,22.0,22.0,21.5,21.0,21.0,20.0,19.5,19.5,19.0,18.5,18.0,18.0,17.5,17.5,18.0,18.0,18.5,18.5,18.5,18.5,18.5,18.5,18.0,18.0,18.0,17.5,17.5,17.5,17.5,17.5,17.5,17.5,17.5,18.0,18.0,18.5,19.0,19.0,19.0,19.0,19.0,18.5,18.5,18.5,18.5,18.5,18.5,18.5,18.0,18.0,17.5,17.5,17.5,17.5,17.0,17.0,17.0,17.0,17.0,17.0,17.0,17.0,17.0,17.0,17.0,17.0,16.5,16.5,16.0,16.0,15.5,15.5,15.5,16.0,16.5,16.5,17.0,17.5,17.5,18.0,18.0,18.0,18.0,18.0,17.5,17.0,17.0,16.5,16.5,16.0,15.5,15.5,15.0,15.0,15.5,15.5,16.0,16.0,16.5,16.5,17.0,17.0,17.0,16.5,16.5,16.0,16.0,15.5,15.5,15.0,15.0,14.5,15.0,15.0,15.5,16.0,16.5,17.0,17.5,18.0,18.5,18.5,18.5,18.5,18.0,17.5,17.0,16.5,16.0,16.0,16.0,16.0,16.0,16.0,16.0,16.5,16.5,17.0,17.0,17.5,18.0,18.5,18.5,18.5,18.0,17.5,17.0,16.5,16.0,15.5,15.0,15.0,15.0,15.5,16.0,16.0,16.0,16.0,16.0,16.0,16.0,16.5,16.5,16.0,16.0,15.5,15.0,14.5,14.0,13.5,14.0,14.0,14.0,14.5,14.5,14.5,14.5,14.5,14.5,14.5,14.0,14.0,13.5,13.5,13.0,12.5,12.0,11.5,11.0,11.0,11.0,11.0,11.0,11.5,12.0,12.5,13.0,14.0,14.5,15.0,15.5,16.0,16.0,15.5,15.0,14.5,14.0,13.5,13.0,12.5,12.5,12.5,12.5,13.0,13.0,13.5,14.0,14.5,14.5,15.0,15.0,15.0,15.0,15.0,14.5,14.0,14.0,14.0,14.0,14.0,14.0,14.5,14.5,14.5,15.0,15.5,16.0,16.0,16.5,16.5,17.0,17.0,17.0,16.5,16.5,16.0,16.0,15.5,15.0,14.5,14.5,14.5,0.0,0.0
56.5,56.5,56.0,55.5,55.5,55.0,55.0,55.0,55.0,55.0,55.5,56.0,56.5,57.0,57.0,57.5,58.0,58.5,59.0,59.0,59.5,59.0,59.0,58.5,58.0,58.0,57.5,57.5,57.5,57.5,57.5,57.5,58.0,58.5,59.5,60.0,60.5,61.0,61.0,61.0,61.0,60.5,60.0,59.5,58.5,58.5,58.0,58.0,58.0,58.0,58.0,58.5,58.5,59.0,59.0,59.0,59.5,59.5,60.0,60.0,60.0,60.0,60.0,60.0,60.0,60.0,60.0,60.0,60.5,60.5,61.0,61.0,61.5,62.0,62.5,62.5,62.5,62.5,62.5,62.5,62.5,62.0,61.0,60.5,60.0,60.0,60.0,59.5,59.5,59.5,59.5,60.0,60.0,60.5,61.0,61.5,62.0,62.5,63.5,63.5,64.0,64.0,64.0,64.0,64.0,64.0,63.5,63.5,63.5,64.0,64.0,64.5,64.5,65.0,65.0,65.5,65.5,66.0,66.0,66.0,66.0,66.0,65.5,65.5,65.0,65.0,64.5,64.5,64.5,64.0,64.0,64.5,64.5,65.0,65.5,66.0,66.0,66.5,66.5,66.5,66.0,66.0,65.5,65.0,64.5,64.5,64.5,64.5,64.5,64.5,64.5,65.0,65.5,66.0,66.5,67.0,67.0,67.0,67.5,67.5,67.0,67.0,66.5,66.0,66.0,65.5,65.0,64.5,64.5,64.5,64.5,65.0,65.5,66.5,67.0,67.5,67.5,67.5,67.5,67.5,67.0,66.5,66.0,66.0,65.5,65.0,64.5,64.0,63.5,63.0,63.0,62.5,63.0,63.0,63.0,63.5,63.5,63.5,64.0,64.0,64.0,64.0,64.0,64.0,63.5,63.5,63.5,63.5,63.5,64.0,64.0,64.5,65.0,65.5,66.0,67.0,68.0,69.0,69.5,70.0,70.0,70.0,70.0,69.5,69.0,69.0,68.5,68.0,68.0,67.5,67.5,67.5,67.5,67.5,68.0,68.0,68.0,68.5,69.0,69.5,69.5,70.0,69.5,69.5,69.0,69.0,69.0,69.0,69.0,69.0,69.0,69.0,69.5,69.5,70.0,70.0,70.0,70.5,70.5,70.5,70.5,70.5,70.5,70.0,70.0,69.5,69.5,69.5,69.5,69.5,69.5,69.5,70.0,70.5,71.0,71.5,72.0,72.5,72.5,72.5,72.5,72.0,72.0,71.5,71.5,71.0,71.0,71.0,71.0,71.0,71.0,71.0,71.0,71.0,70.5,70.0,69.5,68.5,67.0,65.0,63.0,60.5,58.5,56.5,54.5,52.5,51.5,50.5,50.0,50.0,51.0,53.0,55.5,59.0,63.5,69.0,75.5,83.0,91.5,100.0,0.0,0.0
-6.0,-6.5,-6.5,-7.0,-7.0,-7.5,-8.0,-8.5,-9.0,-9.5,-9.5,-10.0,-10.0,-10.0,-10.0,-10.0,-10.0,-10.0,-9.5,-9.5,-9.0,-9.0,-8.5,-8.5,-8.5,-8.5,-8.5,-8.5,-8.5,-9.0,-9.0,-9.5,-10.0,-10.0,-10.0,-10.0,-9.5,-9.0,-9.0,-9.0,-9.0,-9.0,-9.0,-9.0,-9.0,-9.0,-9.5,-9.5,-10.0,-10.5,-11.0,-11.0,-11.0,-11.0,-11.0,-10.5,-10.5,-9.5,-9.0,-9.0,-8.5,-8.5,-8.5,-8.5,-9.0,-9.0,-9.0,-9.5,-9.5,-10.0,-10.5,-10.5,-10.5,-10.5,-10.0,-9.5,-9.0,-8.5,-8.5,-8.0,-7.5,-7.5,-7.0,-6.5,-6.5,-6.5,-7.0,-7.5,-8.0,-8.0,-8.5,-8.5,-8.5,-8.5,-8.0,-7.5,-7.0,-6.5,-5.5,-5.0,-4.5,-4.0,-3.5,-3.5,-3.5,-3.5,-4.0,-4.5,-5.0,-6.0,-6.5,-7.0,-7.0,-7.0,-7.0,-7.0,-7.0,-6.5,-6.5,-6.0,-6.0,-6.0,-5.5,-6.0,-6.0,-6.5,-7.0,-7.0,-7.5,-8.0,-8.0,-8.5,-8.5,-8.0,-7.5,-7.0,-6.0,-5.5,-4.5,-4.0,-4.0,-4.0,-4.0,-4.0,-4.5,-4.5,-5.0,-5.5,-6.0,-6.5,-6.5,-7.0,-7.0,-7.0,-7.0,-7.0,-6.5,-6.5,-6.0,-5.5,-5.5,-5.0,-5.0,-5.5,-5.5,-6.0,-6.0,-6.5,-6.5,-6.5,-7.0,-7.0,-7.0,-7.0,-6.5,-6.0,-5.0,-4.0,-3.5,-3.0,-3.0,-3.0,-3.0,-3.0,-3.0,-3.5,-3.5,-4.0,-4.0,-4.5,-4.5,-4.5,-4.5,-4.5,-4.5,-4.5,-4.0,-4.0,-3.5,-3.0,-3.0,-3.0,-3.0,-3.0,-3.5,-3.5,-4.0,-4.5,-4.5,-4.5,-5.0,-5.0,-5.5,-5.5,-5.0,-5.0,-4.5,-4.5,-4.0,-4.0,-3.5,-3.5,-3.5,-3.5,-3.5,-4.0,-4.5,-5.0,-5.5,-6.0,-6.5,-7.0,-7.0,-7.0,-6.5,-6.5,-6.0,-5.5,-5.0,-5.0,-4.5,-4.5,-4.5,-4.5,-4.5,-4.5,-4.5,-4.5,-5.0,-5.0,-5.0,-4.5,-4.0,-3.0,-2.5,-1.5,-1.0,-0.5,0.0,0.5,1.0,1.5,1.5,2.0,1.5,1.5,1.0,0.5,0.0,-0.5,-0.5,-1.0,-1.0,-1.5,-1.5,-1.5,-1.5,-1.0,-0.5,0.5,1.0,1.0,1.0,1.0,1.0,0.5,0.0,-0.5,-1.0,-1.0,-1.5,-1.5,-1.5,-1.0,-1.0,-1.0,-1.0,-0.5,0.0,0.5,1.0,1.0,1.5,1.5,1.0,1.0,0.5,0.5,0.5,0.5,0.5,0.5,0.5,0.5,1.0,1.0,1.5,2.0,2.5,3.0,0.0,0.0
62.0,62.5,62.5,62.5,63.0,63.5,63.5,64.0,64.0,64.0,63.5,63.5,63.0,62.5,62.5,62.0,61.5,61.5,61.5,61.5,62.0,62.5,63.0,63.0,63.5,63.5,64.0,64.0,63.5,63.0,63.0,62.5,62.0,62.0,62.0,62.0,62.5,62.5,62.5,63.0,63.0,63.5,63.5,63.5,64.0,64.0,64.0,64.0,64.0,63.5,63.5,63.0,63.0,62.5,62.0,62.0,62.0,62.0,62.5,62.5,62.5,63.0,63.0,63.5,63.5,64.0,64.0,64.0,64.0,63.5,63.0,63.0,62.5,62.5,62.5,62.5,62.5,62.5,62.5,62.5,62.5,63.0,63.5,63.5,63.5,64.0,64.0,64.0,64.0,63.5,63.5,63.0,63.0,62.5,62.0,62.0,62.0,62.5,62.5,62.5,63.0,63.0,63.5,63.5,64.0,64.5,64.5,64.5,65.0,64.5,64.5,64.5,64.0,63.5,63.0,63.0,62.5,62.5,63.0,63.0,63.5,64.0,64.5,65.0,65.5,65.5,65.5,65.5,65.0,65.0,64.5,64.0,63.5,63.5,63.5,63.5,63.5,63.5,63.5,63.5,63.5,63.5,64.0,64.0,64.5,64.5,64.5,64.5,64.5,64.0,64.0,63.5,63.0,62.5,62.5,62.5,62.5,62.5,62.5,63.0,63.5,63.5,63.5,63.5,64.0,63.5,63.5,63.5,63.0,63.0,62.5,62.0,62.0,61.5,61.5,61.0,61.0,61.0,61.0,61.0,61.5,61.5,62.0,62.0,62.0,62.5,62.5,62.0,62.0,61.5,61.0,60.5,60.0,59.0,59.0,58.5,58.5,58.5,58.5,58.5,58.5,59.0,59.0,59.0,59.0,59.0,59.0,58.5,58.0,57.5,57.0,56.0,55.5,55.0,55.0,55.0,55.0,55.5,56.0,57.0,57.5,58.5,59.5,60.5,61.0,61.5,62.0,62.0,62.5,62.0,62.0,62.0,61.5,61.0,60.5,60.5,60.0,60.0,60.0,60.0,60.5,61.0,61.5,61.5,61.0,61.0,60.5,60.5,60.0,60.0,59.5,59.5,59.0,59.0,59.0,59.0,59.5,59.5,59.5,60.0,60.0,60.5,60.5,61.0,61.5,62.0,62.0,61.5,61.5,61.0,60.5,60.0,60.0,59.5,59.0,58.5,58.5,58.5,58.5,58.5,59.0,59.0,59.5,60.0,60.0,60.5,61.0,61.0,61.0,61.0,61.0,60.5,60.0,60.0,59.5,59.0,59.0,59.0,59.0,59.0,59.0,59.0,59.0,59.0,59.0,58.5,57.5,56.5,55.0,53.0,51.0,48.5,46.5,44.5,42.5,41.0,40.0,39.5,39.5,40.0,0.0,0.0
52.0,51.5,51.0,50.0,49.5,49.0,49.0,48.5,48.5,48.5,48.5,48.5,48.5,48.5,49.0,48.5,48.5,48.5,48.5,48.5,48.5,48.5,48.0,47.5,47.0,47.0,46.5,46.5,47.0,47.0,47.5,48.0,48.0,48.5,48.5,49.0,49.0,49.0,49.0,49.0,48.5,48.0,48.0,47.5,47.5,47.0,47.0,47.0,47.0,47.5,47.5,48.0,48.5,48.5,49.0,49.0,49.0,49.0,48.5,48.5,48.0,47.5,47.0,47.0,47.0,46.5,47.0,47.0,47.0,47.5,48.0,48.5,49.0,49.0,49.5,49.5,50.0,50.0,49.5,49.5,50.0,50.0,50.0,50.0,50.0,50.0,50.0,50.0,50.0,50.5,50.5,51.0,51.0,51.5,51.5,51.5,51.5,51.5,51.5,51.0,51.0,50.5,50.5,50.0,50.0,50.0,50.0,50.0,50.5,50.5,50.5,51.0,51.5,51.5,51.5,52.0,52.0,52.0,52.0,52.0,51.5,51.0,50.5,50.0,49.5,49.0,49.0,49.0,49.5,50.0,50.5,51.0,51.0,51.5,51.5,51.5,51.5,51.5,51.5,51.5,51.0,50.5,50.5,50.0,49.5,49.0,49.0,49.0,49.5,49.5,50.0,50.0,50.5,51.0,51.5,51.5,51.5,51.5,51.5,51.5,51.5,51.0,51.0,50.5,50.0,49.5,49.5,49.5,49.5,49.5,50.0,50.0,50.0,50.5,50.5,50.5,51.0,51.0,50.5,50.5,50.5,50.5,50.5,50.5,50.5,50.5,50.5,50.5,50.5,50.5,50.5,50.5,51.0,51.5,52.0,52.5,52.5,53.0,53.0,53.0,53.0,52.5,52.5,52.0,52.0,52.0,52.5,52.5,52.5,52.5,52.5,52.5,53.0,53.0,53.5,54.0,54.0,54.0,54.0,53.5,53.5,53.5,53.0,53.0,52.5,52.5,52.5,52.5,53.0,53.5,53.5,54.0,54.0,54.5,54.5,54.5,54.5,54.5,54.5,54.5,54.5,54.5,54.0,54.0,53.5,53.0,52.5,52.0,52.0,52.0,52.0,52.5,52.5,52.5,53.0,53.0,53.0,53.0,52.5,52.5,52.0,52.0,52.0,51.5,51.5,51.5,51.5,52.0,52.5,52.5,53.0,53.5,53.5,54.0,54.0,54.5,54.5,54.5,54.0,54.0,53.5,53.0,52.5,52.0,52.0,51.5,51.5,51.5,51.5,52.0,52.0,52.5,52.5,53.0,53.0,53.5,53.5,53.5,53.5,53.5,53.5,53.5,53.5,53.5,53.5,53.0,53.0,53.0,53.0,53.5,53.5,54.0,54.0,54.5,55.0,55.0,55.5,55.5,55.0,55.0,0.0,0.0
53.5,54.0,54.5,55.0,55.5,55.5,55.5,55.5,55.5,55.0,54.5,54.5,54.0,54.0,54.0,53.5,53.5,53.5,53.5,53.5,53.5,53.5,53.5,53.5,53.5,54.0,54.0,53.5,53.5,53.5,53.0,53.0,53.0,52.5,52.0,52.0,52.0,52.0,52.0,52.5,53.0,53.5,54.0,54.5,55.0,55.5,55.5,55.5,55.5,55.0,55.0,54.5,54.0,53.5,53.5,53.0,53.0,53.5,53.5,53.5,54.0,54.5,54.5,55.0,55.0,55.0,55.5,55.5,55.0,54.5,54.5,54.0,54.0,53.5,53.5,53.5,53.0,53.0,53.0,53.0,53.5,54.0,54.5,55.0,55.5,56.0,56.5,57.0,57.0,57.0,57.0,56.5,56.5,56.0,56.0,55.5,55.5,55.5,56.0,56.0,56.0,56.0,56.0,56.5,56.5,56.5,56.5,56.5,56.5,56.5,56.5,56.0,56.0,55.5,55.5,55.0,54.5,54.5,54.5,54.5,55.0,55.5,56.0,56.5,57.0,57.5,57.5,58.0,58.0,58.0,57.5,57.5,57.0,57.0,57.0,57.0,57.0,57.0,57.0,57.0,57.5,57.5,57.5,57.5,57.0,57.0,57.0,57.0,57.0,57.0,56.5,56.0,56.0,55.5,55.5,55.0,55.0,54.5,54.5,54.0,54.0,54.0,54.5,54.5,55.0,55.0,55.0,55.0,54.5,54.5,54.5,54.5,54.5,54.0,54.0,54.0,54.0,54.5,55.0,55.5,56.0,56.0,56.5,57.0,57.5,58.5,59.0,60.0,60.0,60.0,60.0,59.5,59.0,58.5,58.5,58.0,58.0,57.5,57.5,57.5,57.5,57.5,58.0,58.0,58.5,58.5,58.5,58.5,58.5,58.0,58.0,58.0,58.0,58.0,58.0,58.0,58.0,58.0,58.0,58.0,58.5,59.0,59.5,60.0,60.5,60.5,60.5,60.5,60.5,60.0,60.0,59.5,59.5,59.5,59.5,59.0,59.0,59.0,59.0,59.5,59.5,60.0,60.5,61.0,61.0,61.5,61.5,61.5,62.0,61.5,61.5,61.0,60.5,60.5,60.5,60.5,61.0,61.0,61.5,61.5,61.0,61.0,60.5,59.5,58.0,56.5,55.0,53.0,51.0,48.5,46.5,44.5,43.0,41.5,41.0,40.5,41.0,42.0,44.0,46.5,50.5,55.5,61.0,67.5,75.0,83.0,91.0,98.0,105.0,111.5,118.5,125.0,132.0,139.0,145.0,150.5,154.5,157.0,159.0,160.5,160.5,160.0,158.5,155.0,150.5,145.0,139.5,133.5,127.5,121.0,115.0,108.5,103.0,97.5,92.5,88.0,84.5,81.0,78.0,76.0,0.0,0.0
59.5,58.5,57.0,55.5,54.0,52.5,50.5,49.0,47.5,46.5,46.0,45.5,45.5,46.0,46.5,47.5,49.0,51.5,55.0,59.0,64.0,69.5,76.0,83.5,91.0,98.5,105.5,112.0,119.0,125.5,132.0,138.0,143.0,146.5,149.0,150.5,151.0,151.0,150.0,148.5,145.5,142.0,138.0,133.5,128.5,123.5,118.5,113.0,108.0,102.5,97.5,92.5,88.0,83.5,79.5,76.0,73.0,70.0,68.0,66.5,65.5,65.0,65.0,64.5,64.5,64.5,65.0,65.0,65.5,66.0,66.0,66.0,66.0,66.0,65.5,65.0,64.5,63.5,62.5,62.0,61.5,61.5,61.5,61.5,62.0,62.0,62.5,62.5,62.5,62.5,62.5,62.5,62.5,62.5,62.0,62.0,61.5,61.5,61.5,61.0,60.5,60.5,60.5,60.5,60.5,60.5,61.0,61.0,61.5,62.0,62.5,62.5,62.5,62.5,62.5,62.5,62.0,62.0,61.5,61.0,61.0,60.5,60.5,60.5,60.5,61.0,61.0,61.5,62.0,62.0,62.0,62.0,62.0,62.0,62.0,62.0,61.5,61.5,61.0,61.0,60.5,61.0,61.0,61.0,61.5,62.0,62.0,62.0,62.0,62.5,62.5,62.5,62.0,62.0,62.0,61.5,61.0,60.5,60.0,59.5,59.5,59.5,60.0,60.0,60.5,60.5,61.0,61.0,61.0,60.5,60.5,60.5,60.5,60.5,60.5,60.5,60.0,60.0,59.5,59.5,59.0,59.0,59.0,59.0,59.5,59.5,60.0,60.0,60.5,60.5,61.0,61.0,60.5,60.5,60.0,60.0,59.5,59.0,58.5,58.0,57.5,57.5,57.5,57.0,57.0,57.5,57.5,58.0,58.5,59.0,59.5,59.5,59.5,59.5,59.0,58.0,57.5,57.0,56.5,56.0,56.0,55.5,55.5,55.5,55.5,55.5,56.0,56.5,57.0,57.5,58.0,58.0,58.0,58.0,57.5,57.0,56.5,56.0,56.0,55.5,55.0,55.0,55.5,55.5,56.0,57.0,57.5,58.0,58.5,58.5,59.0,59.0,59.0,59.0,59.0,58.5,58.5,58.5,58.0,58.0,57.5,57.5,58.0,58.0,58.5,58.5,59.0,59.0,59.5,60.0,59.5,59.5,59.0,59.0,58.5,58.5,58.0,58.0,58.0,57.5,57.5,57.5,57.5,57.5,57.5,58.0,58.5,58.5,59.0,59.5,59.5,59.5,59.5,59.5,59.0,58.5,58.0,57.5,57.0,57.0,56.5,56.5,56.5,56.5,57.0,57.5,58.0,58.0,58.5,58.5,58.5,58.5,58.5,58.0,57.5,57.5,57.0,56.5,56.5,56.5,0.0,0.0
2.5,3.0,3.5,4.0,4.5,4.5,4.5,5.0,4.5,4.5,4.0,4.0,3.5,2.5,2.0,1.5,1.5,1.0,1.5,1.5,1.5,1.5,2.0,2.0,2.5,2.5,3.0,3.0,3.0,2.5,2.5,2.0,1.5,1.5,1.0,1.0,1.0,1.0,1.5,1.5,1.5,1.5,1.5,1.0,0.0,-1.0,-2.5,-4.0,-6.0,-8.0,-10.5,-12.5,-14.5,-16.5,-18.0,-19.0,-19.5,-20.0,-19.5,-18.0,-15.5,-12.5,-8.5,-4.0,1.0,7.0,13.0,20.0,26.5,33.5,39.5,45.5,50.5,56.0,61.0,65.0,69.0,72.0,73.5,74.5,75.0,75.0,74.5,74.0,73.0,71.0,68.5,65.0,61.0,57.0,52.0,47.0,42.0,36.5,31.5,26.5,22.0,18.0,14.5,11.5,9.0,7.0,6.0,5.0,4.5,4.5,4.5,4.5,4.5,4.5,4.5,3.5,3.0,2.0,1.5,1.0,0.5,0.0,0.0,0.0,0.5,0.5,0.5,0.5,1.0,1.0,1.0,1.0,1.0,1.0,0.5,0.0,-0.5,-1.0,-1.5,-1.5,-2.0,-2.0,-2.0,-2.0,-1.5,-1.5,-1.0,-0.5,0.0,1.0,1.0,1.5,1.5,1.5,1.0,0.5,0.0,-0.5,-1.0,-1.0,-1.5,-1.5,-1.0,-1.0,-0.5,-0.5,0.0,0.0,0.5,1.0,1.0,1.5,1.0,1.0,1.0,1.0,0.5,0.5,0.0,0.0,-0.5,-0.5,-0.5,-0.5,-0.5,0.0,0.5,1.0,1.0,1.0,1.0,1.0,1.0,1.5,1.5,1.5,1.0,0.5,0.0,-0.5,-1.0,-1.0,-1.0,-1.0,-0.5,-0.5,0.0,0.5,0.5,1.0,1.0,1.5,1.5,1.5,1.5,1.5,1.5,1.0,0.5,0.5,0.0,-0.5,-0.5,-0.5,0.0,0.5,1.0,1.5,2.0,2.0,2.5,2.5,2.5,2.5,2.5,2.0,1.5,1.0,0.5,0.0,-0.5,-0.5,-0.5,-0.5,-0.5,0.0,0.0,0.5,1.0,1.0,1.5,1.5,2.0,2.0,2.0,1.5,1.5,1.0,0.5,0.0,0.0,-0.5,0.0,0.0,0.0,0.5,0.5,0.5,0.5,0.5,0.5,0.5,0.0,-0.5,-0.5,-1.0,-1.5,-1.5,-2.0,-2.0,-2.0,-2.0,-1.5,-1.5,-1.0,0.0,0.5,1.5,2.5,3.5,4.0,4.0,4.0,4.0,4.0,3.5,3.5,3.0,3.0,2.5,2.5,2.5,3.0,3.5,4.0,4.5,4.5,5.0,5.0,4.5,4.0,4.0,3.5,3.0,2.5,2.0,2.0,1.5,1.0,0.5,0.0,0.0,0.0,0.0,0.0,0.0
64.0,63.5,63.0,62.5,62.0,62.0,62.0,62.0,62.0,62.0,62.0,62.5,62.5,62.0,62.0,61.5,61.0,60.5,59.5,58.5,58.0,57.5,57.0,57.0,57.0,57.5,58.0,59.5,61.0,62.5,64.0,66.0,67.5,69.5,71.0,71.5,72.0,72.0,71.5,71.0,70.5,70.0,69.5,68.5,68.0,67.5,67.0,66.5,66.0,66.0,65.5,65.5,65.5,66.0,66.0,66.0,66.0,66.0,66.0,65.5,65.5,65.5,65.0,65.0,64.5,64.5,64.0,64.0,64.0,64.0,64.5,65.0,65.5,66.0,66.0,66.5,66.5,66.5,66.5,66.5,66.5,66.0,65.5,65.0,64.5,64.0,64.0,64.0,64.5,65.0,65.5,65.5,66.0,66.0,66.0,66.0,66.0,66.0,66.0,65.5,65.0,65.0,64.5,64.0,64.0,64.0,64.0,64.0,64.0,64.0,64.0,64.0,63.5,62.5,61.5,60.0,58.0,56.0,54.0,51.5,49.5,48.0,46.5,45.5,45.0,45.0,45.0,46.0,47.5,49.5,53.0,57.0,62.5,68.0,74.5,81.5,88.5,95.5,102.0,108.0,114.0,120.0,125.5,131.0,135.5,139.0,141.5,143.0,143.5,143.5,143.5,142.5,141.0,139.0,136.0,132.5,128.5,124.0,119.0,114.0,108.5,103.0,97.5,92.5,88.0,83.5,79.5,76.0,73.5,71.0,69.5,68.0,67.5,67.5,67.0,67.0,67.0,67.0,67.0,66.5,66.0,65.5,65.0,64.5,64.5,64.0,63.5,63.0,63.0,63.0,63.0,63.0,63.5,63.5,64.0,64.0,64.5,64.5,65.0,64.5,64.5,64.0,63.5,63.0,62.5,62.0,61.5,61.5,61.5,61.5,62.0,62.5,63.0,63.0,63.5,64.0,64.0,64.0,64.0,64.0,63.5,63.0,62.5,61.5,61.0,60.5,60.5,60.5,61.0,61.5,61.5,62.0,62.5,63.0,63.0,63.5,64.0,64.0,64.0,63.5,63.0,63.0,62.5,62.5,62.5,62.5,62.5,62.5,63.0,63.0,63.5,63.5,64.0,64.0,64.0,64.0,64.5,64.5,64.5,64.0,64.0,63.5,63.0,62.5,62.5,62.0,62.0,62.0,62.0,62.5,62.5,62.5,63.0,63.0,63.5,63.5,64.0,64.0,64.0,64.5,64.0,64.0,64.0,63.5,63.5,63.0,63.0,63.0,63.0,63.0,63.0,63.5,64.0,64.5,64.5,65.0,65.0,65.0,65.0,64.5,64.5,64.0,63.5,63.5,63.0,63.0,63.0,63.0,63.5,63.5,63.5,64.0,65.0,65.5,66.0,66.5,67.0,67.0,67.0,67.0,0.0,0.0
99.5,99.5,99.0,98.5,98.5,98.5,99.0,99.5,99.5,99.5,100.0,100.0,100.0,100.5,100.5,100.5,100.5,100.0,100.0,99.5,99.5,99.5,99.5,100.0,100.0,100.5,100.5,100.5,100.5,101.0,101.0,101.0,101.0,101.0,100.5,99.5,98.5,97.5,96.0,95.0,94.0,93.5,93.0,93.5,94.0,95.5,97.0,98.5,99.5,101.0,102.0,102.5,103.0,103.5,103.5,103.0,103.0,102.5,102.0,101.0,100.5,99.5,99.0,98.0,98.0,97.5,98.0,98.0,98.0,98.5,98.5,98.5,99.0,99.0,99.0,99.0,98.5,98.0,97.5,97.0,96.5,96.5,96.0,96.0,96.0,96.0,96.5,96.5,97.0,97.5,98.0,98.0,98.0,98.0,97.5,97.5,97.5,97.0,96.5,96.5,96.0,96.0,96.0,96.0,96.0,96.0,96.0,96.0,96.0,96.0,96.5,96.5,96.5,97.0,97.0,97.0,97.0,97.0,96.5,96.5,96.0,96.0,95.5,95.5,95.5,95.5,95.5,96.0,96.5,97.0,97.0,97.0,97.0,97.0,97.0,97.0,97.0,96.5,96.5,96.0,95.5,95.0,95.0,95.0,95.0,95.5,96.0,96.5,97.0,97.5,98.0,98.0,98.5,98.5,98.5,98.5,98.5,98.0,98.0,97.5,97.5,97.0,96.5,96.5,96.0,96.0,96.0,96.5,97.0,97.0,97.5,98.0,98.0,98.0,98.5,98.5,98.0,97.5,97.0,96.5,96.0,96.0,95.5,95.5,96.0,96.5,97.0,97.5,98.0,98.5,98.5,98.5,98.5,98.5,98.5,98.0,98.0,98.0,97.5,97.5,97.0,96.5,96.5,96.5,96.5,97.0,97.0,97.5,98.0,98.5,98.5,98.5,99.0,99.0,99.0,98.5,98.0,97.5,97.0,96.5,96.5,96.0,96.0,96.0,96.0,96.5,96.5,97.0,97.0,97.5,98.0,98.5,99.0,99.5,99.5,99.0,99.0,98.5,98.0,97.5,97.5,97.0,97.0,97.0,96.5,97.0,97.0,97.5,98.0,98.5,99.0,99.5,100.0,100.0,100.0,100.0,99.5,99.5,99.0,98.5,98.0,98.0,98.0,98.0,98.0,98.5,99.0,99.5,99.5,100.0,100.0,100.0,100.0,100.0,100.0,100.0,99.5,99.5,99.5,99.0,98.5,98.5,98.0,98.0,98.5,98.5,98.5,99.0,99.5,99.5,100.0,100.0,100.0,100.0,100.0,99.5,99.0,98.5,98.0,97.0,96.5,96.5,96.0,96.0,96.0,96.0,96.5,97.0,97.5,98.0,98.5,99.5,100.0,100.5,101.5,102.0,102.0,102.5,102.5,102.5,0.0,0.0
-6.5,-7.0,-7.0,-8.0,-8.5,-9.0,-9.5,-10.0,-10.0,-10.0,-10.0,-10.0,-9.5,-9.0,-8.5,-8.0,-7.5,-7.5,-7.0,-7.0,-6.5,-6.5,-6.0,-6.0,-6.0,-6.5,-7.0,-7.0,-7.0,-7.0,-6.5,-6.5,-6.5,-6.5,-6.5,-6.0,-6.0,-6.0,-6.0,-6.5,-6.5,-7.0,-7.0,-7.5,-8.0,-8.5,-9.0,-9.5,-9.5,-10.0,-10.0,-10.0,-10.0,-10.0,-10.0,-10.0,-9.5,-9.5,-9.0,-9.0,-8.5,-8.5,-8.5,-8.5,-8.5,-8.5,-8.5,-9.0,-9.0,-9.5,-10.0,-10.0,-10.0,-10.0,-9.5,-9.0,-9.0,-9.0,-9.0,-9.0,-9.0,-9.0,-9.0,-9.0,-9.5,-9.5,-10.0,-10.5,-11.0,-11.0,-11.0,-11.0,-11.0,-10.5,-10.5,-9.5,-9.0,-9.0,-8.5,-8.5,-8.5,-8.5,-9.0,-9.0,-9.0,-9.5,-9.5,-10.0,-10.5,-10.5,-10.5,-10.5,-10.0,-9.5,-9.0,-8.5,-8.5,-8.0,-7.5,-7.5,-7.0,-6.5,-6.5,-6.5,-7.0,-7.5,-8.0,-8.0,-8.5,-8.5,-8.5,-8.5,-8.0,-7.5,-7.0,-6.5,-5.5,-5.0,-4.5,-4.0,-3.5,-3.5,-3.5,-3.5,-4.0,-4.5,-5.0,-6.0,-6.5,-7.0,-7.0,-7.0,-7.0,-7.0,-7.0,-6.5,-6.5,-6.0,-6.0,-6.0,-5.5,-6.0,-6.0,-6.5,-7.0,-7.0,-7.5,-8.0,-8.0,-8.5,-8.5,-8.0,-7.5,-7.0,-6.0,-5.5,-4.5,-4.0,-4.0,-4.0,-4.0,-4.0,-4.5,-4.5,-5.0,-5.5,-6.0,-6.5,-6.5,-7.0,-7.0,-7.0,-7.0,-7.0,-6.5,-6.5,-6.0,-5.5,-5.5,-5.0,-5.0,-5.5,-5.5,-6.0,-6.0,-6.5,-6.5,-6.5,-7.0,-7.0,-7.0,-7.0,-6.5,-6.0,-5.0,-4.0,-3.5,-3.0,-3.0,-3.0,-3.0,-3.0,-3.0,-3.5,-3.5,-4.0,-4.0,-4.5,-4.5,-4.5,-4.5,-4.5,-4.5,-4.5,-4.0,-4.0,-3.5,-3.0,-3.0,-3.0,-3.0,-3.0,-3.5,-3.5,-4.0,-4.5,-4.5,-4.5,-5.0,-5.0,-5.5,-5.5,-5.0,-5.0,-4.5,-4.5,-4.0,-4.0,-3.5,-3.5,-3.5,-3.5,-3.5,-4.0,-4.5,-5.0,-5.5,-6.0,-6.5,-7.0,-7.0,-7.0,-6.5,-6.5,-6.0,-5.5,-5.0,-5.0,-4.5,-4.5,-4.5,-4.5,-4.5,-4.5,-4.5,-4.5,-5.0,-5.0,-5.0,-4.5,-4.0,-3.0,-2.5,-1.5,-1.0,-0.5,0.0,0.5,1.0,1.5,1.5,2.0,1.5,1.5,1.0,0.5,0.0,-0.5,-0.5,-1.0,-1.0,-1.5,-1.5,-1.5,-1.5,-1.0,-0.5,0.5,1.0,1.0,0.0,0.0
26.5,26.5,26.5,26.5,26.5,26.0,26.0,25.5,25.5,25.0,24.5,24.5,24.5,25.0,25.0,25.0,25.0,25.0,25.0,25.0,25.0,25.0,25.0,25.0,25.0,25.0,25.0,24.5,24.5,24.5,24.0,24.0,24.0,24.5,24.5,25.0,25.5,26.0,26.5,26.5,26.5,26.5,26.5,26.0,25.5,24.5,24.0,23.5,23.5,23.0,23.0,23.0,23.5,24.0,24.5,24.5,25.0,25.0,25.5,25.5,25.5,25.5,25.0,24.5,24.0,23.5,23.0,22.5,22.0,22.0,22.0,22.5,22.5,23.0,23.5,23.5,24.0,24.0,24.5,24.5,25.0,25.0,25.0,25.0,24.5,24.5,24.0,23.5,23.0,23.0,23.0,22.5,22.5,22.5,23.0,23.5,24.0,24.5,25.0,25.0,25.0,25.0,25.0,24.5,24.5,24.0,23.5,23.0,22.5,22.0,21.5,21.5,22.0,22.0,22.5,23.0,23.5,24.0,24.5,25.0,25.0,25.0,24.5,24.5,24.0,23.5,23.0,22.5,22.0,22.0,21.5,21.5,21.5,22.0,22.0,22.0,22.5,22.5,23.0,23.0,23.5,23.5,23.5,23.5,23.5,23.0,22.5,22.0,22.0,21.5,22.0,22.0,22.0,22.5,22.5,23.0,23.0,23.0,23.0,23.0,23.0,23.0,23.5,23.5,23.5,23.5,23.0,23.0,22.5,22.5,22.5,22.5,22.5,23.0,23.5,23.5,23.5,23.5,23.5,23.5,23.5,23.5,23.0,23.0,22.5,22.5,22.0,21.5,21.0,20.5,20.5,21.0,21.0,21.5,22.5,23.0,23.5,23.5,23.5,23.5,23.0,23.0,22.5,22.0,21.5,21.0,21.0,20.5,20.5,20.0,20.0,20.0,20.5,20.5,20.5,20.5,21.0,21.0,21.5,21.5,21.5,21.0,21.0,20.5,20.5,20.0,20.0,19.5,19.5,19.5,19.5,19.5,19.5,19.5,19.5,19.0,19.0,19.0,19.0,19.0,19.0,18.5,18.5,18.0,18.0,17.5,17.5,17.5,17.5,17.5,17.5,17.5,18.0,18.5,19.0,19.5,20.0,20.5,21.0,21.5,21.5,21.5,21.0,20.5,19.5,19.0,18.0,17.5,17.0,17.0,17.0,17.5,18.0,18.5,18.5,19.0,19.0,18.5,18.5,18.0,17.5,17.5,17.0,16.5,16.0,15.5,15.0,14.5,14.0,13.5,13.0,13.0,12.5,12.5,12.5,13.0,13.0,13.0,13.0,12.5,12.0,12.0,11.5,11.5,11.0,10.5,10.0,9.5,9.0,8.5,8.0,8.0,7.5,7.0,6.5,6.5,6.5,6.0,6.0,5.5,0.0,0.0
56.5,56.5,56.5,56.5,56.5,56.5,56.5,56.5,56.5,56.5,56.5,56.0,55.5,55.0,54.5,54.0,53.0,52.0,51.5,51.0,51.0,52.0,53.0,54.0,55.5,56.5,58.0,59.0,60.0,60.5,61.0,61.5,61.5,61.5,61.0,61.0,60.5,60.0,59.0,58.5,57.5,56.5,56.0,56.0,55.5,55.5,55.5,56.0,56.0,56.5,57.0,57.0,57.0,57.0,57.0,57.0,56.5,56.5,56.0,56.0,55.5,55.0,54.5,54.0,54.0,54.0,54.0,54.0,54.5,55.0,55.5,56.0,56.0,56.5,56.5,56.5,56.5,56.0,56.0,56.0,55.5,55.5,55.0,55.0,54.5,54.0,54.0,54.0,54.5,54.5,55.0,55.5,55.5,55.5,55.0,55.0,54.5,54.5,54.0,54.0,53.5,53.0,53.0,52.5,52.5,52.0,52.0,52.0,52.0,52.5,52.5,53.0,53.0,53.0,53.5,53.5,53.5,53.0,52.5,52.0,51.0,50.5,49.5,49.0,49.0,49.0,49.0,49.0,49.5,49.5,50.0,50.0,50.0,50.0,50.0,50.0,50.0,49.5,49.5,49.5,49.0,49.0,49.5,50.0,50.5,51.0,52.0,52.5,52.5,53.0,53.0,53.0,53.0,53.0,53.5,53.5,53.5,53.5,53.5,53.0,52.5,52.5,52.0,51.5,51.5,52.0,52.0,52.5,52.5,53.0,53.5,53.5,54.0,54.5,55.0,55.5,55.5,55.5,55.5,55.0,54.5,54.5,54.0,54.0,53.5,53.5,53.5,54.0,54.0,54.5,54.5,55.0,55.0,55.0,55.0,55.0,54.5,54.5,54.0,54.0,53.5,53.5,53.0,53.0,53.5,53.5,53.5,54.0,54.5,55.0,55.5,55.5,56.0,56.0,56.0,56.0,55.5,55.0,54.5,53.5,52.5,51.0,49.0,47.0,44.5,42.5,40.5,38.5,37.0,36.0,35.5,35.5,36.0,36.5,37.5,39.0,41.5,44.5,48.0,52.5,57.5,63.5,70.0,77.0,83.5,90.0,96.5,102.5,109.0,115.0,121.0,126.5,131.0,134.0,136.0,137.5,138.0,137.5,136.5,134.0,131.0,126.5,121.5,116.5,111.0,106.0,100.5,95.5,90.5,86.0,81.5,77.5,73.5,70.5,67.5,65.0,63.0,61.0,59.0,57.5,56.5,55.5,54.5,54.0,54.0,53.5,53.5,53.0,53.0,53.0,53.0,53.0,53.0,53.0,53.0,53.0,52.5,52.0,51.5,51.0,51.0,50.5,50.0,50.0,50.0,50.0,50.0,50.0,50.5,51.0,51.0,51.5,51.5,52.0,51.5,51.5,51.0,50.5,50.0,49.0,0.0,0.0
48.5,48.0,47.0,46.0,45.0,44.0,43.5,44.0,44.5,45.0,46.0,47.0,48.5,49.5,50.5,51.5,52.5,52.5,53.0,53.0,52.5,52.5,52.0,51.5,51.0,50.0,49.5,49.0,48.5,48.5,48.0,48.5,48.5,49.0,49.5,50.0,50.5,51.0,51.5,51.5,51.5,51.0,51.0,50.5,50.0,50.0,49.5,49.0,49.0,48.5,48.5,48.5,49.0,49.5,50.0,50.5,51.0,51.0,51.0,51.0,51.0,51.0,50.5,50.5,50.0,49.5,49.5,49.0,49.0,49.0,49.0,49.5,49.5,50.0,50.5,51.0,51.5,51.5,52.0,52.0,52.0,52.0,52.0,51.5,51.0,50.5,50.5,50.0,49.5,49.0,49.0,49.0,49.0,49.5,50.0,50.5,50.5,50.5,50.5,50.5,50.5,50.0,50.0,49.5,49.0,49.0,48.5,48.5,48.5,48.5,48.5,48.5,49.0,49.5,49.5,50.0,50.5,51.0,51.5,51.5,51.5,51.0,50.5,50.0,49.0,48.5,48.0,48.0,47.5,47.5,47.0,47.0,47.5,47.5,47.5,48.0,48.0,48.5,48.5,49.0,49.0,48.5,48.5,48.0,47.5,47.5,47.0,47.0,46.5,46.5,46.0,46.0,46.5,47.0,47.5,47.5,48.0,48.5,48.5,48.5,49.0,49.0,49.0,48.5,48.0,47.5,47.5,47.0,47.0,47.0,47.0,47.0,47.0,46.5,46.5,46.0,46.0,45.5,45.5,45.0,44.5,44.5,44.0,44.0,43.5,43.0,43.0,43.0,43.0,43.5,44.0,44.5,45.0,46.0,46.5,47.5,48.5,49.5,50.0,50.5,51.0,51.0,51.5,51.5,51.5,51.5,51.5,51.0,51.0,51.0,51.0,51.5,51.5,52.0,52.0,52.5,52.0,52.0,52.0,52.0,52.0,52.0,52.0,51.5,51.5,51.0,50.5,50.0,50.0,50.0,50.0,50.5,50.5,51.0,51.5,52.0,52.0,52.5,52.5,53.0,53.0,53.0,52.5,52.5,52.0,51.5,51.5,51.0,50.5,50.5,50.5,51.0,51.5,52.0,52.5,52.5,53.0,53.0,53.0,53.0,53.0,52.5,52.5,52.5,52.0,52.0,52.0,52.0,51.5,51.5,52.0,52.0,52.0,52.5,53.0,53.5,54.0,54.5,54.5,55.0,55.0,54.5,54.0,53.5,52.5,51.5,50.0,48.5,46.5,44.5,42.5,40.0,38.0,36.5,35.5,35.0,35.0,35.5,35.5,36.5,38.0,39.5,42.0,45.5,49.0,53.5,59.0,65.0,72.0,79.0,85.5,92.5,98.5,105.0,111.0,117.0,122.5,127.5,131.5,134.5,0.0,0.0
51.0,51.0,51.0,51.0,51.0,50.5,50.0,49.5,49.0,48.5,48.0,48.0,47.5,47.5,48.0,48.0,48.5,48.5,49.0,49.0,49.5,49.5,50.0,50.0,49.5,49.5,49.0,48.5,48.0,48.0,47.5,47.0,47.0,47.0,47.0,47.0,47.5,47.5,48.0,48.5,49.0,49.5,49.5,49.5,49.0,48.5,48.0,47.5,47.0,47.0,46.5,46.0,46.0,45.5,45.5,45.5,45.5,45.5,45.5,45.5,46.0,46.5,46.5,47.0,47.0,47.0,47.0,46.5,46.5,46.5,46.0,46.0,46.0,45.5,45.5,45.5,45.0,45.5,45.5,45.5,46.0,46.0,46.0,46.5,46.5,47.0,47.0,47.0,47.0,46.5,46.5,46.0,45.5,45.5,45.5,45.5,45.5,45.5,46.0,46.5,46.5,47.0,47.0,47.0,46.5,46.5,46.0,45.5,45.5,45.0,45.5,45.5,45.5,45.5,46.0,46.0,46.0,46.0,46.0,46.5,46.5,46.5,46.0,46.0,46.0,45.5,45.0,44.5,44.0,43.5,43.5,43.5,44.0,44.0,44.5,44.5,45.0,45.0,45.5,46.0,46.5,46.5,47.0,47.0,47.0,47.0,46.5,46.5,46.5,46.0,46.0,45.5,45.5,46.0,46.0,46.5,47.0,48.0,48.5,49.0,49.5,49.5,49.5,49.5,49.0,49.0,48.5,48.5,48.0,47.5,47.0,47.0,46.5,46.5,46.5,46.5,47.0,47.0,47.5,47.5,48.0,48.0,48.0,48.5,48.0,48.0,47.5,47.0,46.5,46.0,45.5,45.0,44.5,44.0,44.0,44.0,44.5,44.5,45.0,45.0,45.5,45.5,45.5,45.5,46.0,45.5,45.5,45.0,45.0,44.5,44.5,44.5,44.5,44.5,45.0,45.0,45.0,45.0,45.5,45.5,46.0,46.0,46.5,46.5,46.5,46.5,46.5,46.0,45.5,45.5,45.0,45.0,45.0,45.0,45.0,45.0,45.5,46.0,46.5,47.0,47.5,47.5,47.5,47.5,47.5,47.5,47.0,46.5,45.5,44.5,43.5,42.5,41.5,40.5,40.0,39.5,40.0,41.0,42.0,43.5,45.0,46.5,47.5,48.5,49.0,49.5,50.0,50.0,50.0,50.0,49.5,49.0,48.5,47.5,47.0,47.0,46.5,46.5,47.0,47.0,47.0,47.0,46.5,46.0,45.0,44.5,44.0,43.5,43.0,42.5,42.5,42.5,42.5,43.0,43.5,43.5,44.0,44.5,45.0,45.0,45.0,45.0,45.0,45.0,45.0,45.0,44.5,44.5,44.0,44.0,43.5,43.5,43.0,43.0,43.5,43.5,44.0,44.0,44.5,44.5,0.0,0.0
23.5,23.5,24.0,24.0,24.5,24.5,24.5,25.0,25.0,25.5,25.5,25.0,25.0,24.5,24.5,24.0,24.0,23.5,23.5,23.5,24.0,24.0,24.5,25.0,25.0,25.0,25.0,25.0,25.5,25.5,25.0,25.0,24.5,24.5,24.0,23.5,23.0,22.5,22.0,21.5,21.0,20.5,20.5,20.0,19.5,19.0,19.0,19.5,20.0,21.0,22.0,23.0,23.5,24.5,25.0,25.5,26.0,26.5,26.5,27.0,27.0,27.0,27.0,27.0,27.0,27.0,27.0,26.5,26.5,26.0,25.5,25.0,24.5,24.0,23.5,23.0,23.0,23.0,23.0,23.0,23.0,23.5,23.5,24.0,24.0,24.5,24.5,24.5,24.5,24.5,24.0,24.0,23.5,23.0,22.5,22.5,22.0,22.0,22.0,22.0,22.5,23.0,23.5,23.5,24.0,24.0,24.5,24.5,25.0,25.0,25.5,25.5,25.0,24.5,24.5,24.0,23.5,23.0,23.0,23.0,23.0,23.5,23.5,24.0,24.5,25.0,25.5,25.5,25.5,25.0,25.0,24.5,24.0,23.5,23.5,23.0,23.0,22.5,22.5,23.0,23.0,23.5,24.0,24.0,24.5,24.5,25.0,25.0,25.0,25.0,24.0,23.5,23.0,22.5,22.0,22.0,21.5,21.5,21.5,21.5,22.0,22.5,23.0,23.5,24.0,24.0,24.0,24.5,24.5,25.0,25.0,24.5,24.0,23.5,23.0,22.5,22.5,22.5,22.0,22.0,22.0,22.0,22.5,22.5,23.0,23.0,23.5,23.5,23.5,23.5,23.5,23.0,22.5,22.5,22.5,22.5,22.5,22.5,22.5,22.5,22.5,23.0,23.5,24.0,24.5,25.0,25.5,26.0,26.0,25.5,25.5,25.5,25.0,25.0,24.5,24.5,24.0,24.0,23.5,23.5,23.5,24.0,24.0,24.5,25.0,25.0,25.0,25.0,25.0,25.0,25.0,24.5,24.5,24.5,24.0,24.0,23.5,23.5,23.5,24.0,24.5,25.0,25.5,26.0,26.5,26.5,27.0,27.0,27.0,27.0,26.5,26.0,25.5,24.5,24.0,23.5,23.5,23.0,23.0,22.5,23.0,23.0,23.5,24.0,24.5,24.5,25.0,25.0,25.0,25.0,25.0,24.5,24.5,24.5,24.5,24.5,24.5,25.0,25.0,25.5,25.5,26.0,26.5,27.0,27.5,27.5,27.5,27.5,27.5,27.0,26.5,26.0,25.5,25.0,24.5,24.5,24.5,24.5,24.5,25.0,25.5,26.0,26.5,26.5,26.5,26.5,26.5,26.5,26.5,26.5,26.0,26.0,25.5,25.0,25.0,24.5,24.0,24.0,24.0,24.0,0.0,0.0
27.0,27.5,27.5,27.5,28.0,28.0,27.5,27.5,27.0,26.5,26.0,25.5,25.5,25.0,24.5,24.5,24.5,24.5,25.0,25.5,26.0,26.5,27.0,27.5,28.0,28.0,28.0,28.0,27.5,27.0,26.5,26.5,26.0,26.0,26.0,26.0,26.5,26.5,27.0,27.0,27.5,28.0,28.0,28.5,28.5,29.0,29.0,28.5,28.0,27.5,26.5,26.0,25.5,25.0,25.0,25.0,25.0,25.5,25.5,26.0,26.0,26.5,26.5,27.0,27.0,27.0,27.5,27.5,27.5,27.0,26.5,26.5,26.0,25.5,26.0,26.0,26.0,26.5,26.5,26.5,26.5,26.5,27.0,27.0,27.0,26.5,26.5,26.5,26.0,25.5,25.5,25.0,25.0,24.5,24.5,24.0,24.0,24.5,24.5,25.0,25.5,25.5,26.0,26.5,26.5,26.5,26.5,26.5,26.0,26.0,26.0,25.5,25.5,26.0,26.0,26.5,27.0,27.5,27.5,28.0,28.5,28.5,28.5,28.5,28.5,28.5,28.5,28.5,28.0,27.5,27.0,26.5,26.5,26.0,25.5,25.5,25.5,25.5,25.5,26.0,26.0,26.5,27.0,27.0,27.0,27.5,27.0,27.0,26.5,26.5,26.0,26.0,25.5,25.5,25.0,25.0,25.5,26.0,26.5,27.0,27.5,28.0,28.0,28.0,28.0,27.5,27.5,27.0,26.5,26.5,26.0,26.0,26.0,25.5,25.5,25.5,25.5,26.0,26.0,26.5,26.5,27.0,27.5,27.5,28.0,28.0,27.5,27.0,27.0,26.5,26.0,26.0,25.5,25.5,25.5,25.5,25.5,25.5,25.5,26.0,26.0,26.5,27.0,27.5,27.5,28.0,28.0,27.5,27.5,27.0,26.5,26.0,25.5,25.0,24.5,24.5,24.5,24.5,24.5,24.5,24.5,24.5,24.5,24.5,24.0,23.5,23.0,22.0,22.0,21.5,21.0,21.0,20.5,20.5,20.0,20.0,20.5,20.5,21.0,22.0,22.5,23.0,23.5,24.0,24.5,24.5,25.0,25.5,26.0,26.5,26.5,26.5,26.5,26.5,26.0,26.0,25.5,25.5,25.5,26.0,26.0,26.0,26.0,26.0,25.5,25.5,25.0,25.0,24.5,24.5,24.0,24.0,24.0,24.0,23.5,23.5,24.0,24.0,24.5,25.0,25.5,26.0,26.0,26.5,26.5,26.5,26.5,26.5,26.5,26.5,26.0,26.0,25.5,25.5,25.5,25.5,25.5,26.0,26.5,26.5,27.0,27.5,27.5,28.0,28.0,28.5,28.0,28.0,27.5,27.0,27.0,26.5,26.5,26.5,26.5,26.5,26.5,27.0,27.0,27.0,0.0,0.0
-7.5,-7.5,-7.5,-7.5,-7.0,-7.0,-7.0,-6.5,-6.5,-6.5,-6.5,-6.5,-7.0,-7.0,-8.0,-8.5,-9.5,-10.5,-11.5,-12.5,-13.0,-13.5,-13.5,-13.5,-13.0,-12.0,-11.0,-10.0,-9.0,-7.5,-6.5,-5.5,-4.5,-4.5,-4.0,-4.5,-5.0,-5.5,-6.0,-6.5,-6.5,-7.0,-7.0,-7.0,-7.0,-7.0,-7.0,-7.0,-7.0,-7.5,-7.5,-8.0,-8.0,-8.5,-9.0,-9.5,-10.0,-10.0,-10.0,-10.0,-9.5,-9.5,-9.0,-8.0,-7.5,-7.0,-6.5,-6.5,-6.5,-7.0,-7.0,-8.0,-8.5,-9.0,-9.5,-10.0,-10.0,-10.0,-10.0,-10.0,-9.5,-9.0,-8.5,-8.0,-7.5,-7.5,-7.0,-7.0,-6.5,-6.5,-6.0,-6.0,-6.0,-6.5,-7.0,-7.0,-7.0,-7.0,-6.5,-6.5,-6.5,-6.5,-6.5,-6.0,-6.0,-6.0,-6.0,-6.5,-6.5,-7.0,-7.0,-7.5,-8.0,-8.5,-9.0,-9.5,-9.5,-10.0,-10.0,-10.0,-10.0,-10.0,-10.0,-10.0,-9.5,-9.5,-9.0,-9.0,-8.5,-8.5,-8.5,-8.5,-8.5,-8.5,-8.5,-9.0,-9.0,-9.5,-10.0,-10.0,-10.0,-10.0,-9.5,-9.0,-9.0,-9.0,-9.0,-9.0,-9.0,-9.0,-9.0,-9.0,-9.5,-9.5,-10.0,-10.5,-11.0,-11.0,-11.0,-11.0,-11.0,-10.5,-10.5,-9.5,-9.0,-9.0,-8.5,-8.5,-8.5,-8.5,-9.0,-9.0,-9.0,-9.5,-9.5,-10.0,-10.5,-10.5,-10.5,-10.5,-10.0,-9.5,-9.0,-8.5,-8.5,-8.0,-7.5,-7.5,-7.0,-6.5,-6.5,-6.5,-7.0,-7.5,-8.0,-8.0,-8.5,-8.5,-8.5,-8.5,-8.0,-7.5,-7.0,-6.5,-5.5,-5.0,-4.5,-4.0,-3.5,-3.5,-3.5,-3.5,-4.0,-4.5,-5.0,-6.0,-6.5,-7.0,-7.0,-7.0,-7.0,-7.0,-7.0,-6.5,-6.5,-6.0,-6.0,-6.0,-5.5,-6.0,-6.0,-6.5,-7.0,-7.0,-7.5,-8.0,-8.0,-8.5,-8.5,-8.0,-7.5,-7.0,-6.0,-5.5,-4.5,-4.0,-4.0,-4.0,-4.0,-4.0,-4.5,-4.5,-5.0,-5.5,-6.0,-6.5,-6.5,-7.0,-7.0,-7.0,-7.0,-7.0,-6.5,-6.5,-6.0,-5.5,-5.5,-5.0,-5.0,-5.5,-5.5,-6.0,-6.0,-6.5,-6.5,-6.5,-7.0,-7.0,-7.0,-7.0,-6.5,-6.0,-5.0,-4.0,-3.5,-3.0,-3.0,-3.0,-3.0,-3.0,-3.0,-3.5,-3.5,-4.0,-4.0,-4.5,-4.5,-4.5,-4.5,-4.5,-4.5,-4.5,-4.0,-4.0,-3.5,-3.0,-3.0,-3.0,-3.0,-3.0,-3.5,-3.5,-4.0,-4.5,-4.5,-4.5,-5.0,-5.0,-5.5,-5.5,0.0,0.0
39.5,39.5,39.5,39.5,39.5,39.0,39.0,39.0,39.0,38.5,38.5,38.5,38.0,38.0,38.0,38.5,38.5,38.5,39.0,39.0,39.0,39.5,39.5,39.0,39.0,38.5,38.5,38.5,38.0,38.0,37.5,37.5,37.0,37.0,37.5,37.5,38.0,38.5,38.5,39.0,39.5,39.5,39.5,39.5,39.0,39.0,38.5,38.0,37.5,37.5,37.0,37.0,37.5,37.5,38.0,38.0,38.5,38.5,39.0,39.0,38.5,39.0,39.0,39.0,39.0,39.0,38.5,38.0,38.0,37.5,37.0,37.0,37.0,37.0,37.0,37.0,37.5,37.5,37.5,37.5,37.5,37.5,37.5,37.5,37.5,37.0,37.0,36.5,36.5,36.5,36.0,36.0,36.0,36.5,37.0,37.5,38.0,38.5,39.0,39.5,39.5,39.5,40.0,40.0,39.5,39.5,39.5,39.0,38.5,38.0,37.5,37.0,37.0,37.0,37.0,37.5,38.0,38.5,39.0,39.5,39.5,40.0,40.0,40.5,40.0,40.0,39.5,39.0,39.0,38.5,38.0,38.0,37.5,37.5,37.5,37.5,37.5,37.5,37.5,37.5,37.5,37.5,38.0,38.0,37.5,37.0,37.0,36.5,36.5,36.5,36.0,35.5,35.5,35.5,35.5,35.5,35.5,36.0,36.0,36.0,36.5,36.5,36.0,35.5,35.0,34.5,34.0,33.5,33.0,32.5,32.0,31.5,31.5,31.5,31.5,32.0,32.5,33.5,34.0,35.0,36.0,36.5,37.0,37.5,38.0,38.0,37.5,37.5,37.0,37.0,36.5,36.5,36.0,36.0,36.0,36.5,37.0,37.0,37.5,38.0,38.5,38.5,38.5,38.5,38.0,37.5,37.0,36.5,36.0,36.0,35.5,35.5,35.0,35.0,35.0,35.5,35.5,36.0,37.0,37.0,37.5,37.5,37.5,37.0,36.5,36.5,36.0,35.5,35.5,35.0,35.0,35.0,35.5,35.5,36.0,36.0,36.0,36.5,36.5,36.5,37.0,37.0,37.5,38.0,38.0,38.0,37.5,37.0,36.5,36.0,35.5,35.0,35.0,35.0,35.0,35.0,35.5,35.5,36.0,36.0,36.5,36.5,36.5,36.5,36.0,36.0,35.0,34.0,33.0,31.5,29.5,27.5,26.0,24.0,22.5,21.0,19.5,18.5,18.0,17.5,17.5,18.0,19.0,20.5,22.5,25.0,28.5,32.5,37.5,43.0,49.0,56.0,62.5,69.5,75.5,82.0,88.0,94.5,100.5,106.0,111.0,114.0,116.0,117.0,117.5,117.5,116.5,115.0,112.5,109.5,105.0,100.5,95.5,90.5,85.0,80.0,75.0,70.5,66.5,62.5,0.0,0.0
-10.5,-10.0,-10.0,-10.5,-10.5,-11.0,-11.5,-12.0,-12.5,-13.0,-13.0,-13.0,-12.5,-12.5,-12.5,-12.5,-12.5,-12.0,-12.0,-11.5,-11.5,-11.5,-11.5,-12.0,-13.0,-13.5,-14.5,-15.0,-15.5,-16.0,-16.0,-15.5,-15.0,-14.5,-14.0,-13.0,-12.0,-11.5,-11.0,-11.0,-11.0,-11.0,-11.5,-12.0,-13.0,-14.0,-14.5,-15.0,-15.5,-15.5,-15.5,-15.5,-15.5,-15.5,-15.0,-15.0,-15.0,-14.5,-14.0,-14.0,-13.5,-14.0,-14.0,-14.0,-14.5,-14.5,-15.0,-15.0,-15.0,-15.0,-15.0,-15.0,-14.5,-14.5,-14.0,-14.0,-13.5,-13.5,-13.5,-13.5,-13.5,-14.0,-14.5,-14.5,-15.0,-15.5,-15.5,-15.5,-15.5,-15.5,-15.5,-15.5,-15.5,-15.0,-15.0,-15.5,-15.5,-15.5,-15.5,-15.5,-16.0,-16.0,-16.5,-17.0,-18.0,-18.5,-19.0,-19.5,-20.0,-20.5,-21.0,-21.0,-20.5,-20.0,-19.0,-18.5,-18.0,-18.0,-17.5,-17.0,-16.5,-16.0,-15.5,-15.5,-15.5,-15.5,-16.0,-16.5,-16.5,-16.5,-16.5,-16.5,-16.0,-16.0,-15.5,-15.0,-15.0,-15.0,-14.5,-14.5,-14.5,-15.0,-15.0,-15.0,-15.5,-15.5,-15.5,-16.0,-16.0,-16.5,-16.5,-17.0,-17.0,-17.0,-16.5,-16.0,-15.5,-15.0,-14.5,-14.5,-14.0,-14.0,-14.0,-14.5,-14.5,-15.0,-15.5,-15.5,-16.0,-16.0,-16.0,-16.0,-16.0,-16.0,-15.5,-15.5,-15.0,-15.0,-15.0,-15.0,-15.0,-15.0,-15.5,-16.0,-16.0,-16.5,-17.0,-17.0,-17.5,-17.5,-17.5,-17.0,-17.0,-17.0,-17.0,-16.5,-16.0,-15.5,-15.0,-15.0,-15.0,-15.0,-15.5,-16.5,-18.0,-19.5,-21.5,-24.0,-26.0,-28.5,-30.5,-32.5,-34.0,-35.0,-35.5,-35.5,-35.5,-35.0,-34.5,-33.0,-30.5,-27.5,-23.5,-19.0,-14.0,-8.5,-2.5,4.5,11.0,17.0,23.0,29.0,34.5,40.5,46.0,51.5,56.0,59.5,61.5,63.0,63.5,64.0,63.5,62.0,59.5,56.5,52.5,48.0,43.0,38.0,33.0,28.0,23.5,19.0,15.0,11.0,7.5,4.0,1.0,-2.0,-4.5,-6.5,-8.0,-9.5,-10.5,-11.0,-11.5,-12.0,-12.5,-13.0,-13.0,-13.5,-13.5,-13.0,-13.0,-12.5,-12.5,-12.5,-12.5,-12.5,-12.5,-12.5,-12.5,-12.5,-13.0,-13.0,-13.5,-13.5,-14.0,-14.0,-14.0,-14.5,-14.5,-14.5,-14.0,-13.5,-13.0,-12.5,-12.0,-11.5,-11.5,-11.5,-11.5,-11.5,-12.0,-12.0,-12.5,-13.0,-13.5,-13.5,-14.0,-14.0,-13.5,-13.5,-13.0,-12.5,-12.5,-12.5,-13.0,-13.0,0.0,0.0
35.0,35.5,35.5,35.5,35.5,35.5,35.0,35.0,34.5,34.0,34.0,33.5,33.5,34.0,34.0,34.5,34.5,35.0,35.0,35.5,35.5,36.0,36.0,36.5,36.5,36.5,36.5,36.5,36.5,36.0,35.5,35.5,35.0,35.0,35.0,35.5,36.0,36.5,37.0,37.5,38.0,38.5,38.5,38.5,38.0,37.5,37.0,37.0,36.5,36.5,36.0,36.0,36.0,36.0,36.5,36.5,37.0,37.0,37.5,37.5,37.5,37.5,37.5,37.5,37.0,37.0,36.5,36.0,35.5,35.0,35.0,34.5,35.0,35.0,35.5,35.5,36.0,36.5,37.0,37.0,37.5,37.5,37.5,37.5,37.5,37.5,37.0,37.0,37.0,37.0,37.0,37.0,37.0,37.0,37.5,37.5,38.0,38.5,39.0,39.5,40.0,40.0,40.0,40.0,40.0,39.5,39.0,39.0,38.5,38.0,38.0,37.5,37.5,37.5,37.5,38.0,38.5,38.5,39.0,39.5,39.5,40.0,40.0,40.0,39.5,39.0,38.5,38.0,37.5,37.5,37.0,36.5,36.5,37.0,37.0,37.5,37.5,37.5,37.5,37.5,38.0,38.0,37.5,37.5,37.0,36.5,36.5,36.0,35.5,35.5,35.0,35.0,34.5,34.5,34.5,34.5,35.0,35.5,35.5,36.0,36.5,36.5,36.5,36.5,36.0,35.5,35.0,34.5,34.0,33.5,33.5,33.0,33.0,33.0,33.0,33.5,33.5,33.5,34.0,34.0,34.5,34.5,34.5,34.0,34.0,34.0,33.5,33.0,33.0,32.5,32.0,31.5,31.5,31.5,32.0,32.0,32.5,33.0,33.0,33.5,33.5,34.0,34.0,33.5,33.0,32.5,32.0,31.5,31.0,30.5,30.0,30.0,30.0,30.0,30.0,30.5,30.5,31.0,31.0,31.5,31.5,31.5,31.0,31.0,30.5,30.0,29.5,29.5,29.0,29.0,28.5,28.5,28.5,29.0,29.0,29.5,30.0,30.5,31.0,31.5,31.5,32.0,32.0,31.5,31.0,30.5,30.0,29.5,29.0,29.0,29.0,29.0,29.0,29.0,29.0,29.5,29.5,30.0,30.5,31.0,31.5,31.5,31.5,31.0,30.5,30.0,29.5,29.0,28.5,28.0,27.5,27.5,27.0,27.0,27.0,27.5,28.0,28.0,28.5,29.0,29.5,30.0,30.5,30.5,30.5,30.0,30.0,29.5,29.0,28.5,28.0,27.0,26.5,26.0,25.5,25.0,24.5,24.0,23.5,23.5,23.5,23.5,24.0,25.0,26.0,26.5,27.0,27.5,27.5,28.0,28.0,28.5,29.0,29.0,29.0,29.0,29.0,28.5,28.0,27.5,0.0,0.0
48.5,48.5,47.5,47.0,46.5,46.0,45.5,44.5,44.5,44.0,44.0,44.0,44.0,44.5,45.0,45.5,45.5,45.5,45.5,45.0,45.0,45.0,44.5,44.0,44.0,43.5,43.5,43.5,43.5,43.5,43.5,44.0,44.5,45.0,45.5,46.0,46.5,47.0,47.0,46.5,46.5,46.5,46.0,46.0,45.5,45.5,45.5,45.5,45.5,46.0,46.0,46.5,47.0,47.5,47.5,48.0,48.0,48.0,48.0,47.5,47.5,47.0,46.5,46.0,45.5,45.0,44.5,44.5,45.0,45.0,45.5,46.0,46.5,46.5,47.0,47.0,47.0,47.0,47.0,46.5,46.5,46.0,46.0,45.5,45.0,45.0,45.0,45.0,45.0,45.5,46.0,46.0,46.5,47.0,47.0,47.0,47.5,47.5,47.5,47.0,47.0,46.5,46.5,46.0,45.5,45.0,45.0,44.5,44.5,44.5,45.0,45.0,45.5,46.0,46.5,47.0,47.0,47.5,47.5,47.5,47.5,47.5,47.0,46.5,46.0,46.0,46.0,46.0,46.0,46.0,46.5,47.0,47.5,48.0,48.0,48.5,48.5,48.5,48.0,48.0,47.5,47.0,46.5,46.0,46.0,45.5,45.0,45.0,45.0,45.5,46.0,46.5,47.5,48.0,48.5,48.5,48.5,49.0,49.0,49.0,49.0,49.0,49.0,48.5,48.0,47.5,47.5,47.0,47.0,47.0,47.0,47.0,47.0,47.5,48.0,48.5,48.5,49.0,49.5,49.5,49.0,49.0,48.5,47.5,47.0,46.5,46.5,46.0,46.0,46.0,46.5,46.5,47.0,47.0,47.5,47.5,47.5,47.5,47.5,47.5,47.0,46.5,46.0,46.0,45.5,45.0,45.0,45.0,44.5,44.5,44.5,45.0,45.0,45.5,45.5,46.0,46.0,46.0,46.0,45.5,45.5,45.0,44.5,44.0,43.5,43.0,43.0,42.5,43.0,43.0,43.5,44.0,44.5,45.0,45.5,46.0,47.0,47.5,48.0,48.5,48.5,48.5,49.0,49.0,49.0,49.0,49.0,49.0,49.5,49.5,49.5,50.0,50.5,51.0,51.5,51.5,51.5,51.0,51.0,51.0,50.5,49.5,49.0,48.5,48.0,47.5,47.5,47.5,47.0,47.0,47.0,47.0,47.5,47.5,48.0,48.0,48.0,48.5,48.5,48.5,48.0,47.5,47.0,47.0,46.5,46.5,46.0,46.0,46.5,46.5,46.5,47.0,47.0,47.5,47.5,48.0,48.0,48.5,48.5,49.0,49.0,49.0,48.5,48.5,48.0,48.0,48.0,48.0,48.0,48.5,48.5,48.5,48.5,49.0,49.0,49.0,49.5,49.5,49.5,49.0,0.0,0.0
50.0,49.5,49.5,49.5,49.0,49.0,49.0,49.5,49.5,49.5,49.5,50.0,50.0,50.0,49.5,49.5,49.5,49.0,49.0,48.5,48.0,47.5,47.5,47.0,47.0,47.0,47.0,47.0,47.0,47.0,47.5,47.5,48.0,48.0,47.5,47.5,47.0,46.5,46.0,45.5,45.5,45.5,45.0,45.0,45.5,45.5,46.0,46.0,46.5,47.0,47.5,48.0,48.0,48.0,48.0,48.0,48.0,47.5,47.5,47.5,47.0,47.0,47.0,47.0,47.0,47.5,47.5,48.0,48.5,49.0,49.0,49.0,49.0,49.0,48.5,48.5,48.0,47.5,47.5,47.0,47.0,47.0,47.5,47.0,47.5,47.5,47.5,48.0,48.5,49.0,49.0,49.5,49.5,49.5,49.0,48.5,48.0,47.5,47.0,47.0,47.0,46.5,46.5,46.5,46.5,47.0,47.5,47.5,48.0,48.5,48.5,49.0,49.0,49.0,49.0,49.0,49.0,49.0,48.5,48.5,48.0,48.0,47.5,47.5,48.0,48.0,48.5,49.0,50.0,50.5,51.0,51.5,51.5,51.5,51.5,51.0,50.5,50.0,50.0,50.0,49.5,49.5,49.5,49.5,50.0,50.0,50.5,50.5,51.0,51.5,52.0,52.0,52.0,52.0,52.0,52.0,52.0,52.0,52.0,52.0,52.0,52.0,52.0,52.0,52.0,52.5,52.5,53.0,53.0,53.5,53.5,54.0,54.0,54.0,54.0,54.0,53.5,53.0,52.5,52.0,51.5,51.5,51.5,51.5,52.0,52.5,53.0,53.5,54.0,54.5,54.5,55.0,55.0,55.0,55.0,54.5,54.5,54.5,54.5,54.5,54.0,54.0,54.0,54.5,55.0,55.5,56.0,56.5,56.5,57.0,57.0,57.0,57.0,57.0,57.0,57.0,57.0,56.5,56.5,56.0,55.5,55.5,55.0,55.5,55.5,56.0,56.0,56.0,56.0,56.5,56.5,56.5,56.5,57.0,57.0,56.5,56.5,56.5,56.0,56.0,55.5,55.5,55.5,55.5,56.0,56.5,57.0,58.0,58.5,59.0,59.0,59.5,59.5,59.5,59.5,59.5,59.5,59.5,59.0,58.5,58.0,57.5,57.5,57.0,57.0,57.5,57.5,58.0,59.0,59.5,59.5,60.0,59.5,59.5,59.0,59.0,58.5,58.0,57.5,57.5,57.0,57.0,57.0,57.0,57.0,57.5,58.0,58.0,58.5,58.5,58.5,58.5,58.0,58.0,57.5,57.5,57.0,56.5,56.0,55.5,55.5,55.0,55.0,55.0,55.5,55.5,56.0,56.0,56.0,56.0,55.5,55.5,55.5,55.0,55.0,54.5,54.5,54.5,54.5,54.5,0.0,0.0
60.5,60.5,60.5,60.5,60.5,60.5,60.0,60.0,59.5,59.0,58.5,58.5,58.5,58.5,59.0,59.0,59.5,59.5,60.0,60.5,60.5,61.0,61.0,61.0,61.0,60.5,60.5,60.5,60.5,60.0,60.0,60.0,60.0,59.5,59.5,59.0,58.0,57.5,57.0,57.0,56.5,56.5,56.5,56.5,56.5,57.0,57.5,58.5,59.0,59.5,60.5,61.0,61.5,62.0,62.5,63.0,63.5,63.5,63.5,63.0,62.5,62.5,62.0,61.5,61.0,60.5,60.0,59.5,59.5,59.0,59.0,59.0,59.0,59.0,59.0,59.0,59.5,59.5,60.0,60.5,60.5,61.0,61.0,60.5,60.5,60.0,60.0,59.5,59.5,59.5,59.0,59.0,59.0,59.5,59.5,60.0,60.5,61.0,61.5,61.5,62.0,62.0,62.0,61.5,61.0,61.0,60.5,60.0,60.0,59.5,59.5,59.0,59.0,59.0,59.0,59.5,59.5,60.0,60.0,60.5,60.5,61.0,61.0,60.5,60.5,60.0,60.0,59.5,59.5,59.0,59.0,58.5,58.5,58.5,59.0,59.5,60.0,60.5,61.0,61.5,61.5,62.0,61.5,61.5,61.5,61.0,60.5,60.5,60.0,60.0,59.5,59.5,59.5,59.5,59.5,60.0,60.5,60.5,61.0,61.5,62.0,62.0,62.5,62.5,62.0,62.0,61.5,61.0,60.5,60.0,60.0,60.0,60.0,60.0,60.5,61.0,61.0,61.5,61.5,62.0,62.0,62.5,62.5,62.0,61.5,61.0,60.5,60.5,60.0,59.5,59.0,59.0,59.0,59.0,59.5,59.5,60.0,60.5,60.5,61.0,61.0,61.0,61.0,60.5,60.5,60.5,60.0,60.0,60.0,59.5,59.5,59.5,59.5,59.5,60.0,60.0,60.5,61.0,61.5,61.5,62.0,62.0,62.0,62.0,61.5,61.5,61.0,60.5,60.5,60.5,60.0,60.0,59.5,59.5,60.0,60.0,60.5,60.5,61.0,61.0,61.5,61.5,61.5,61.5,61.5,61.5,61.0,61.0,61.0,60.5,60.5,60.5,60.0,60.0,60.0,60.0,60.0,61.0,61.5,62.0,62.5,62.5,62.5,62.5,62.0,61.5,61.0,60.5,60.5,60.0,60.0,59.5,59.5,59.5,60.0,60.0,60.5,61.0,61.0,61.5,62.0,62.0,62.0,62.0,62.0,61.5,61.5,61.5,61.0,61.0,61.0,61.0,61.0,61.0,61.0,61.0,61.0,61.5,62.0,62.5,63.0,63.0,63.5,63.5,63.0,63.0,62.5,62.5,62.5,62.5,62.5,62.5,62.5,62.5,62.5,63.0,63.0,63.0,63.0,63.0,0.0,0.0
7.5,8.5,9.5,11.5,14.0,17.5,22.0,27.0,32.5,39.0,45.5,52.5,59.0,65.5,71.5,77.0,82.5,88.0,93.5,98.5,102.5,105.5,108.0,109.5,111.0,111.5,111.5,110.5,108.0,104.5,100.5,95.0,89.5,83.5,77.0,71.0,65.0,59.5,54.5,49.5,46.0,42.5,40.0,38.0,37.0,36.5,36.5,36.5,37.0,37.0,37.5,37.0,37.0,36.0,35.5,34.5,34.0,33.0,32.0,31.0,30.5,30.0,30.0,30.0,30.0,30.0,30.0,30.0,30.0,30.0,29.5,29.5,29.0,28.5,28.5,28.0,28.0,28.0,27.5,27.5,27.5,28.0,28.0,28.5,29.0,29.5,29.5,30.0,30.0,29.5,29.5,29.0,28.5,28.0,28.0,28.0,27.5,27.5,27.5,27.5,28.0,28.0,28.5,29.0,29.5,30.0,30.0,30.5,30.5,30.5,30.5,30.0,29.5,29.0,29.0,28.5,28.5,28.5,28.5,28.5,28.5,29.0,29.0,29.0,29.5,29.5,30.0,30.5,30.5,30.5,30.5,30.0,29.5,29.5,29.0,29.0,28.5,28.5,28.5,28.5,29.0,29.0,29.5,30.0,30.0,30.5,30.5,31.0,31.0,31.0,30.5,30.5,30.0,29.5,29.0,29.0,28.5,28.5,28.5,28.5,28.5,28.5,29.0,29.5,30.0,30.0,30.5,30.5,30.5,30.5,30.5,30.0,30.0,29.5,29.0,29.0,28.5,28.5,28.5,29.0,29.0,29.0,29.5,29.5,29.5,30.0,30.0,30.0,30.0,30.5,30.5,30.0,30.0,30.0,29.5,29.5,29.0,28.5,28.5,28.5,29.0,29.0,29.0,29.0,29.0,29.0,29.0,29.0,29.0,29.0,28.5,28.0,27.5,27.5,27.0,27.0,26.5,26.0,26.0,26.0,26.5,26.5,27.5,28.0,28.5,29.5,29.5,30.0,30.0,30.0,30.0,30.0,29.5,29.5,29.0,29.0,29.0,29.0,29.0,29.0,29.5,29.5,30.0,30.5,31.0,31.5,32.0,32.5,33.0,32.5,32.5,32.0,31.5,30.5,30.0,29.5,29.5,29.5,29.5,29.5,29.5,29.5,29.5,29.5,30.0,30.5,30.5,31.0,31.0,30.5,30.0,29.5,29.0,28.5,28.0,28.0,27.5,27.5,27.5,27.5,28.0,28.0,28.5,29.0,29.5,29.5,29.5,29.5,29.5,29.5,29.0,29.0,28.5,28.5,28.0,28.0,28.0,28.0,28.5,29.0,29.5,29.5,30.0,30.5,31.0,31.5,31.5,31.5,31.5,31.0,31.0,30.5,30.5,30.5,30.0,29.5,29.0,29.0,29.0,29.0,0.0,0.0
20.0,19.5,19.5,19.5,19.5,19.5,19.5,20.0,21.0,21.5,22.0,22.5,22.5,23.0,23.0,23.0,23.0,23.0,22.5,22.5,22.5,22.0,22.0,22.0,22.0,22.0,22.0,22.5,23.0,23.5,23.5,24.0,24.5,25.0,24.5,24.5,24.0,24.0,23.5,23.0,23.0,22.5,22.0,22.0,22.0,22.5,23.0,23.5,24.0,24.5,25.0,25.5,25.5,26.0,26.0,26.0,26.0,26.0,25.5,25.0,25.0,24.5,24.5,24.0,24.0,24.0,24.5,24.5,25.0,25.5,26.0,26.5,26.5,27.0,27.0,27.0,27.0,26.5,26.0,26.0,25.5,25.5,25.5,25.5,25.5,25.5,25.5,26.0,26.0,26.0,26.5,27.0,27.5,27.5,28.0,27.5,27.5,27.0,27.0,26.5,26.5,26.0,26.0,26.0,26.0,26.0,26.0,26.5,27.0,27.5,28.0,28.0,28.5,29.0,29.0,29.0,29.0,29.0,28.5,28.5,28.0,28.0,28.0,28.0,28.0,28.5,28.5,28.5,29.0,29.5,30.0,30.5,31.0,31.5,32.0,32.0,32.0,32.0,31.5,31.0,30.5,30.0,30.0,29.5,29.5,29.5,30.0,30.5,31.0,31.5,32.0,32.5,33.0,33.0,33.5,33.5,33.5,33.5,33.5,33.5,33.0,33.0,32.5,32.5,32.5,32.5,32.5,33.0,33.5,33.5,34.0,34.5,34.5,35.0,35.0,35.5,35.0,35.0,34.5,34.5,34.0,33.5,33.0,32.5,32.0,32.5,32.5,33.0,33.0,33.5,34.0,34.5,35.0,35.5,36.0,36.0,36.0,36.0,36.0,36.0,36.0,35.5,35.5,35.0,35.0,35.0,35.5,36.0,36.5,37.0,37.5,37.5,38.0,38.5,38.5,39.0,39.0,38.5,38.5,38.0,37.5,37.5,37.0,36.5,36.0,36.0,36.0,36.0,36.5,36.5,37.0,37.5,37.5,38.0,38.0,38.0,38.0,37.5,37.5,37.0,36.5,36.0,35.5,35.0,35.0,35.5,35.5,36.0,36.0,36.5,36.5,37.0,37.5,37.5,37.5,37.5,37.0,37.0,37.0,36.5,36.5,36.0,36.0,36.0,36.0,36.0,36.0,36.0,36.5,36.5,37.0,37.5,38.0,38.5,38.5,38.5,38.5,38.5,38.0,37.5,37.5,37.0,37.0,36.5,36.5,36.5,37.0,38.0,38.5,39.5,40.0,40.5,41.0,41.0,41.5,41.0,41.0,40.5,40.0,40.0,39.5,39.5,39.0,39.0,39.0,39.5,39.5,40.0,40.5,40.5,41.0,42.0,42.0,42.5,42.0,42.0,42.0,41.5,41.5,41.5,0.0,0.0
68.5,69.0,69.5,70.0,70.0,70.5,70.5,70.5,70.0,70.0,69.5,69.5,69.0,68.5,68.5,68.0,68.0,68.0,68.0,68.0,68.5,68.5,69.0,69.0,69.5,69.5,69.5,69.5,69.5,69.5,69.5,69.0,69.0,68.5,68.5,68.5,68.5,68.5,68.5,69.0,69.0,69.5,69.5,70.0,70.0,70.5,70.5,70.0,70.0,69.5,69.0,68.5,68.5,68.0,68.0,68.0,68.0,68.5,69.0,69.5,70.0,70.5,71.0,71.5,71.5,71.5,71.5,71.0,70.5,70.0,70.0,69.5,69.5,69.0,69.0,69.0,68.5,69.0,69.0,69.5,70.0,70.0,70.5,71.0,71.0,71.5,71.5,71.5,71.0,70.5,70.0,69.5,69.0,68.5,68.5,68.0,68.0,68.0,68.5,68.5,68.5,69.0,69.0,69.0,69.0,69.0,69.0,69.0,69.0,68.5,68.0,67.5,67.0,66.5,66.5,66.5,66.5,66.5,66.5,67.0,67.5,68.0,68.5,68.5,69.0,69.0,69.5,69.5,69.0,69.0,68.5,68.5,68.0,67.5,67.5,67.5,67.5,67.5,67.5,68.0,68.0,68.5,68.5,69.0,69.0,69.5,69.5,69.0,69.0,69.0,68.5,68.0,67.5,67.5,67.0,66.5,66.5,66.5,67.0,67.0,67.5,68.0,68.0,68.5,68.5,68.5,68.5,68.5,68.5,68.0,68.0,68.0,67.5,67.5,67.0,67.0,67.0,67.0,67.5,68.0,68.5,69.0,69.5,70.0,70.0,70.0,69.5,69.5,69.5,69.0,69.0,69.0,68.5,68.0,67.5,67.0,67.0,67.0,67.5,68.0,68.5,69.0,69.0,69.5,69.5,70.0,70.0,70.0,69.5,69.0,68.5,68.0,67.5,67.5,67.5,67.5,67.5,67.5,67.5,68.0,68.5,69.0,69.5,70.0,70.5,70.5,70.0,70.0,69.5,69.5,69.0,69.0,68.5,68.0,68.0,67.5,67.5,67.5,67.5,67.5,68.0,68.5,68.5,69.0,69.0,69.5,69.5,69.5,70.0,70.0,69.5,69.5,69.0,69.0,68.5,68.5,68.5,68.5,68.5,69.0,69.0,69.0,69.0,68.5,68.0,67.5,67.0,66.5,66.0,66.0,66.5,67.0,67.5,68.5,69.0,70.0,71.0,71.5,72.0,72.0,72.5,72.5,72.5,72.5,72.0,72.0,71.5,71.0,70.5,70.0,69.0,68.5,67.5,67.5,67.0,67.0,67.0,67.0,67.0,67.0,67.5,68.0,68.5,69.0,69.0,69.0,69.0,69.0,69.0,68.5,68.5,68.0,68.0,68.0,68.0,68.0,68.0,68.0,68.0,68.5,0.0,0.0
71.0,71.0,71.0,71.0,71.0,70.5,70.5,70.0,69.5,69.5,69.0,69.0,69.0,69.0,69.0,69.5,70.0,70.5,70.5,70.5,70.5,70.5,70.5,70.5,70.5,70.5,70.5,70.5,70.0,70.0,69.5,69.5,69.0,69.0,69.0,69.0,69.5,69.5,69.5,70.0,70.0,70.0,69.5,69.0,68.0,67.0,66.0,65.0,64.5,64.0,64.0,64.0,65.0,66.5,67.5,69.0,70.5,72.0,73.0,74.5,75.0,75.5,76.0,76.0,75.5,75.5,74.5,73.5,72.5,71.5,70.5,70.0,69.5,69.0,69.0,69.0,69.0,69.5,69.5,69.5,69.5,69.5,69.5,69.5,69.5,69.5,69.0,68.5,68.0,67.5,67.0,66.5,66.5,66.5,66.5,66.5,67.0,67.0,67.5,68.0,68.5,69.0,69.0,69.5,69.5,69.5,69.5,69.0,68.5,68.5,68.0,67.5,67.5,67.5,67.5,68.0,68.0,68.5,69.0,69.5,69.5,70.0,70.0,70.0,70.0,70.0,70.0,69.5,69.0,68.5,68.0,67.5,67.5,67.5,67.5,68.0,68.5,69.0,69.5,70.0,70.5,70.5,70.5,70.5,70.5,70.5,70.5,70.0,70.0,69.5,69.5,69.5,69.5,69.0,69.0,69.5,69.5,69.5,69.5,70.0,70.0,70.0,70.0,70.0,69.5,69.5,69.0,68.5,68.0,67.5,67.5,67.5,67.5,67.5,67.5,68.0,68.5,69.0,69.5,70.0,70.5,70.5,70.5,70.5,70.0,70.0,69.5,69.0,68.5,68.5,68.5,68.5,68.0,68.5,68.5,68.5,69.0,69.0,69.0,69.5,69.5,69.5,69.5,69.5,69.5,69.0,68.5,68.5,68.5,68.0,68.0,67.5,67.5,67.5,68.0,68.0,68.5,69.0,69.5,69.5,69.5,69.5,69.5,70.0,70.0,70.0,69.5,69.5,69.0,69.0,68.5,68.0,67.5,67.5,67.5,67.5,68.0,68.0,68.5,69.0,69.5,69.5,69.5,69.5,69.5,69.5,69.0,68.5,68.0,67.5,67.0,66.5,66.0,66.0,66.0,66.0,66.0,66.5,66.5,67.0,67.5,67.5,67.5,67.5,67.0,67.0,66.5,66.5,66.0,66.0,65.5,66.0,66.0,66.5,67.0,67.0,67.5,68.0,68.0,68.5,68.5,68.5,69.0,69.0,69.0,68.5,68.5,68.5,68.5,68.5,68.5,68.5,69.0,69.0,69.5,69.5,70.0,70.5,70.5,71.0,71.0,71.0,71.0,71.0,71.0,71.0,71.0,70.5,70.5,70.0,70.0,69.5,69.5,69.5,70.0,70.0,70.5,71.0,71.5,72.0,0.0,0.0
54.5,54.5,54.0,53.5,53.5,53.0,53.0,53.0,52.5,52.5,52.5,52.5,52.5,52.5,53.5,54.0,54.5,54.5,55.0,55.0,55.0,55.0,55.0,55.0,55.0,55.0,54.5,54.5,54.0,54.0,54.0,54.0,54.0,54.0,54.0,54.5,54.5,54.5,54.5,54.5,54.5,55.0,55.0,55.0,54.5,54.5,54.5,54.0,54.0,53.5,53.5,53.5,53.5,54.0,54.0,54.5,55.0,55.5,56.0,56.0,56.5,56.5,56.0,56.0,55.5,55.0,55.0,55.0,55.0,55.0,54.5,54.5,54.5,55.0,55.5,55.5,55.5,56.0,56.0,55.5,55.5,55.0,55.0,54.5,54.0,53.5,53.0,52.5,52.0,52.0,51.5,51.5,51.0,51.0,51.5,51.5,52.0,52.5,53.0,53.5,54.0,54.0,54.0,54.0,53.5,53.5,53.0,53.0,53.0,53.0,53.5,53.5,54.0,54.5,55.0,55.5,56.5,57.5,58.0,58.0,58.5,58.5,58.0,58.0,57.5,57.5,57.0,56.5,56.0,55.5,55.5,55.0,55.0,55.5,55.5,56.0,56.5,57.5,57.5,57.5,57.5,57.5,57.5,57.0,57.0,56.5,56.5,56.5,56.0,56.0,55.5,55.5,55.5,56.0,56.0,56.5,57.0,57.0,57.0,57.0,56.5,56.5,56.0,55.5,55.0,54.5,54.0,54.0,53.5,53.5,53.0,53.0,53.5,53.5,53.5,53.5,54.0,54.0,54.5,54.5,54.5,54.5,54.0,54.0,54.0,53.5,53.0,52.5,51.5,50.5,49.5,48.0,46.5,45.0,43.0,41.0,39.5,38.0,37.0,36.0,35.0,35.0,34.5,34.5,35.0,36.0,38.0,41.0,45.0,49.5,55.0,61.5,68.5,76.5,84.0,91.5,99.0,106.0,113.0,119.5,126.0,132.0,136.5,140.0,142.5,144.0,144.5,144.5,143.5,141.5,138.5,134.0,129.0,124.0,118.5,113.5,108.0,103.0,97.5,92.5,88.0,83.5,79.0,75.5,72.0,69.0,66.0,63.5,61.5,60.5,59.5,59.0,59.0,59.0,59.5,59.5,60.0,60.0,60.0,60.0,59.5,59.5,59.0,58.5,58.0,57.5,57.0,56.5,56.0,56.0,55.5,55.5,55.5,55.5,55.5,56.0,56.0,56.5,56.5,57.0,57.0,57.0,57.0,56.5,56.5,56.0,55.5,55.0,54.0,53.5,53.0,52.5,52.0,51.5,51.0,50.5,50.0,49.5,49.5,50.0,51.0,52.0,53.0,54.0,55.0,56.0,56.5,57.0,57.0,57.0,57.0,57.0,56.5,56.5,56.5,56.0,56.0,55.5,55.5,55.0,0.0,0.0
-7.5,-7.5,-7.5,-8.0,-8.0,-8.5,-9.0,-9.0,-9.0,-8.5,-8.5,-8.0,-8.0,-7.5,-7.0,-7.0,-7.0,-7.5,-8.0,-8.5,-9.0,-9.5,-10.0,-10.0,-10.5,-10.5,-10.5,-10.5,-10.5,-10.0,-10.0,-9.5,-9.0,-8.5,-8.0,-8.0,-8.0,-8.0,-8.5,-9.0,-9.5,-10.0,-10.5,-11.0,-11.5,-11.5,-12.0,-11.5,-11.5,-10.5,-10.0,-10.0,-9.5,-9.0,-8.5,-8.0,-8.0,-8.5,-9.0,-9.5,-10.0,-10.5,-11.0,-11.0,-11.5,-11.5,-12.0,-11.5,-11.5,-11.0,-10.5,-10.5,-10.0,-10.0,-10.0,-10.0,-10.0,-10.0,-10.0,-10.5,-10.5,-11.0,-11.5,-11.5,-12.0,-12.0,-11.5,-11.5,-11.0,-10.0,-9.5,-9.0,-9.0,-9.0,-9.0,-9.0,-9.0,-9.5,-10.0,-10.5,-11.0,-11.0,-11.5,-12.0,-12.0,-12.0,-12.0,-11.5,-11.5,-11.0,-10.5,-10.5,-10.0,-10.0,-10.0,-10.0,-10.0,-10.0,-10.5,-11.0,-11.5,-12.5,-13.0,-13.5,-14.0,-14.5,-14.5,-14.5,-14.5,-14.0,-13.5,-13.0,-13.0,-12.5,-12.5,-12.5,-12.5,-13.0,-13.0,-13.5,-14.0,-14.5,-15.0,-15.5,-16.5,-16.5,-17.0,-17.0,-17.0,-17.0,-17.0,-17.0,-17.0,-17.0,-17.0,-16.5,-16.5,-16.5,-16.0,-16.0,-16.0,-16.0,-16.5,-16.5,-16.5,-16.5,-16.0,-15.5,-15.0,-15.0,-14.5,-14.0,-14.0,-13.5,-13.5,-13.5,-13.5,-13.5,-14.0,-14.0,-14.5,-15.0,-15.5,-16.0,-16.5,-16.5,-16.5,-16.5,-16.0,-15.5,-15.5,-15.0,-15.0,-15.0,-15.0,-15.0,-15.0,-15.5,-15.5,-16.0,-17.0,-17.5,-17.5,-18.0,-18.5,-18.5,-19.0,-18.5,-18.0,-17.5,-16.5,-16.0,-15.0,-15.0,-14.5,-14.0,-14.0,-14.0,-14.0,-14.0,-14.0,-14.5,-14.5,-15.0,-15.0,-15.5,-15.5,-15.5,-15.5,-15.5,-15.0,-15.0,-14.5,-14.0,-14.0,-14.0,-14.0,-14.5,-15.0,-15.5,-16.0,-16.0,-16.5,-16.5,-17.5,-18.5,-20.0,-21.0,-22.5,-24.0,-25.5,-27.0,-29.0,-30.5,-32.0,-33.0,-34.0,-34.5,-34.5,-34.5,-33.5,-32.0,-29.0,-25.5,-21.5,-16.5,-10.5,-4.0,3.0,10.5,18.0,24.5,31.0,36.5,42.0,47.0,51.5,55.5,59.0,61.0,62.0,62.0,62.0,61.5,60.5,58.5,56.0,52.5,48.5,44.5,40.0,35.0,30.0,25.0,20.0,14.5,9.5,4.5,-0.5,-5.0,-8.5,-11.5,-13.0,-14.0,-14.5,-14.5,-14.0,-13.0,-12.0,-11.0,-10.0,-9.5,-9.0,-9.0,-9.0,-9.5,-10.5,-11.5,-12.5,-13.5,0.0,0.0
20.5,20.5,20.5,21.0,22.0,22.5,23.0,23.0,23.0,23.0,23.0,22.5,22.0,21.0,20.5,19.5,19.0,18.5,17.5,17.0,17.0,17.0,17.5,18.5,20.0,21.5,23.0,24.0,25.0,26.0,26.5,27.0,27.0,27.0,26.0,25.5,25.0,24.0,23.5,23.0,22.5,22.0,22.0,21.5,21.5,21.5,22.0,22.0,22.5,23.0,23.0,23.0,23.0,22.5,22.5,22.0,21.5,21.5,21.5,21.5,21.5,22.0,22.0,22.5,23.0,23.0,23.5,24.0,24.0,24.0,24.0,23.5,23.5,23.0,22.5,22.5,21.5,21.0,21.0,20.5,20.5,21.0,21.5,21.5,22.0,22.5,23.0,23.5,23.5,23.5,23.5,23.5,24.0,24.0,23.5,23.5,23.0,22.5,22.5,22.0,22.0,22.0,22.5,22.5,23.0,23.5,23.5,24.0,24.5,24.5,24.5,24.5,24.5,24.0,23.5,23.0,23.0,22.5,22.5,22.0,22.0,22.0,22.5,22.5,22.5,23.0,23.0,23.0,23.0,23.5,23.5,23.5,23.0,23.0,22.5,22.5,22.5,22.5,22.5,22.5,23.0,23.5,24.0,24.0,24.5,24.5,25.0,25.5,25.5,26.0,26.0,26.0,26.0,25.5,25.0,24.5,24.5,24.0,24.0,24.0,24.0,24.5,24.5,25.0,25.5,26.0,26.5,27.0,27.0,27.5,27.5,27.5,27.5,27.5,27.5,27.5,27.0,27.0,27.0,27.0,27.0,27.0,27.5,27.5,28.0,28.0,28.5,29.0,29.5,30.0,30.0,30.0,30.0,29.5,28.5,28.0,27.5,27.5,27.0,27.0,27.0,27.5,27.5,28.0,28.5,29.0,29.5,30.0,30.0,30.5,30.5,30.0,30.0,29.5,29.5,29.5,29.5,29.5,29.5,29.5,29.5,29.5,29.5,29.5,29.5,29.5,30.0,30.0,30.0,30.5,30.5,30.0,30.0,29.5,29.0,28.5,28.0,27.5,27.5,27.5,28.0,28.5,29.0,29.5,30.0,30.5,30.5,31.0,31.0,31.5,31.5,32.0,32.0,32.0,32.0,32.0,31.5,31.0,31.0,31.0,31.0,31.0,31.0,31.0,31.5,32.0,32.5,33.0,33.0,33.5,33.0,33.0,32.5,32.0,31.0,30.5,30.0,29.5,29.0,29.0,29.0,29.0,29.5,29.5,30.0,30.0,30.5,30.5,30.5,30.5,30.5,30.5,30.0,30.0,29.5,29.0,28.5,28.5,28.5,29.0,29.5,29.5,30.0,30.5,31.0,31.5,32.0,32.5,33.0,33.0,33.5,33.0,33.0,32.5,32.0,32.0,31.5,31.0,31.0,31.0,0.0,0.0
4.5,4.5,4.5,4.5,5.0,5.0,5.5,5.5,5.5,6.0,6.0,6.5,6.5,6.5,6.5,6.0,5.5,5.0,5.0,5.0,5.0,5.0,5.5,6.0,6.5,7.0,7.5,8.0,8.0,8.5,8.5,8.5,8.5,8.0,7.5,7.5,7.5,7.5,7.0,7.0,7.5,7.5,7.5,8.0,8.0,8.5,9.0,9.5,10.0,10.5,10.0,10.0,9.5,9.0,8.5,8.0,7.5,7.0,6.5,6.5,6.0,6.0,6.0,6.5,6.5,7.0,8.0,8.5,9.0,9.5,9.5,9.5,9.5,9.0,8.5,8.5,8.0,7.5,7.5,7.0,6.5,6.5,6.0,6.5,6.5,7.0,7.0,7.5,7.5,8.0,8.0,8.0,8.0,7.5,7.0,6.5,6.5,6.0,6.0,6.0,6.0,6.5,7.0,7.5,8.0,8.5,9.0,9.0,9.5,10.0,10.0,10.0,9.5,9.5,9.0,8.5,8.5,8.5,8.0,8.0,8.5,8.5,8.5,8.5,9.0,9.0,9.0,9.5,9.5,9.5,9.5,9.5,9.5,9.5,9.5,9.0,9.0,8.5,8.5,8.5,8.5,8.5,9.0,9.5,10.0,10.5,10.5,11.0,11.0,11.0,11.5,11.5,11.5,11.0,11.0,11.0,10.5,10.0,10.0,9.5,9.5,9.5,9.5,9.5,10.0,10.5,10.5,10.5,11.0,11.0,10.5,10.5,10.0,10.0,9.5,9.0,9.0,9.0,8.5,8.5,8.5,8.5,8.5,8.5,9.0,9.5,10.0,10.5,10.5,10.5,10.5,10.5,10.5,10.5,10.0,9.5,9.0,8.5,8.0,7.0,6.5,6.5,6.0,6.5,6.5,7.0,7.0,7.5,7.5,7.5,7.0,7.0,6.0,5.5,5.0,5.0,5.0,5.0,5.0,5.0,5.5,5.5,5.5,6.0,6.5,7.0,8.0,8.5,9.0,9.0,9.0,9.5,9.5,10.0,10.0,10.5,10.5,10.5,10.0,10.0,9.5,9.5,9.0,9.5,9.5,10.0,10.5,10.5,11.0,10.5,10.5,10.5,10.0,10.0,9.5,9.5,9.0,8.5,8.0,8.0,8.0,8.0,8.0,8.5,9.0,9.5,10.0,10.5,11.0,11.0,11.0,11.5,11.0,11.0,11.0,10.5,10.5,10.0,10.0,9.5,9.5,9.5,10.0,10.0,10.5,11.0,11.5,11.5,12.0,12.0,12.0,12.0,11.5,11.5,11.0,10.5,10.0,9.5,9.0,9.0,9.0,9.0,9.5,9.5,10.0,10.5,11.0,11.5,11.5,12.0,11.5,11.0,10.0,8.0,6.0,3.5,0.5,-2.5,-5.5,-8.0,0.0,0.0
29.0,28.5,28.0,28.0,27.5,27.5,27.0,27.0,27.0,27.0,27.0,27.0,27.0,27.0,27.5,27.5,27.5,27.5,27.0,27.0,26.5,26.0,26.0,25.5,25.5,25.5,26.0,26.0,26.5,27.0,27.5,27.5,27.5,28.0,28.0,27.5,27.5,27.0,26.5,26.0,25.5,25.5,25.0,24.5,24.5,24.5,24.5,25.0,25.5,26.0,26.5,27.0,27.5,28.0,28.0,28.0,28.0,27.5,27.0,26.5,26.5,26.0,26.0,26.0,26.0,26.5,26.5,27.0,27.0,27.5,28.0,28.0,28.5,28.5,29.0,29.0,28.5,28.0,27.5,26.5,26.0,25.5,25.0,25.0,25.0,25.0,25.5,25.5,26.0,26.0,26.5,26.5,27.0,27.0,27.0,27.5,27.5,27.5,27.0,26.5,26.5,26.0,25.5,26.0,26.0,26.0,26.5,26.5,26.5,26.5,26.5,27.0,27.0,27.0,26.5,26.5,26.5,26.0,25.5,25.5,25.0,25.0,24.5,24.5,24.0,24.0,24.5,24.5,25.0,25.5,25.5,26.0,26.5,26.5,26.5,26.5,26.5,26.0,26.0,26.0,25.5,25.5,26.0,26.0,26.5,27.0,27.5,27.5,28.0,28.5,28.5,28.5,28.5,28.5,28.5,28.5,28.5,28.0,27.5,27.0,26.5,26.5,26.0,25.5,25.5,25.5,25.5,25.5,26.0,26.0,26.5,27.0,27.0,27.0,27.5,27.0,27.0,26.5,26.5,26.0,26.0,25.5,25.5,25.0,25.0,25.5,26.0,26.5,27.0,27.5,28.0,28.0,28.0,28.0,27.5,27.5,27.0,26.5,26.5,26.0,26.0,26.0,25.5,25.5,25.5,25.5,26.0,26.0,26.5,26.5,27.0,27.5,27.5,28.0,28.0,27.5,27.0,27.0,26.5,26.0,26.0,25.5,25.5,25.5,25.5,25.5,25.5,25.5,26.0,26.0,26.5,27.0,27.5,27.5,28.0,28.0,27.5,27.5,27.0,26.5,26.0,25.5,25.0,24.5,24.5,24.5,24.5,24.5,24.5,24.5,24.5,24.5,24.5,24.0,23.5,23.0,22.0,22.0,21.5,21.0,21.0,20.5,20.5,20.0,20.0,20.5,20.5,21.0,22.0,22.5,23.0,23.5,24.0,24.5,24.5,25.0,25.5,26.0,26.5,26.5,26.5,26.5,26.5,26.0,26.0,25.5,25.5,25.5,26.0,26.0,26.0,26.0,26.0,25.5,25.5,25.0,25.0,24.5,24.5,24.0,24.0,24.0,24.0,23.5,23.5,24.0,24.0,24.5,25.0,25.5,26.0,26.0,26.5,26.5,26.5,26.5,26.5,26.5,26.5,26.0,0.0,0.0
43.0,43.0,43.5,44.0,44.5,45.0,45.5,46.0,46.0,46.0,45.5,45.0,44.5,43.5,43.0,42.0,41.5,40.5,40.0,39.5,39.0,38.5,38.5,39.0,40.0,41.0,42.5,43.5,45.0,46.0,46.5,47.0,47.0,46.5,46.0,45.5,45.0,45.0,44.5,44.5,45.0,45.0,45.0,44.5,44.5,44.0,44.0,43.5,43.0,43.0,42.5,42.0,41.5,41.5,41.0,41.0,41.0,41.0,40.5,41.0,41.0,41.0,41.5,41.5,42.0,42.0,42.0,41.5,41.5,41.0,40.5,40.0,40.0,39.5,39.0,38.5,38.5,38.5,38.5,38.5,39.0,39.5,40.0,40.5,40.5,41.0,41.0,41.0,40.5,40.5,40.5,40.5,40.5,40.5,40.5,40.5,40.5,41.0,41.0,41.0,41.5,42.0,42.0,42.5,42.5,43.0,43.0,43.0,42.5,42.0,42.0,41.5,41.5,41.5,41.0,41.0,40.5,40.5,40.5,40.5,40.5,41.0,41.0,41.5,41.5,42.0,42.0,42.0,42.0,42.0,41.5,41.0,41.0,40.5,40.0,39.5,39.0,39.0,39.0,39.5,39.5,40.0,40.0,40.0,40.5,40.5,40.5,40.5,40.5,40.0,39.5,39.0,38.5,38.0,37.5,37.0,37.0,37.0,36.5,36.5,37.0,37.0,37.5,38.0,38.0,38.5,38.5,39.0,39.0,39.0,38.5,38.5,38.5,38.0,37.5,37.0,37.0,36.5,36.5,37.0,37.0,37.5,37.5,37.5,37.5,37.0,37.0,37.0,37.0,36.5,36.0,36.0,35.5,35.5,35.0,34.5,34.0,34.0,33.5,34.0,34.0,34.5,34.5,34.5,34.5,34.5,35.0,35.0,35.0,35.0,35.0,35.5,35.5,35.5,35.5,35.5,35.5,35.5,36.0,36.5,37.5,38.0,39.0,39.5,40.0,40.0,40.0,40.0,40.0,39.5,39.5,39.0,38.5,38.0,38.0,37.5,37.0,37.0,36.5,36.5,37.0,37.0,37.0,37.0,37.5,38.0,38.5,38.5,38.5,38.5,38.5,38.5,38.5,38.0,38.0,37.5,37.5,37.5,37.5,37.5,37.5,38.0,38.0,38.0,38.5,38.5,38.5,38.5,38.5,38.0,38.0,38.0,37.5,37.5,37.0,37.0,36.5,36.5,36.5,36.5,37.0,37.0,37.0,37.5,38.0,38.0,38.5,39.0,39.0,39.0,39.0,38.5,38.0,37.5,36.5,36.0,36.0,35.5,35.5,35.5,35.0,35.0,34.0,33.0,31.5,30.0,28.0,26.0,24.0,21.5,19.5,18.0,17.0,16.0,15.5,16.0,16.5,18.0,20.0,23.0,0.0,0.0
32.5,32.5,32.5,32.5,32.5,32.5,32.5,32.0,32.0,32.0,32.0,31.5,31.0,31.0,30.5,30.0,29.5,28.5,28.5,28.0,28.0,28.0,28.5,29.0,29.5,30.0,31.0,31.5,32.0,32.5,33.0,33.5,34.0,34.0,34.0,34.0,34.0,34.0,34.0,34.0,33.5,33.0,33.0,32.5,32.0,31.5,31.5,31.5,31.5,32.0,32.5,32.5,32.5,32.5,32.0,31.5,31.0,30.5,30.0,29.5,29.5,29.5,29.5,30.0,30.0,30.5,31.0,31.5,32.0,32.5,33.0,33.0,33.0,33.0,33.0,32.5,32.0,31.5,31.0,30.5,30.0,29.5,29.5,29.0,29.0,29.0,29.0,29.0,29.5,30.0,30.5,31.5,31.5,31.5,31.0,30.5,29.5,28.5,28.0,27.5,27.0,27.0,27.0,27.5,28.0,28.5,29.5,30.0,30.0,30.0,30.0,29.0,28.0,26.5,24.5,22.0,19.5,17.0,14.5,12.5,10.0,8.5,7.5,7.0,7.0,7.5,8.5,10.0,12.0,14.0,17.5,21.0,25.5,30.5,36.0,42.5,49.0,55.5,62.0,68.0,73.5,79.0,84.5,89.5,94.5,98.0,101.0,103.0,104.5,105.0,105.0,105.0,104.0,102.0,100.0,96.5,92.5,87.5,82.5,77.5,72.0,67.0,62.5,58.0,54.0,50.5,47.0,43.5,41.0,38.5,36.5,35.5,34.5,34.0,33.5,33.5,33.0,32.5,32.0,31.5,31.0,31.0,30.5,30.5,30.5,30.5,30.5,30.5,30.0,30.0,30.0,30.0,30.0,29.5,29.0,28.5,28.0,27.0,26.5,26.0,25.5,25.0,25.0,25.0,25.0,25.5,26.0,26.0,26.5,26.5,27.0,27.0,27.5,27.5,27.5,27.5,27.0,27.0,27.0,26.5,26.5,26.0,25.5,25.5,25.5,26.0,26.5,27.0,27.0,27.0,27.0,26.5,26.0,25.5,25.0,24.5,24.0,24.0,23.5,23.5,23.5,23.5,23.5,23.5,24.0,24.0,24.5,24.5,25.0,25.5,25.5,25.5,25.5,25.5,25.0,24.5,24.0,23.5,23.5,23.0,23.0,23.5,23.5,24.0,24.0,24.5,25.0,25.0,25.5,25.5,26.0,26.0,26.0,26.0,26.0,25.5,25.0,24.5,24.0,23.5,23.5,23.5,23.5,23.5,24.0,24.5,24.5,25.0,25.5,25.5,26.0,26.0,25.5,25.5,25.5,25.5,25.5,25.5,25.5,25.5,25.0,25.0,24.5,24.5,24.5,25.0,25.5,26.0,26.5,27.0,27.0,27.5,27.0,27.0,26.5,26.0,25.0,24.5,23.5,23.0,0.0,0.0
21.0,20.5,20.0,19.5,19.0,18.0,17.5,17.0,16.5,16.5,17.0,17.0,17.0,17.0,17.0,17.0,17.0,17.0,17.0,17.0,17.0,16.5,16.0,16.0,16.0,16.0,16.0,16.0,16.5,16.5,16.5,17.0,17.5,17.5,17.5,17.5,17.5,17.5,17.0,17.0,16.5,16.5,16.0,15.5,15.5,15.0,14.5,14.0,13.5,13.0,13.0,13.0,13.0,13.0,13.5,13.5,14.0,14.0,13.5,13.5,13.0,13.0,13.0,12.5,12.5,12.5,12.0,12.0,12.0,12.0,12.0,12.5,13.0,13.0,13.5,13.5,13.5,13.5,13.5,13.5,13.0,13.0,12.5,12.0,12.0,11.5,11.0,10.5,10.5,10.0,10.0,10.0,10.5,10.5,11.0,11.5,11.5,11.5,11.5,11.5,11.0,10.5,10.0,9.5,9.5,9.5,10.0,10.0,10.5,10.5,10.5,11.0,11.0,11.5,11.5,12.0,12.0,11.5,11.5,11.0,10.5,10.0,9.0,8.5,8.0,7.5,7.5,7.0,7.0,7.5,7.5,8.0,8.5,9.0,9.5,10.0,10.5,10.5,10.5,10.5,10.0,9.5,9.5,9.0,9.0,9.0,9.0,9.0,9.0,9.5,10.0,10.5,11.0,11.5,12.0,12.5,12.5,12.5,12.0,12.0,11.5,11.0,10.0,10.0,9.5,9.0,9.0,9.0,9.5,10.0,10.0,10.5,11.0,11.5,11.5,12.0,12.0,12.0,12.0,12.0,12.0,11.5,11.0,10.0,9.5,9.0,8.5,8.0,8.0,7.5,7.5,8.0,8.0,8.5,8.5,8.5,8.5,9.0,9.0,9.0,8.5,8.5,8.0,7.5,7.0,6.5,6.0,5.5,5.0,5.0,5.0,5.5,6.0,6.5,7.0,7.5,8.0,8.0,8.0,8.0,7.5,7.0,6.5,5.5,5.0,5.0,4.5,5.0,5.0,5.0,5.0,5.5,5.5,6.0,6.5,7.0,7.0,7.0,7.0,7.0,6.5,6.0,5.5,5.0,5.0,4.5,4.5,4.5,4.5,4.5,4.5,4.5,4.5,4.5,5.0,5.5,5.5,5.5,5.5,5.5,5.5,5.5,5.0,5.0,4.5,4.0,3.5,3.0,3.0,3.5,4.0,4.5,5.5,6.5,7.0,7.5,8.0,8.0,7.5,7.0,6.5,6.0,5.5,4.5,4.0,3.5,3.0,2.5,2.5,3.0,4.0,4.5,5.5,6.5,7.0,7.5,7.5,7.5,7.0,6.5,6.0,5.5,5.0,4.5,4.0,3.5,3.5,3.5,3.5,4.0,4.5,5.0,5.5,5.5,6.0,6.5,6.5,7.0,6.5,6.5,0.0,0.0
71.5,71.5,71.5,71.5,71.5,71.5,71.0,71.0,70.5,70.5,70.5,70.0,70.0,69.5,69.5,69.5,69.5,70.0,71.0,71.5,72.0,72.0,72.0,72.0,72.0,71.5,71.0,70.5,70.5,70.0,69.5,69.0,69.0,69.0,69.0,69.5,70.0,71.0,71.0,71.5,72.0,72.5,73.0,73.5,73.5,74.0,73.5,73.5,73.0,72.5,72.0,72.0,72.0,71.5,72.0,72.0,72.5,72.5,73.0,73.5,73.5,73.5,74.0,74.0,73.5,73.5,73.5,73.5,73.0,72.5,72.0,71.5,71.0,71.0,71.0,71.0,71.5,72.0,72.5,73.0,73.0,73.0,73.5,73.5,73.5,73.0,73.0,72.5,72.5,72.5,72.5,72.5,72.5,72.5,72.5,72.5,73.0,73.5,73.5,74.0,74.0,74.5,74.0,74.0,73.5,73.5,73.5,73.0,73.0,72.5,72.5,72.5,72.0,72.0,71.5,71.5,71.5,71.5,72.0,72.5,72.5,73.0,73.0,73.0,73.0,73.0,72.5,72.5,72.0,72.0,72.0,72.0,72.0,72.0,72.5,73.0,73.0,73.5,74.0,74.0,74.0,74.5,74.5,74.5,74.5,74.5,74.0,74.0,74.0,74.0,74.0,74.5,74.5,75.0,75.5,75.5,76.0,76.5,76.5,77.0,77.5,78.0,78.0,78.0,78.0,78.0,77.5,77.5,77.0,76.5,76.5,76.0,75.5,75.0,75.0,75.0,75.0,75.5,76.0,76.5,76.5,77.0,77.0,77.0,76.5,76.5,76.0,75.5,75.0,75.0,74.5,74.5,74.5,74.5,75.0,75.0,75.5,75.5,76.0,76.5,77.0,77.0,77.0,76.5,76.5,76.5,76.5,76.0,76.0,76.0,75.5,75.5,75.5,75.5,75.5,75.5,75.5,76.0,76.0,76.5,77.0,77.0,77.5,77.5,77.0,77.0,76.5,76.0,76.0,75.5,75.5,75.5,75.0,75.0,75.5,76.0,76.5,77.0,77.5,78.0,78.5,78.5,78.5,78.5,78.5,78.5,78.5,78.0,78.0,78.0,77.5,77.5,77.0,77.0,77.0,77.0,77.0,77.5,77.5,78.0,78.0,78.5,78.5,78.5,78.5,78.5,78.5,78.0,77.5,77.5,77.0,77.0,76.5,76.5,76.5,76.5,77.0,77.0,77.5,77.5,78.0,78.0,78.5,79.0,79.0,78.5,78.5,78.0,78.0,77.5,77.5,77.0,77.0,77.0,77.0,77.0,77.0,77.5,77.5,77.5,77.5,77.5,77.5,77.5,77.5,77.5,77.0,76.5,76.5,76.0,76.0,75.5,75.5,75.5,75.5,75.5,75.5,75.5,76.0,76.0,0.0,0.0
60.0,60.0,60.0,60.0,60.0,60.5,60.5,61.0,61.0,61.5,62.0,62.5,62.5,62.5,62.5,62.5,62.5,62.5,62.0,61.0,60.5,60.0,60.0,60.0,59.5,59.5,59.5,59.5,60.0,60.0,60.5,61.0,61.5,62.0,62.5,63.5,63.5,64.0,64.0,64.0,64.0,64.0,64.0,63.5,63.5,63.5,64.0,64.0,64.5,64.5,65.0,65.0,65.5,65.5,66.0,66.0,66.0,66.0,66.0,65.5,65.5,65.0,65.0,64.5,64.5,64.5,64.0,64.0,64.5,64.5,65.0,65.5,66.0,66.0,66.5,66.5,66.5,66.0,66.0,65.5,65.0,64.5,64.5,64.5,64.5,64.5,64.5,64.5,65.0,65.5,66.0,66.5,67.0,67.0,67.0,67.5,67.5,67.0,67.0,66.5,66.0,66.0,65.5,65.0,64.5,64.5,64.5,64.5,65.0,65.5,66.5,67.0,67.5,67.5,67.5,67.5,67.5,67.0,66.5,66.0,66.0,65.5,65.0,64.5,64.0,63.5,63.0,63.0,62.5,63.0,63.0,63.0,63.5,63.5,63.5,64.0,64.0,64.0,64.0,64.0,64.0,63.5,63.5,63.5,63.5,63.5,64.0,64.0,64.5,65.0,65.5,66.0,67.0,68.0,69.0,69.5,70.0,70.0,70.0,70.0,69.5,69.0,69.0,68.5,68.0,68.0,67.5,67.5,67.5,67.5,67.5,68.0,68.0,68.0,68.5,69.0,69.5,69.5,70.0,69.5,69.5,69.0,69.0,69.0,69.0,69.0,69.0,69.0,69.0,69.5,69.5,70.0,70.0,70.0,70.5,70.5,70.5,70.5,70.5,70.5,70.0,70.0,69.5,69.5,69.5,69.5,69.5,69.5,69.5,70.0,70.5,71.0,71.5,72.0,72.5,72.5,72.5,72.5,72.0,72.0,71.5,71.5,71.0,71.0,71.0,71.0,71.0,71.0,71.0,71.0,71.0,70.5,70.0,69.5,68.5,67.0,65.0,63.0,60.5,58.5,56.5,54.5,52.5,51.5,50.5,50.0,50.0,51.0,53.0,55.5,59.0,63.5,69.0,75.5,83.0,91.5,100.0,108.0,115.5,123.0,130.5,137.5,144.5,150.5,155.0,158.5,161.0,162.5,163.0,163.0,162.5,161.0,158.0,154.5,150.0,144.5,139.0,133.5,128.0,122.0,116.5,111.0,105.5,100.5,96.0,91.5,88.0,85.0,82.5,80.5,79.0,78.0,77.5,77.0,76.5,76.5,76.0,75.5,75.0,74.5,74.5,74.0,73.5,73.0,72.5,72.5,72.0,72.0,72.0,72.0,72.0,72.0,72.0,72.0,72.5,72.5,72.0,72.0,72.0,71.5,0.0,0.0
68.5,68.5,68.5,68.5,68.5,69.0,69.0,69.0,69.0,69.0,69.0,69.5,69.5,69.5,69.0,69.0,69.0,69.0,68.5,68.5,68.5,68.5,69.0,69.0,69.5,70.0,70.0,70.0,70.5,70.5,70.5,70.5,70.0,69.5,69.0,68.5,68.0,67.5,67.5,67.0,67.0,66.5,66.5,66.5,67.0,67.0,67.5,68.0,68.5,68.5,69.0,69.0,69.0,69.0,68.5,68.5,68.0,68.0,67.5,67.5,67.5,67.5,67.5,68.0,68.0,68.5,69.0,69.0,69.0,69.0,69.0,68.5,68.0,67.5,67.5,67.0,67.0,66.5,66.5,66.0,66.0,66.0,66.0,66.0,66.5,67.0,67.5,68.0,68.5,69.0,69.0,69.0,69.0,69.0,68.5,68.5,68.5,68.0,68.0,67.5,67.0,67.0,67.0,67.5,68.0,68.0,68.5,68.5,69.0,69.5,69.5,70.0,70.0,70.0,69.5,69.0,69.0,68.5,68.0,67.5,67.5,67.5,67.5,67.5,68.0,68.0,68.5,69.0,69.0,69.5,69.5,70.0,70.0,70.0,69.5,69.5,69.0,68.5,67.5,67.5,67.0,67.0,67.5,67.5,68.0,68.5,69.0,69.0,69.5,69.5,69.5,69.5,69.5,69.5,69.5,69.0,68.5,68.5,68.0,67.5,67.5,67.5,68.0,68.0,68.5,68.5,68.5,68.5,68.5,68.5,68.5,68.5,68.5,68.0,67.5,67.5,67.0,66.5,66.5,66.0,66.0,66.0,66.0,66.0,66.0,66.5,66.5,67.0,67.0,67.0,67.0,67.5,67.5,67.5,67.0,67.0,66.5,66.0,66.0,66.0,66.0,66.5,67.5,68.0,69.0,69.5,70.5,71.5,72.0,73.0,73.0,73.5,73.0,73.0,72.5,72.0,72.0,71.5,71.0,71.0,71.0,71.5,71.5,71.5,71.5,71.5,71.5,71.5,71.5,71.0,71.0,71.0,71.0,71.0,70.5,70.5,70.5,70.0,69.5,69.0,68.5,68.5,68.5,69.0,69.0,69.5,70.0,70.5,71.0,71.5,71.5,71.0,70.5,70.0,70.0,69.5,69.5,69.5,69.5,69.5,69.5,69.5,69.5,70.0,70.5,71.0,71.5,72.0,72.5,72.5,72.5,72.5,72.0,72.0,71.5,71.0,70.0,70.0,69.5,69.5,69.0,69.5,69.5,69.5,70.0,70.5,70.5,70.0,69.5,69.0,67.5,66.0,64.5,62.0,59.5,57.0,54.5,52.5,50.5,49.0,48.0,47.5,48.0,49.0,50.5,53.0,55.5,59.5,63.5,68.5,74.0,80.5,87.0,94.0,101.0,107.0,113.0,118.5,124.0,129.0,0.0,0.0
76.0,77.0,77.0,77.5,77.0,76.5,76.0,75.5,75.0,74.5,74.0,73.0,72.5,72.0,72.0,71.5,71.5,72.0,72.0,72.5,72.5,72.5,72.5,72.5,72.0,71.5,71.0,70.5,70.0,69.5,69.5,69.0,69.5,69.5,69.5,70.0,70.0,70.5,70.5,71.0,71.0,71.0,71.0,71.0,71.0,71.0,70.5,70.5,70.0,69.5,69.5,69.0,69.0,69.0,69.0,69.5,69.5,70.0,70.0,70.0,70.0,70.0,70.0,69.5,69.5,69.5,69.5,69.5,69.5,69.0,69.0,68.5,68.5,68.0,68.5,68.5,68.5,69.0,69.0,69.0,69.0,69.0,69.0,68.5,68.5,68.5,68.5,68.0,68.0,67.5,67.5,67.5,67.5,67.5,68.0,68.5,69.0,69.5,70.0,70.5,70.5,70.5,70.0,69.5,69.5,69.0,69.0,68.5,68.5,68.5,68.0,68.5,68.5,68.5,69.0,69.5,70.0,70.0,70.0,70.5,70.5,70.5,70.5,70.0,70.0,69.5,69.5,69.0,69.0,69.0,69.0,69.0,69.5,69.5,69.5,70.0,70.0,70.0,70.5,70.5,71.0,71.5,71.5,71.0,71.0,70.5,70.0,70.0,69.5,69.5,69.0,69.0,69.0,69.5,69.5,70.0,70.0,70.5,70.5,71.0,71.5,72.0,72.0,72.0,72.0,71.5,71.0,70.5,70.0,69.5,69.0,69.0,69.0,69.5,70.0,70.5,70.5,71.0,71.0,71.0,71.0,71.0,71.0,71.0,70.5,70.5,70.5,70.0,70.0,69.5,69.5,69.5,69.5,69.5,69.5,70.0,70.5,70.5,71.0,71.5,71.5,72.0,72.5,73.0,73.0,72.5,72.5,72.0,72.0,71.5,71.5,71.5,71.0,71.0,70.5,70.5,70.5,70.5,71.0,71.0,71.0,71.5,71.5,71.0,71.0,70.5,70.0,70.0,70.0,69.5,70.0,70.0,70.0,70.0,70.5,70.5,71.0,71.0,71.5,72.0,72.0,72.0,71.5,71.0,70.5,70.0,69.5,69.0,68.5,68.0,68.0,68.0,68.0,68.0,68.5,68.5,69.0,69.0,69.5,70.0,70.5,70.5,70.5,70.5,70.0,69.5,69.0,68.0,67.5,67.5,67.5,67.5,68.0,68.5,68.5,68.5,69.0,69.0,69.5,70.0,70.0,70.0,70.0,70.0,69.5,69.0,68.0,67.5,67.0,66.5,66.0,66.0,66.0,66.0,66.0,66.5,67.0,67.5,68.0,68.0,68.0,68.0,68.0,67.5,67.0,66.5,66.5,67.0,67.0,67.0,67.5,67.5,67.5,68.0,69.0,69.5,70.5,71.0,72.0,72.5,0.0,0.0
68.0,67.5,67.5,67.5,67.5,68.0,68.5,69.0,69.5,70.0,70.5,70.5,70.5,70.5,70.5,70.5,70.5,70.0,70.0,69.5,69.5,69.5,69.5,69.0,69.0,69.5,69.5,69.5,69.5,70.0,70.0,70.0,70.0,70.0,69.5,69.5,69.0,68.5,68.0,67.5,67.5,67.5,67.5,67.5,67.5,68.0,68.5,69.0,69.5,70.0,70.5,70.5,70.5,70.5,70.0,70.0,69.5,69.0,68.5,68.5,68.5,68.5,68.0,68.5,68.5,68.5,69.0,69.0,69.0,69.5,69.5,69.5,69.5,69.5,69.5,69.0,68.5,68.5,68.5,68.0,68.0,67.5,67.5,67.5,68.0,68.0,68.5,69.0,69.5,69.5,69.5,69.5,69.5,70.0,70.0,70.0,69.5,69.5,69.0,69.0,68.5,68.0,67.5,67.5,67.5,67.5,68.0,68.0,68.5,69.0,69.5,69.5,69.5,69.5,69.5,69.5,69.0,68.5,68.0,67.5,67.0,66.5,66.0,66.0,66.0,66.0,66.0,66.5,66.5,67.0,67.5,67.5,67.5,67.5,67.0,67.0,66.5,66.5,66.0,66.0,65.5,66.0,66.0,66.5,67.0,67.0,67.5,68.0,68.0,68.5,68.5,68.5,69.0,69.0,69.0,68.5,68.5,68.5,68.5,68.5,68.5,68.5,69.0,69.0,69.5,69.5,70.0,70.5,70.5,71.0,71.0,71.0,71.0,71.0,71.0,71.0,71.0,70.5,70.5,70.0,70.0,69.5,69.5,69.5,70.0,70.0,70.5,71.0,71.5,72.0,72.0,72.5,72.5,72.5,72.5,72.5,72.0,72.0,71.5,71.0,70.5,70.0,70.0,69.5,69.5,69.5,69.5,70.0,70.5,71.0,71.0,71.5,71.5,71.0,70.5,70.5,70.0,69.5,69.0,69.0,68.5,68.5,68.5,68.5,68.5,68.5,69.0,69.0,69.5,69.5,70.0,70.0,70.0,70.0,70.0,70.0,70.0,69.5,69.0,68.5,68.0,67.5,67.5,67.5,68.0,68.0,68.5,69.0,69.0,69.0,69.0,69.5,69.5,69.5,69.5,69.0,69.0,68.5,68.0,68.0,67.5,67.0,66.5,66.5,66.0,66.0,66.5,66.5,66.5,66.5,67.0,67.0,67.0,66.5,66.5,66.0,65.0,64.5,63.5,63.0,62.5,62.0,61.5,61.5,61.5,61.0,61.0,61.0,61.0,61.0,61.0,61.5,61.5,62.0,62.0,62.5,62.5,62.5,63.0,63.0,63.5,63.5,64.0,64.0,64.5,65.0,65.5,66.0,67.0,67.0,67.5,68.0,68.0,68.0,68.0,68.0,68.0,67.5,67.5,67.0,0.0,0.0
56.5,56.0,56.5,56.5,56.5,56.5,56.5,57.0,57.0,57.5,57.5,57.5,57.0,56.5,55.5,55.0,54.0,53.0,52.0,51.0,50.0,50.0,50.0,50.5,51.5,53.0,54.5,56.0,57.5,58.5,59.5,60.0,60.5,60.5,60.5,60.0,59.5,59.0,58.0,57.0,56.0,55.5,55.0,54.5,54.0,54.0,54.0,54.0,54.5,55.0,55.0,55.5,55.5,55.5,55.5,55.5,55.5,55.0,55.0,54.5,54.0,54.0,53.5,53.0,52.5,52.5,52.5,52.5,52.5,52.0,52.0,52.0,52.0,52.0,52.0,52.5,52.5,53.0,53.0,53.0,52.5,52.5,52.0,51.5,51.5,52.0,52.5,53.0,53.5,53.5,53.5,53.5,53.5,53.0,52.5,52.0,51.5,50.5,50.0,49.5,49.5,49.0,48.5,48.0,48.0,48.0,47.5,47.5,47.5,47.0,47.0,47.0,47.0,47.0,47.0,46.5,46.5,46.5,46.5,46.5,46.0,46.0,46.0,46.0,46.5,47.0,47.5,48.5,49.0,50.0,50.5,50.5,50.0,50.0,49.5,49.0,48.5,48.0,47.5,47.5,47.0,47.0,46.5,46.0,46.0,46.0,46.0,46.5,46.5,46.5,47.0,47.0,47.5,47.5,47.0,46.5,46.0,45.0,44.5,44.0,43.5,43.0,42.5,42.0,42.0,42.5,42.5,43.0,43.0,43.5,43.5,44.0,44.0,44.5,45.0,45.0,45.0,44.5,44.5,44.0,44.0,43.5,44.0,44.0,44.0,44.0,44.0,44.0,44.0,44.0,44.0,44.5,44.5,45.0,45.0,44.5,44.0,43.5,43.0,42.5,42.0,41.5,40.5,39.5,38.0,36.5,34.5,32.5,30.5,28.5,26.5,25.0,24.0,23.0,22.5,22.5,22.5,23.0,24.0,26.0,29.0,33.0,37.5,43.0,49.0,56.0,63.5,71.0,78.0,84.5,91.0,97.0,102.5,107.5,112.5,116.0,119.0,120.5,121.0,121.0,120.5,119.0,117.0,114.5,111.0,107.0,102.5,97.5,92.5,88.0,83.0,78.5,73.5,69.5,65.0,61.0,56.5,53.0,49.5,46.5,44.0,42.5,41.0,40.5,40.5,40.5,40.5,41.0,41.0,41.0,41.0,41.0,41.0,41.0,40.5,40.0,39.5,39.0,38.0,37.5,37.0,37.0,36.5,36.0,35.5,35.5,35.0,35.0,35.5,35.5,36.0,36.0,36.0,35.5,35.0,35.0,34.5,34.0,34.0,33.5,33.0,32.5,32.5,32.5,32.0,32.0,32.5,32.5,33.0,33.0,33.5,34.0,34.5,35.0,35.0,35.0,34.5,34.0,33.5,33.0,0.0,0.0
45.5,45.5,45.5,45.5,46.0,46.0,46.5,47.0,47.5,48.0,48.0,48.5,49.0,49.0,48.5,48.5,48.0,48.0,48.0,48.0,47.5,47.5,47.0,47.0,47.5,47.5,48.0,48.5,48.5,49.0,49.0,49.0,49.0,49.0,48.5,48.5,48.0,47.5,47.0,47.0,47.0,47.0,47.0,47.0,47.5,47.5,47.5,48.0,48.0,48.0,48.0,48.0,48.0,47.5,47.5,47.0,46.5,46.5,46.0,45.5,45.0,45.0,45.0,45.0,45.5,45.5,46.0,46.5,47.0,47.0,47.0,47.0,46.5,46.5,46.0,46.0,46.0,45.5,45.5,45.0,44.5,44.5,44.5,44.5,45.0,45.5,46.0,46.5,47.0,47.5,47.5,47.5,48.0,47.5,47.5,47.0,46.5,46.0,46.0,46.0,46.0,46.0,46.0,46.5,47.0,47.5,48.0,48.5,49.0,49.5,50.0,50.0,50.0,50.0,49.5,49.5,49.0,48.5,48.0,48.0,47.5,47.5,47.0,47.5,47.5,48.0,48.0,48.5,48.5,48.5,48.5,48.5,48.0,48.0,47.5,47.0,46.5,46.5,46.5,47.0,47.0,47.5,47.5,47.5,47.5,47.5,48.0,48.5,48.5,48.5,49.0,49.0,48.5,48.5,48.0,48.0,47.5,47.0,47.0,46.5,46.5,46.5,46.5,47.0,47.0,47.5,47.5,47.5,47.5,48.0,48.0,48.0,48.0,48.0,48.0,47.5,47.5,47.0,47.0,46.5,46.5,46.5,46.5,47.0,47.0,47.5,47.5,48.0,48.5,48.5,49.0,49.0,49.0,49.0,49.0,49.0,48.5,48.5,48.5,48.5,48.0,48.0,48.5,48.5,49.0,49.5,50.0,50.0,50.5,50.5,50.5,50.5,50.5,50.5,50.5,50.5,50.0,50.0,50.0,49.5,49.0,48.5,48.5,49.0,49.5,50.0,50.5,51.0,51.0,51.5,51.5,51.5,51.5,51.5,51.5,51.5,51.5,51.0,50.5,50.5,50.0,49.5,49.5,49.5,50.0,50.5,51.0,51.0,51.5,51.5,51.5,51.0,51.0,50.5,50.0,49.5,49.5,49.0,49.0,49.0,49.0,48.5,48.5,48.5,48.5,48.5,48.5,48.5,48.5,48.5,48.5,48.0,48.0,47.5,47.0,46.5,46.5,46.0,46.0,46.5,46.5,47.0,47.0,47.5,47.5,47.5,47.5,47.5,47.5,47.0,47.0,47.0,46.5,46.0,45.5,44.5,44.0,43.5,43.0,43.0,43.5,44.0,45.0,46.5,48.5,50.5,52.0,53.0,54.0,54.5,55.0,55.0,55.0,55.0,54.5,54.0,53.0,52.0,51.0,50.5,0.0,0.0
98.0,99.0,99.5,98.5,97.0,94.5,91.0,87.0,82.0,77.0,72.0,67.0,61.5,56.5,51.5,47.0,42.5,38.0,34.5,30.5,27.5,24.0,21.5,19.0,17.5,16.0,15.5,15.0,15.5,16.0,16.5,17.5,18.5,19.5,20.5,21.0,22.0,22.5,23.0,23.0,22.5,22.5,22.0,21.5,20.5,19.5,18.5,17.5,17.0,16.5,16.0,15.5,15.0,15.0,15.0,15.5,16.0,16.5,17.0,18.0,18.5,19.0,19.0,19.0,19.0,19.0,18.5,18.0,18.0,18.0,18.0,18.0,18.5,18.5,19.0,19.0,19.5,19.5,20.0,20.5,21.0,21.0,21.0,21.0,20.5,20.5,20.0,20.0,20.0,19.5,19.5,19.5,19.5,19.5,19.5,20.0,21.0,21.5,22.0,22.5,22.5,23.0,23.0,23.0,23.0,23.0,22.5,22.5,22.5,22.0,22.0,22.0,22.0,22.0,22.0,22.5,23.0,23.5,23.5,24.0,24.5,25.0,24.5,24.5,24.0,24.0,23.5,23.0,23.0,22.5,22.0,22.0,22.0,22.5,23.0,23.5,24.0,24.5,25.0,25.5,25.5,26.0,26.0,26.0,26.0,26.0,25.5,25.0,25.0,24.5,24.5,24.0,24.0,24.0,24.5,24.5,25.0,25.5,26.0,26.5,26.5,27.0,27.0,27.0,27.0,26.5,26.0,26.0,25.5,25.5,25.5,25.5,25.5,25.5,25.5,26.0,26.0,26.0,26.5,27.0,27.5,27.5,28.0,27.5,27.5,27.0,27.0,26.5,26.5,26.0,26.0,26.0,26.0,26.0,26.0,26.5,27.0,27.5,28.0,28.0,28.5,29.0,29.0,29.0,29.0,29.0,28.5,28.5,28.0,28.0,28.0,28.0,28.0,28.5,28.5,28.5,29.0,29.5,30.0,30.5,31.0,31.5,32.0,32.0,32.0,32.0,31.5,31.0,30.5,30.0,30.0,29.5,29.5,29.5,30.0,30.5,31.0,31.5,32.0,32.5,33.0,33.0,33.5,33.5,33.5,33.5,33.5,33.5,33.0,33.0,32.5,32.5,32.5,32.5,32.5,33.0,33.5,33.5,34.0,34.5,34.5,35.0,35.0,35.5,35.0,35.0,34.5,34.5,34.0,33.5,33.0,32.5,32.0,32.5,32.5,33.0,33.0,33.5,34.0,34.5,35.0,35.5,36.0,36.0,36.0,36.0,36.0,36.0,36.0,35.5,35.5,35.0,35.0,35.0,35.5,36.0,36.5,37.0,37.5,37.5,38.0,38.5,38.5,39.0,39.0,38.5,38.5,38.0,37.5,37.5,37.0,36.5,36.0,36.0,36.0,36.0,36.5,36.5,37.0,37.5,0.0,0.0
53.0,52.5,52.5,52.5,52.5,52.5,52.5,53.0,53.5,54.0,54.5,55.0,55.5,56.0,56.5,57.0,57.5,57.5,57.5,57.0,56.5,56.0,55.0,54.0,53.5,52.5,52.0,52.0,52.0,53.0,54.5,55.5,57.0,58.0,58.5,59.0,59.5,59.5,59.0,59.0,58.5,58.5,58.5,58.5,58.5,58.5,58.0,58.0,57.5,57.5,57.5,58.0,58.0,58.5,58.5,58.5,58.5,57.5,57.0,56.5,55.5,55.0,55.0,54.5,54.5,54.5,55.0,55.0,55.0,55.5,55.5,56.0,56.5,56.5,56.0,56.0,55.0,54.5,54.0,53.5,53.0,52.5,52.0,52.0,52.0,52.0,52.5,53.5,54.0,54.5,54.5,54.5,54.0,53.5,52.5,50.5,48.5,46.0,43.0,40.0,37.5,35.0,33.5,32.0,31.5,31.0,31.5,32.5,34.5,37.5,41.5,46.5,52.0,58.0,65.0,72.0,79.0,86.0,92.5,98.5,103.5,108.5,113.0,117.0,120.5,123.5,126.0,127.5,129.0,130.0,130.0,130.0,129.0,127.0,124.5,121.5,117.5,113.0,108.0,103.0,97.5,92.0,87.0,82.0,77.5,73.5,70.0,67.0,64.5,62.5,61.5,60.5,59.5,59.0,58.5,58.0,58.0,57.5,57.5,57.0,56.5,56.0,55.5,55.5,55.0,55.0,55.0,55.5,56.0,56.5,57.0,57.0,57.5,57.5,57.0,57.0,56.5,56.0,55.5,55.0,54.5,54.0,53.5,53.0,52.5,52.5,52.5,53.0,53.0,53.5,54.0,54.0,54.5,54.5,54.5,54.0,54.0,53.5,53.0,52.5,52.5,52.5,52.0,52.0,52.0,52.5,52.5,52.5,53.0,53.0,53.5,54.0,54.5,55.0,55.5,56.0,56.0,56.0,55.5,55.0,54.0,53.5,52.5,52.0,51.5,51.0,51.0,51.5,52.0,52.5,53.0,53.5,53.5,54.0,54.0,54.5,54.0,54.0,53.5,53.5,53.0,53.0,52.5,52.5,52.0,52.0,52.0,52.5,52.5,53.0,53.5,54.0,54.0,54.0,54.0,54.0,53.5,53.5,53.0,53.0,52.5,52.0,52.0,51.5,51.5,51.0,51.0,51.0,51.5,51.5,52.0,52.5,52.5,53.0,53.5,53.5,54.0,54.0,53.5,53.5,53.0,53.0,53.0,53.0,53.0,53.0,53.5,53.5,53.5,54.0,54.5,54.5,55.0,55.0,55.0,55.0,55.0,55.0,54.5,54.0,53.5,53.0,52.5,52.0,52.0,52.0,52.5,53.0,54.0,54.5,55.5,56.0,56.5,57.0,57.5,58.0,58.0,58.0,57.5,57.5,0.0,0.0
28.0,28.0,28.5,28.5,28.5,28.0,27.5,26.5,25.5,25.0,24.0,23.5,23.5,24.0,24.5,25.5,27.0,28.5,30.0,31.0,32.0,32.5,33.0,33.0,33.0,32.5,32.0,31.5,30.5,30.0,29.0,28.5,28.0,28.0,27.5,27.5,27.0,27.0,27.0,27.0,27.0,27.0,27.0,27.0,27.5,27.5,27.5,27.5,27.0,27.0,26.5,26.0,26.0,25.5,25.5,25.5,26.0,26.0,26.5,27.0,27.5,27.5,27.5,28.0,28.0,27.5,27.5,27.0,26.5,26.0,25.5,25.5,25.0,24.5,24.5,24.5,24.5,25.0,25.5,26.0,26.5,27.0,27.5,28.0,28.0,28.0,28.0,27.5,27.0,26.5,26.5,26.0,26.0,26.0,26.0,26.5,26.5,27.0,27.0,27.5,28.0,28.0,28.5,28.5,29.0,29.0,28.5,28.0,27.5,26.5,26.0,25.5,25.0,25.0,25.0,25.0,25.5,25.5,26.0,26.0,26.5,26.5,27.0,27.0,27.0,27.5,27.5,27.5,27.0,26.5,26.5,26.0,25.5,26.0,26.0,26.0,26.5,26.5,26.5,26.5,26.5,27.0,27.0,27.0,26.5,26.5,26.5,26.0,25.5,25.5,25.0,25.0,24.5,24.5,24.0,24.0,24.5,24.5,25.0,25.5,25.5,26.0,26.5,26.5,26.5,26.5,26.5,26.0,26.0,26.0,25.5,25.5,26.0,26.0,26.5,27.0,27.5,27.5,28.0,28.5,28.5,28.5,28.5,28.5,28.5,28.5,28.5,28.0,27.5,27.0,26.5,26.5,26.0,25.5,25.5,25.5,25.5,25.5,26.0,26.0,26.5,27.0,27.0,27.0,27.5,27.0,27.0,26.5,26.5,26.0,26.0,25.5,25.5,25.0,25.0,25.5,26.0,26.5,27.0,27.5,28.0,28.0,28.0,28.0,27.5,27.5,27.0,26.5,26.5,26.0,26.0,26.0,25.5,25.5,25.5,25.5,26.0,26.0,26.5,26.5,27.0,27.5,27.5,28.0,28.0,27.5,27.0,27.0,26.5,26.0,26.0,25.5,25.5,25.5,25.5,25.5,25.5,25.5,26.0,26.0,26.5,27.0,27.5,27.5,28.0,28.0,27.5,27.5,27.0,26.5,26.0,25.5,25.0,24.5,24.5,24.5,24.5,24.5,24.5,24.5,24.5,24.5,24.5,24.0,23.5,23.0,22.0,22.0,21.5,21.0,21.0,20.5,20.5,20.0,20.0,20.5,20.5,21.0,22.0,22.5,23.0,23.5,24.0,24.5,24.5,25.0,25.5,26.0,26.5,26.5,26.5,26.5,26.5,26.0,26.0,25.5,25.5,25.5,26.0,26.0,0.0,0.0
53.5,53.5,53.5,53.5,53.0,53.0,53.0,53.5,53.5,54.0,54.0,54.0,54.0,54.0,53.5,53.0,52.5,51.5,50.5,50.0,49.0,49.0,49.0,49.5,50.5,52.0,53.5,55.0,56.5,57.5,58.5,59.5,60.0,60.0,59.5,59.5,58.5,58.0,57.5,56.5,55.5,54.5,54.0,53.5,53.0,53.0,52.5,53.0,53.0,53.0,53.5,54.0,54.5,54.5,55.0,55.0,54.5,54.0,53.5,52.5,52.0,51.5,51.5,51.0,51.0,51.0,51.0,51.0,51.5,51.5,52.0,52.5,52.5,53.0,53.0,53.0,52.5,52.0,51.0,50.5,50.0,49.5,49.0,49.0,49.0,49.0,49.0,49.0,49.5,49.5,50.0,50.5,50.5,50.5,50.5,50.5,50.5,50.5,50.5,50.5,50.0,49.5,49.0,49.0,48.5,48.5,48.5,48.5,48.5,48.5,48.5,48.5,48.5,48.5,48.0,48.0,47.5,47.0,46.5,46.0,45.5,45.0,44.5,44.0,44.0,43.5,43.5,43.5,43.5,44.0,44.5,45.0,45.5,46.0,46.0,46.5,47.0,47.0,47.0,47.5,47.5,48.0,48.5,48.5,48.5,49.0,49.5,50.0,51.0,51.5,52.0,52.5,53.0,53.0,53.0,53.0,53.0,52.5,52.5,52.0,51.5,51.0,50.5,50.5,50.0,50.0,49.5,49.5,49.5,49.5,49.5,49.5,49.0,49.5,49.5,49.5,49.5,49.5,49.5,49.0,49.0,49.5,49.5,50.0,50.5,50.5,51.0,51.0,51.0,51.0,51.5,51.5,51.5,51.5,51.5,51.5,51.0,50.5,50.0,49.5,49.5,49.0,49.0,49.0,49.0,49.0,49.5,50.0,50.0,50.5,51.0,51.0,51.5,51.5,51.0,50.5,50.5,50.0,50.0,50.0,49.5,49.5,49.5,49.5,49.0,49.0,49.0,49.0,48.5,47.5,47.0,45.5,44.0,42.0,39.5,37.0,35.0,33.0,31.5,30.0,29.5,29.0,29.0,30.0,31.5,34.0,37.0,41.5,46.5,52.5,59.0,66.0,73.5,81.0,88.0,94.5,100.5,106.0,111.5,116.5,121.5,126.0,129.0,131.0,132.5,133.0,133.0,132.5,131.0,129.0,126.5,123.0,119.0,114.5,110.0,105.0,100.0,95.0,89.5,84.5,79.5,75.5,71.5,68.0,65.0,62.0,60.0,58.5,57.0,56.5,56.5,56.0,55.5,55.0,55.0,54.5,54.0,53.5,53.0,52.5,52.0,51.5,51.0,50.5,50.0,50.0,50.0,50.0,50.5,50.5,51.0,51.0,51.5,51.5,51.0,51.0,50.5,50.0,49.5,49.0,0.0,0.0
61.5,61.5,61.0,61.0,61.0,61.0,61.0,61.5,62.0,62.0,62.5,63.0,63.0,63.0,62.5,62.0,61.0,60.5,60.0,60.0,60.0,59.5,59.5,60.0,60.0,60.0,60.5,60.5,60.5,60.5,60.5,60.5,61.0,61.0,60.5,60.5,60.0,59.0,58.5,58.5,58.0,57.5,57.5,57.5,58.0,58.5,59.0,59.5,60.5,61.5,62.0,62.5,63.5,64.0,64.0,64.5,64.5,64.0,64.0,64.0,64.5,64.5,65.0,65.0,65.5,65.5,66.0,66.0,66.0,66.5,66.5,66.5,66.5,67.0,66.5,66.5,66.5,66.0,65.5,65.0,65.0,65.0,65.0,65.0,65.5,66.0,66.5,67.0,67.0,67.5,67.5,67.5,68.0,68.5,68.5,68.5,68.0,68.0,67.5,67.0,66.5,66.5,66.5,66.5,66.5,66.5,67.0,67.0,67.5,68.0,68.0,68.5,68.5,69.0,69.0,69.0,69.0,69.0,69.0,68.5,68.5,68.0,67.5,67.0,67.0,67.0,67.0,67.5,67.5,67.5,68.0,68.0,68.5,68.5,68.0,67.5,67.0,66.0,64.5,63.0,61.0,59.0,57.0,55.0,53.5,51.5,50.5,49.5,49.0,49.0,49.0,50.0,51.5,53.5,56.0,59.0,63.0,68.0,73.0,78.5,85.0,91.5,98.5,105.0,111.5,117.5,123.5,129.5,135.5,140.5,145.0,148.0,150.0,151.0,151.5,151.0,150.0,148.0,145.5,142.0,138.0,133.5,129.0,124.5,119.5,115.0,110.5,106.0,102.0,98.0,94.0,90.5,87.5,84.5,82.0,80.0,77.5,76.0,74.5,73.5,73.0,72.5,72.0,72.0,72.0,72.0,71.5,71.5,71.5,71.5,71.5,71.5,71.5,71.5,71.5,71.5,71.0,71.0,70.5,70.0,69.5,69.5,69.0,69.0,69.0,69.0,69.5,70.0,70.5,71.0,71.0,71.5,71.5,71.0,70.5,70.0,70.0,69.5,69.5,69.5,69.0,69.0,69.0,69.5,69.5,69.5,70.0,70.0,70.0,70.0,70.5,70.5,70.5,70.5,70.5,70.5,70.5,70.0,69.5,69.5,69.0,69.0,69.5,69.5,70.0,70.5,71.0,71.5,71.5,71.5,71.5,71.0,71.0,70.5,70.0,69.5,68.5,68.0,67.0,66.0,65.5,65.0,65.0,65.5,66.5,67.5,69.0,70.5,72.0,73.5,74.0,75.0,75.0,75.5,75.0,74.5,74.0,73.5,72.5,72.0,71.0,70.5,70.0,69.5,69.0,69.5,69.5,70.0,70.5,71.0,71.5,72.0,72.5,72.5,73.0,73.0,72.5,72.0,71.5,71.5,0.0,0.0
35.0,35.0,35.0,35.0,35.0,35.5,36.0,36.0,36.5,37.0,37.0,37.0,37.0,37.0,36.5,36.5,36.5,36.0,36.0,36.0,35.5,35.5,35.5,35.5,36.0,36.5,37.0,37.5,37.5,38.0,37.5,37.5,37.5,37.5,37.0,37.5,37.5,37.5,37.5,37.5,37.5,37.5,37.5,37.5,38.0,38.0,39.0,39.5,40.0,40.5,40.5,40.5,40.5,40.5,40.5,40.0,40.0,39.5,39.0,39.0,38.5,38.5,38.5,38.5,38.5,38.5,39.0,39.0,39.5,40.0,40.0,40.5,40.5,40.5,40.0,40.0,39.5,39.5,39.0,39.0,39.5,39.5,40.0,40.5,41.0,41.5,42.5,43.0,43.5,44.0,44.5,44.5,44.0,44.0,43.5,43.0,43.0,42.5,42.5,43.0,43.0,43.5,43.5,43.5,43.5,44.0,44.5,45.0,45.5,45.5,46.0,45.5,45.5,45.0,44.5,44.0,44.0,43.5,43.5,43.0,43.0,43.5,44.0,44.0,44.5,45.0,45.5,46.0,46.5,47.0,47.0,47.0,46.5,46.5,46.5,46.0,46.0,46.0,45.5,46.0,46.0,46.0,46.5,46.5,47.0,47.0,47.5,47.5,48.0,48.0,48.0,48.5,48.0,48.0,47.5,47.0,47.0,46.5,46.0,46.0,45.5,45.5,46.0,46.0,46.5,47.0,48.0,48.5,49.0,49.5,49.5,49.5,49.5,49.5,49.0,49.0,48.5,48.5,48.5,48.0,48.0,48.0,48.0,48.5,49.0,49.5,50.0,50.0,50.5,50.5,50.5,50.0,50.0,49.5,49.5,49.5,49.5,49.0,49.0,48.5,48.5,48.0,48.0,48.0,48.5,48.5,49.0,49.0,49.5,49.5,50.0,49.5,49.5,49.5,49.0,49.0,49.0,48.5,48.5,49.0,49.0,49.5,50.0,50.5,51.0,52.0,52.0,52.5,52.5,53.0,53.0,53.0,52.5,52.0,51.5,51.0,50.5,50.0,49.5,49.5,49.5,49.0,49.0,49.5,49.5,50.0,50.5,50.5,50.5,50.5,50.0,50.0,49.5,49.5,49.0,49.0,48.5,48.0,47.5,47.0,46.5,46.5,46.5,46.0,46.0,46.5,46.5,47.0,47.0,47.5,47.5,47.5,47.5,47.0,46.5,46.0,45.5,45.0,44.5,44.0,44.0,44.5,45.0,45.5,46.0,47.0,48.0,48.5,49.0,49.5,50.0,49.5,49.5,49.0,49.0,48.5,48.5,48.0,48.0,48.0,48.0,48.0,48.0,48.0,48.0,48.0,47.5,46.5,46.0,45.5,45.0,44.5,44.0,44.0,44.0,44.5,45.0,46.0,47.0,47.5,0.0,0.0
54.5,54.0,53.5,53.0,53.0,53.0,53.0,53.0,53.0,53.0,53.0,53.0,53.5,53.5,54.0,54.0,54.0,54.5,54.5,54.5,54.5,54.0,53.5,53.0,52.5,52.5,52.5,52.5,52.5,52.5,52.5,53.0,53.0,53.5,54.0,54.5,55.0,55.0,55.5,55.5,55.5,55.0,55.0,54.5,54.0,54.0,54.0,54.5,54.5,55.0,55.5,56.0,56.5,56.5,56.5,56.5,56.5,56.5,56.5,56.0,55.5,55.5,55.0,55.0,55.0,55.0,55.0,55.5,56.0,56.5,57.0,57.0,57.5,58.0,58.5,59.0,59.0,59.5,59.0,59.0,58.5,58.0,58.0,57.5,57.5,57.5,57.5,57.5,57.5,58.0,58.5,59.5,60.0,60.5,61.0,61.0,61.0,61.0,60.5,60.0,59.5,58.5,58.5,58.0,58.0,58.0,58.0,58.0,58.5,58.5,59.0,59.0,59.0,59.5,59.5,60.0,60.0,60.0,60.0,60.0,60.0,60.0,60.0,60.0,60.0,60.5,60.5,61.0,61.0,61.5,62.0,62.5,62.5,62.5,62.5,62.5,62.5,62.5,62.0,61.0,60.5,60.0,60.0,60.0,59.5,59.5,59.5,59.5,60.0,60.0,60.5,61.0,61.5,62.0,62.5,63.5,63.5,64.0,64.0,64.0,64.0,64.0,64.0,63.5,63.5,63.5,64.0,64.0,64.5,64.5,65.0,65.0,65.5,65.5,66.0,66.0,66.0,66.0,66.0,65.5,65.5,65.0,65.0,64.5,64.5,64.5,64.0,64.0,64.5,64.5,65.0,65.5,66.0,66.0,66.5,66.5,66.5,66.0,66.0,65.5,65.0,64.5,64.5,64.5,64.5,64.5,64.5,64.5,65.0,65.5,66.0,66.5,67.0,67.0,67.0,67.5,67.5,67.0,67.0,66.5,66.0,66.0,65.5,65.0,64.5,64.5,64.5,64.5,65.0,65.5,66.5,67.0,67.5,67.5,67.5,67.5,67.5,67.0,66.5,66.0,66.0,65.5,65.0,64.5,64.0,63.5,63.0,63.0,62.5,63.0,63.0,63.0,63.5,63.5,63.5,64.0,64.0,64.0,64.0,64.0,64.0,63.5,63.5,63.5,63.5,63.5,64.0,64.0,64.5,65.0,65.5,66.0,67.0,68.0,69.0,69.5,70.0,70.0,70.0,70.0,69.5,69.0,69.0,68.5,68.0,68.0,67.5,67.5,67.5,67.5,67.5,68.0,68.0,68.0,68.5,69.0,69.5,69.5,70.0,69.5,69.5,69.0,69.0,69.0,69.0,69.0,69.0,69.0,69.0,69.5,69.5,70.0,70.0,70.0,70.5,70.5,70.5,70.5,70.5,70.5,0.0,0.0
37.0,36.5,36.5,36.0,36.0,36.0,36.0,36.5,37.0,37.0,37.5,38.0,38.5,38.5,38.5,38.5,38.5,38.0,38.0,37.5,37.0,37.0,36.5,36.5,36.0,36.0,36.0,36.5,37.0,37.5,38.0,38.0,38.5,38.5,38.5,38.5,38.5,38.5,38.5,38.0,37.5,37.5,37.0,37.0,37.0,37.5,38.0,38.5,38.5,39.0,39.5,40.0,40.5,41.0,41.0,41.0,41.0,40.5,40.5,40.5,40.0,39.5,39.5,39.5,39.5,39.5,40.0,40.0,40.5,41.0,41.5,42.0,42.0,42.5,42.5,42.5,42.0,42.0,41.5,41.0,41.0,41.0,41.0,41.0,41.0,41.0,41.0,41.5,41.5,42.0,42.0,41.5,41.5,41.5,41.5,41.5,41.5,41.0,40.5,40.0,40.0,39.5,39.5,39.5,40.0,40.0,40.5,41.0,41.5,42.5,43.0,43.5,44.0,44.0,44.0,44.0,43.5,43.0,43.0,42.5,42.0,41.5,41.0,41.0,41.0,41.5,41.5,42.0,42.5,42.5,43.0,43.5,44.0,44.5,44.5,44.0,43.5,43.0,42.5,42.5,42.0,42.0,42.0,42.0,42.0,42.0,42.5,42.5,43.0,43.0,43.5,43.5,44.0,44.0,44.0,43.5,43.5,43.0,43.0,42.5,42.0,42.0,42.0,41.5,41.5,42.0,42.5,43.0,43.5,43.5,43.5,43.5,43.5,43.5,43.5,43.0,43.0,42.5,42.5,42.0,41.5,41.0,40.5,40.0,40.0,40.0,40.0,40.5,41.0,41.0,41.5,41.5,41.5,41.5,41.5,41.0,41.0,41.0,40.5,40.5,40.0,40.0,39.5,39.5,39.0,39.5,39.5,39.5,40.0,40.0,40.0,40.0,40.5,40.5,40.0,40.0,39.5,39.0,39.0,39.0,38.5,39.0,39.0,39.0,39.0,39.5,40.0,41.0,41.5,42.0,42.5,43.0,43.5,43.5,43.5,43.5,43.0,43.0,42.5,42.5,42.5,42.5,42.5,42.5,42.5,42.5,42.5,42.5,42.5,43.0,43.0,43.5,43.5,43.5,43.5,43.0,42.5,42.0,41.5,40.5,40.0,39.5,39.0,38.5,38.5,38.0,38.5,39.0,39.5,40.0,40.5,41.0,41.5,41.5,41.5,41.0,41.0,41.0,40.5,40.5,40.0,39.5,39.0,39.0,39.0,39.0,39.0,39.5,40.0,40.5,40.5,40.5,40.5,40.5,40.5,40.5,40.5,40.0,39.5,39.0,38.5,38.0,37.5,37.5,37.5,38.0,38.0,38.5,38.5,38.0,37.5,36.5,35.5,34.0,32.0,29.5,27.0,24.5,22.5,20.5,0.0,0.0
17.0,16.5,16.5,16.0,16.0,16.0,16.0,16.0,16.0,16.0,16.5,16.5,16.5,16.5,16.5,16.5,16.0,15.5,15.0,14.5,14.0,13.5,13.5,13.5,14.0,14.0,14.5,15.0,16.0,16.5,17.0,17.5,18.5,19.0,19.5,19.5,20.0,20.0,19.5,19.5,19.5,19.0,19.0,19.0,18.5,18.5,18.5,18.5,19.0,19.5,19.5,19.5,19.5,19.5,19.0,19.0,18.5,18.5,18.0,17.5,17.0,16.5,16.5,16.0,16.0,16.0,16.0,16.5,17.0,17.5,17.5,18.0,18.0,18.0,18.0,18.0,18.0,18.0,18.0,17.5,17.0,17.0,17.0,17.0,17.0,17.0,17.0,17.0,17.0,17.0,17.5,17.5,17.5,18.0,18.0,17.5,17.5,17.0,16.5,16.0,15.5,15.5,15.0,14.5,14.5,15.0,15.0,15.0,15.5,15.5,15.5,15.5,15.0,14.5,13.5,12.0,10.5,9.0,7.0,4.5,2.5,0.5,-1.5,-3.0,-4.0,-4.5,-5.0,-4.5,-3.5,-2.0,0.5,3.5,7.0,12.0,17.0,22.5,29.0,35.5,42.5,49.0,55.5,61.5,68.0,74.5,81.0,87.0,92.0,96.5,99.5,101.0,102.5,103.0,103.0,102.0,99.5,96.5,92.0,87.5,82.0,76.0,70.0,64.0,58.0,52.5,47.5,42.5,38.5,34.5,31.0,28.0,25.5,23.0,21.0,19.5,18.5,18.0,17.0,16.5,16.0,15.5,15.0,14.5,14.0,13.5,13.5,13.0,13.0,12.5,12.5,12.5,13.0,13.0,13.5,13.5,13.5,13.0,13.0,12.5,12.0,11.5,11.0,11.0,10.5,10.0,10.0,9.5,9.5,9.0,9.5,9.5,10.0,10.0,10.0,10.0,9.5,9.5,9.0,8.5,8.5,8.0,8.0,7.5,7.5,7.5,8.0,8.0,8.0,8.5,8.5,9.0,9.5,10.0,10.5,11.0,11.5,11.5,11.5,11.5,11.0,10.5,10.5,10.0,10.0,9.5,9.5,9.5,9.5,10.0,10.0,10.5,11.0,11.0,11.5,11.5,12.0,11.5,11.5,11.5,11.0,11.0,10.5,10.5,10.0,10.0,10.0,10.0,10.0,10.5,10.5,11.0,11.0,11.5,11.5,11.5,11.5,11.5,11.0,11.0,10.5,10.5,10.0,9.5,9.5,9.5,9.5,9.5,10.0,10.5,10.5,11.0,11.5,11.5,12.0,12.5,12.5,12.5,12.5,12.0,11.5,11.5,11.0,11.0,10.5,10.5,10.5,10.5,10.5,10.5,11.0,11.0,11.5,11.5,12.0,12.0,12.0,12.0,11.5,11.0,10.0,9.0,0.0,0.0
62.5,62.5,62.0,61.5,61.5,61.0,61.0,61.0,61.0,61.0,61.5,62.0,62.0,62.5,63.0,63.0,63.0,62.5,62.0,61.0,60.5,60.0,60.0,60.0,59.5,59.5,60.0,60.0,60.0,60.5,60.5,60.5,60.5,60.5,60.5,61.0,61.0,60.5,60.5,60.0,59.0,58.5,58.5,58.0,57.5,57.5,57.5,58.0,58.5,59.0,59.5,60.5,61.5,62.0,62.5,63.5,64.0,64.0,64.5,64.5,64.0,64.0,64.0,64.5,64.5,65.0,65.0,65.5,65.5,66.0,66.0,66.0,66.5,66.5,66.5,66.5,67.0,66.5,66.5,66.5,66.0,65.5,65.0,65.0,65.0,65.0,65.0,65.5,66.0,66.5,67.0,67.0,67.5,67.5,67.5,68.0,68.5,68.5,68.5,68.0,68.0,67.5,67.0,66.5,66.5,66.5,66.5,66.5,66.5,67.0,67.0,67.5,68.0,68.0,68.5,68.5,69.0,69.0,69.0,69.0,69.0,69.0,68.5,68.5,68.0,67.5,67.0,67.0,67.0,67.0,67.5,67.5,67.5,68.0,68.0,68.5,68.5,68.0,67.5,67.0,66.0,64.5,63.0,61.0,59.0,57.0,55.0,53.5,51.5,50.5,49.5,49.0,49.0,49.0,50.0,51.5,53.5,56.0,59.0,63.0,68.0,73.0,78.5,85.0,91.5,98.5,105.0,111.5,117.5,123.5,129.5,135.5,140.5,145.0,148.0,150.0,151.0,151.5,151.0,150.0,148.0,145.5,142.0,138.0,133.5,129.0,124.5,119.5,115.0,110.5,106.0,102.0,98.0,94.0,90.5,87.5,84.5,82.0,80.0,77.5,76.0,74.5,73.5,73.0,72.5,72.0,72.0,72.0,72.0,71.5,71.5,71.5,71.5,71.5,71.5,71.5,71.5,71.5,71.5,71.0,71.0,70.5,70.0,69.5,69.5,69.0,69.0,69.0,69.0,69.5,70.0,70.5,71.0,71.0,71.5,71.5,71.0,70.5,70.0,70.0,69.5,69.5,69.5,69.0,69.0,69.0,69.5,69.5,69.5,70.0,70.0,70.0,70.0,70.5,70.5,70.5,70.5,70.5,70.5,70.5,70.0,69.5,69.5,69.0,69.0,69.5,69.5,70.0,70.5,71.0,71.5,71.5,71.5,71.5,71.0,71.0,70.5,70.0,69.5,68.5,68.0,67.0,66.0,65.5,65.0,65.0,65.5,66.5,67.5,69.0,70.5,72.0,73.5,74.0,75.0,75.0,75.5,75.0,74.5,74.0,73.5,72.5,72.0,71.0,70.5,70.0,69.5,69.0,69.5,69.5,70.0,70.5,71.0,71.5,72.0,72.5,72.5,73.0,73.0,72.5,0.0,0.0
46.5,47.0,47.5,48.0,48.5,48.5,49.0,49.0,48.5,48.5,48.0,47.5,47.0,46.5,45.5,45.0,45.0,44.5,44.5,44.5,44.5,45.0,45.5,46.0,46.5,47.0,47.5,48.0,48.0,48.5,48.0,48.0,48.0,48.0,48.0,47.5,47.0,46.5,46.0,46.0,46.0,46.5,47.0,47.5,48.0,48.0,48.5,48.5,48.5,48.5,48.5,48.5,48.0,47.5,47.0,46.5,46.0,45.5,45.0,45.0,45.0,45.5,46.0,46.0,46.0,46.0,46.0,46.0,46.0,46.0,46.0,45.5,45.0,44.5,44.5,44.0,44.0,44.0,44.0,44.0,43.5,43.5,43.5,43.5,43.5,43.5,43.5,43.0,43.0,43.0,42.5,42.5,42.5,42.5,42.5,42.5,42.5,42.5,43.0,43.0,43.0,43.5,43.5,43.0,43.0,43.0,43.0,43.0,43.5,43.5,43.5,43.5,43.5,43.5,43.5,43.5,43.0,43.0,42.5,42.5,42.5,43.0,43.0,43.5,43.5,43.5,43.5,43.0,43.0,42.5,42.5,42.0,42.0,42.0,42.0,42.0,41.5,41.5,41.0,41.0,40.5,41.0,41.0,41.5,42.0,42.0,42.5,42.5,42.5,42.5,42.5,42.0,41.5,41.0,41.0,40.5,40.0,39.5,39.5,39.5,40.0,40.0,40.5,41.0,41.5,41.5,41.5,41.5,41.5,41.5,41.0,40.5,40.5,40.5,40.0,40.0,39.5,39.0,39.0,38.5,38.5,38.5,39.0,39.0,39.5,39.5,40.0,40.0,40.0,40.5,40.5,40.5,40.0,39.5,38.5,38.0,37.5,37.0,37.0,37.0,37.0,37.5,38.0,38.5,39.0,39.0,39.5,40.0,40.0,40.0,39.5,39.5,39.5,39.0,39.0,39.0,38.5,38.5,38.5,38.5,39.0,39.0,39.5,39.5,39.5,40.0,40.0,40.5,40.5,40.5,40.5,40.0,39.5,39.0,38.5,38.5,38.0,38.0,37.5,38.0,38.0,38.0,38.5,38.5,39.0,39.0,39.5,39.5,40.0,40.5,40.5,40.5,40.5,40.0,40.0,39.5,38.5,38.0,38.0,37.5,37.5,37.5,38.0,38.0,38.5,38.5,39.0,39.5,39.5,39.5,39.5,39.0,38.5,38.0,37.5,37.0,36.5,36.0,35.5,35.5,35.5,36.0,36.0,36.5,37.0,37.0,37.5,37.5,37.5,37.5,37.5,37.5,37.0,37.0,36.5,36.5,36.0,35.0,34.5,34.0,33.5,33.0,33.0,32.5,32.5,32.5,33.0,33.5,34.5,36.0,37.0,38.0,38.5,39.0,39.0,38.5,38.0,37.5,37.0,36.5,0.0,0.0
9.5,9.5,9.5,9.0,8.5,8.0,8.0,7.5,7.5,7.0,6.5,6.5,6.0,6.0,6.0,6.0,6.5,6.5,7.0,7.5,7.5,7.5,7.0,7.0,6.5,6.5,6.5,6.0,6.0,6.0,5.5,6.0,6.0,6.0,6.5,6.5,6.5,6.5,6.5,6.5,6.0,6.0,6.0,6.0,5.5,5.5,5.5,5.5,5.5,5.5,5.5,5.5,5.5,6.0,6.0,6.5,7.0,7.5,7.5,7.5,7.5,7.5,7.0,6.5,6.0,6.0,5.5,5.0,5.0,5.0,5.0,5.0,4.5,3.5,2.5,1.5,0.0,-1.5,-3.0,-5.0,-7.0,-9.0,-11.0,-12.0,-13.0,-13.5,-13.5,-13.0,-12.5,-11.0,-8.5,-5.5,-1.5,3.5,9.0,15.5,22.0,29.5,36.5,43.0,49.5,55.5,61.0,66.0,70.5,74.5,78.0,80.0,81.5,82.0,82.0,82.0,81.0,80.0,78.0,75.0,71.5,67.5,63.0,58.5,53.5,48.5,43.5,38.5,34.0,29.5,25.5,22.0,19.0,16.0,13.5,11.5,10.0,9.5,9.5,9.5,9.5,9.5,10.0,10.0,10.5,10.0,9.5,9.0,8.5,8.0,7.5,7.0,6.5,6.0,6.0,6.0,6.0,6.0,6.5,6.5,6.5,6.5,7.0,7.0,7.5,7.5,7.5,7.0,6.5,6.0,5.5,5.5,5.0,5.0,5.0,5.5,5.5,6.0,6.0,6.5,6.5,6.5,6.5,6.5,6.0,5.5,5.0,5.0,4.5,4.5,4.5,4.5,4.5,4.5,4.5,4.5,4.5,4.5,5.0,5.5,5.5,6.0,6.0,6.0,6.0,6.0,6.0,6.0,5.5,5.0,4.5,4.0,4.0,4.0,4.5,4.5,5.0,5.0,5.0,5.0,5.5,5.0,5.0,5.0,5.0,5.0,5.0,4.5,4.5,4.0,3.5,3.5,3.0,3.0,3.0,3.0,3.5,4.0,4.5,5.0,5.5,5.5,6.0,5.5,5.5,5.0,5.0,5.0,5.0,4.5,4.0,4.0,3.5,3.5,3.5,4.0,4.0,4.0,4.5,4.5,5.0,5.0,5.0,5.0,5.0,4.5,4.5,4.0,3.5,3.0,2.5,2.0,1.5,1.5,1.5,1.5,2.0,2.5,3.0,3.5,4.0,4.0,4.5,5.0,5.5,5.5,5.5,5.0,4.5,4.0,4.0,4.0,4.0,4.0,3.5,3.5,3.5,3.5,3.5,3.5,4.0,4.0,4.5,5.0,5.0,5.0,4.5,4.5,4.0,3.5,3.0,3.0,3.0,3.0,3.0,3.5,3.5,4.0,3.5,3.5,3.5,3.5,3.5,3.5,0.0,0.0
49.0,49.0,49.0,49.5,49.5,49.5,49.5,49.0,48.5,48.5,48.0,48.0,47.5,47.5,47.5,48.0,48.0,48.5,49.0,49.0,49.5,49.5,49.5,50.0,50.0,50.0,50.0,50.0,50.0,50.0,50.0,49.5,49.5,49.5,49.5,50.0,50.0,50.5,51.0,51.5,51.5,51.5,51.5,51.5,51.5,51.0,51.0,50.5,50.0,49.5,49.0,48.5,48.0,48.0,48.0,48.0,48.5,48.5,49.0,49.0,49.5,49.5,49.5,49.5,49.0,49.0,49.0,48.5,48.0,47.5,47.0,46.5,45.5,45.5,45.0,45.5,45.5,45.5,46.0,46.5,47.0,47.0,47.5,47.5,47.5,47.0,46.5,46.0,45.5,45.0,44.5,44.0,44.0,44.0,44.5,45.0,45.5,46.5,47.0,47.5,48.0,48.5,49.0,49.5,50.0,50.0,50.0,50.0,49.5,49.0,49.0,48.5,48.0,48.0,48.0,48.0,48.5,49.0,49.5,50.5,51.0,51.0,51.5,51.0,51.0,50.5,50.5,50.0,49.5,49.0,49.0,48.5,48.5,49.0,49.0,49.0,49.5,49.5,50.0,50.5,50.5,50.5,51.0,51.0,51.0,51.0,51.0,50.5,50.0,49.5,49.0,48.5,48.5,48.0,48.0,48.0,48.0,48.5,49.5,50.0,51.0,51.5,52.0,52.0,52.0,51.5,51.5,51.0,50.5,50.5,50.0,50.0,49.5,49.5,50.0,50.0,50.5,50.5,51.0,51.5,52.0,52.0,52.5,52.0,51.5,50.5,49.0,47.5,46.0,44.0,41.5,39.5,37.5,35.5,34.0,32.5,31.5,31.0,31.0,31.5,33.0,34.5,37.0,39.5,43.0,47.0,51.0,56.0,62.0,68.0,74.5,81.0,87.0,93.0,99.0,105.5,111.5,117.0,122.0,126.0,129.0,130.5,131.0,131.5,131.0,130.0,128.0,125.0,121.5,117.0,112.0,107.0,101.5,96.0,91.0,86.0,81.5,77.0,73.0,69.5,66.0,63.0,60.5,58.5,57.0,55.5,54.5,54.0,53.5,53.0,53.0,53.0,52.5,52.5,52.5,52.0,52.0,51.5,51.0,51.0,50.5,50.0,49.5,48.5,48.0,47.5,47.0,47.0,47.5,48.0,48.5,49.5,50.0,50.5,51.0,51.0,51.5,51.5,51.5,51.5,51.5,51.0,51.0,50.0,49.5,49.0,48.5,48.0,47.5,47.0,47.0,47.0,47.0,47.0,47.0,47.5,47.5,47.5,48.0,48.0,48.5,48.5,49.0,49.0,49.5,49.5,49.0,48.5,48.0,47.5,47.0,46.5,46.5,46.5,46.5,46.5,46.5,47.0,47.0,47.0,0.0,0.0
47.5,48.0,48.0,48.5,49.0,49.5,50.0,50.5,50.5,51.0,50.5,50.5,50.0,50.0,49.5,49.5,49.0,49.0,49.0,49.0,49.0,49.0,49.5,50.0,50.5,51.0,51.0,51.5,52.0,52.0,52.0,52.0,51.5,51.5,51.5,51.0,50.5,50.5,50.0,50.0,50.0,50.0,50.5,50.5,51.0,51.0,51.5,51.5,52.0,52.0,52.5,52.5,52.5,52.5,53.0,53.0,53.0,53.0,53.0,52.5,52.5,52.5,52.5,53.0,53.5,54.0,54.5,54.5,54.5,54.5,55.0,55.0,55.0,54.5,54.5,54.0,53.5,53.5,53.5,53.5,53.5,53.5,53.5,54.0,54.0,54.5,55.0,55.5,55.5,56.0,56.0,56.0,55.5,55.5,55.5,55.5,55.5,55.5,55.5,55.0,55.0,55.0,55.5,55.5,56.0,56.0,56.5,56.5,56.5,57.0,57.0,57.5,57.0,57.0,57.0,56.5,56.5,57.0,57.0,57.5,57.5,58.0,58.5,59.0,59.5,60.0,60.5,61.0,61.0,61.0,61.0,60.5,60.5,60.0,59.5,59.0,58.5,58.0,58.0,58.0,58.0,58.0,58.0,58.5,58.5,58.5,59.0,59.0,59.0,58.5,58.5,58.5,58.0,58.0,57.5,57.0,57.0,57.0,57.0,56.5,56.5,56.5,56.5,56.5,57.0,57.5,58.5,59.0,59.5,60.0,60.5,61.0,61.0,61.0,60.5,60.5,60.5,61.0,61.0,61.0,61.0,61.0,61.0,61.0,61.5,61.5,62.0,62.0,62.0,62.0,61.5,61.0,60.5,60.0,60.0,60.0,60.0,60.5,60.5,60.5,60.5,61.0,61.0,61.5,62.0,62.0,62.5,63.0,63.5,63.5,64.0,64.0,64.5,64.0,64.0,63.5,63.5,63.5,63.5,63.0,63.0,63.5,63.5,64.0,64.5,65.0,65.5,65.5,65.5,65.5,65.5,65.0,65.0,65.5,65.5,65.5,65.5,65.0,65.0,65.0,65.0,65.0,65.0,65.0,65.5,65.5,66.0,66.0,66.0,65.5,65.0,64.0,63.0,61.5,59.5,57.0,55.0,52.5,50.0,48.5,47.0,46.0,45.5,45.5,45.5,46.0,47.0,49.5,52.5,57.0,62.0,67.5,74.0,81.0,88.5,95.5,102.5,109.0,115.0,121.5,127.5,134.0,140.0,145.5,149.5,152.0,153.5,154.0,154.0,153.5,152.5,150.5,147.5,143.5,139.0,134.5,129.5,124.5,119.0,114.0,108.5,103.5,99.0,94.5,90.5,87.0,84.0,81.0,78.0,76.0,74.5,73.0,72.0,71.5,71.0,70.5,70.0,69.5,69.0,68.5,0.0,0.0
46.5,47.5,48.0,48.5,48.5,48.5,49.0,49.0,49.0,49.0,49.0,49.0,48.5,48.0,47.5,47.5,47.0,47.0,47.0,47.0,47.0,47.0,47.5,48.0,48.5,48.5,49.0,49.5,49.5,49.0,49.0,48.5,47.5,47.0,46.5,46.5,46.0,46.0,46.0,46.5,46.5,47.0,47.0,47.5,47.5,47.5,47.5,47.5,47.5,47.0,46.5,46.0,46.0,45.5,45.0,45.0,45.0,44.5,44.5,44.5,45.0,45.0,45.5,45.5,46.0,46.0,46.0,46.0,45.5,45.5,45.0,44.5,44.0,43.5,43.0,43.0,42.5,43.0,43.0,43.5,44.0,44.5,45.0,45.5,46.0,47.0,47.5,48.0,48.5,48.5,48.5,49.0,49.0,49.0,49.0,49.0,49.0,49.5,49.5,49.5,50.0,50.5,51.0,51.5,51.5,51.5,51.0,51.0,51.0,50.5,49.5,49.0,48.5,48.0,47.5,47.5,47.5,47.0,47.0,47.0,47.0,47.5,47.5,48.0,48.0,48.0,48.5,48.5,48.5,48.0,47.5,47.0,47.0,46.5,46.5,46.0,46.0,46.5,46.5,46.5,47.0,47.0,47.5,47.5,48.0,48.0,48.5,48.5,49.0,49.0,49.0,48.5,48.5,48.0,48.0,48.0,48.0,48.0,48.5,48.5,48.5,48.5,49.0,49.0,49.0,49.5,49.5,49.5,49.0,49.0,48.5,48.0,47.5,46.5,45.0,43.5,42.0,40.5,38.5,37.0,35.0,33.5,32.0,31.0,30.5,30.0,30.0,30.5,31.5,33.0,35.5,38.0,41.5,45.5,50.5,56.0,62.0,69.0,76.0,83.0,90.0,96.5,103.0,109.0,115.0,120.0,124.0,127.0,129.0,130.0,130.0,130.0,129.0,127.5,125.0,122.0,118.0,114.0,110.0,105.5,101.0,96.0,91.5,86.5,82.0,77.5,73.5,69.5,66.5,63.0,60.5,58.0,56.0,54.5,53.5,53.0,53.0,52.5,52.5,52.5,53.0,53.0,53.0,53.0,52.5,52.0,51.0,50.5,49.5,48.0,47.0,46.0,45.0,44.0,43.5,43.5,43.5,44.5,45.5,46.5,47.5,49.0,50.5,51.5,52.0,52.5,52.5,52.5,52.0,51.5,51.0,50.5,49.5,49.0,48.0,47.5,47.0,46.5,46.5,46.5,46.5,47.0,47.0,47.5,47.5,47.5,47.5,47.0,46.5,46.5,46.0,45.0,45.0,44.5,44.5,44.5,44.0,44.0,44.0,44.0,44.5,45.0,45.5,45.5,46.0,46.5,46.5,46.0,46.0,46.0,45.5,45.0,44.5,44.5,44.0,44.0,44.0,44.0,44.5,45.0,0.0,0.0
41.5,41.0,41.0,40.5,40.0,40.0,39.5,39.5,39.5,40.0,40.5,41.0,41.5,42.0,43.0,43.5,44.5,45.0,45.5,46.0,46.0,45.5,45.5,45.0,44.5,44.5,44.0,44.0,44.0,44.0,44.0,44.0,44.0,43.5,43.0,42.5,42.0,41.5,41.0,41.0,41.0,41.5,42.0,43.0,44.0,45.0,45.5,46.5,47.0,47.5,48.0,48.5,48.5,48.5,48.5,48.5,48.0,47.5,47.0,46.5,45.5,45.0,44.5,44.5,44.0,44.0,43.5,43.5,43.5,44.0,44.0,44.5,44.5,45.0,45.0,45.0,45.0,45.0,44.5,44.0,43.5,43.5,43.0,42.5,42.0,42.0,41.5,41.5,41.5,41.5,41.5,42.0,42.0,42.5,42.5,43.0,43.0,43.5,43.0,42.5,41.5,40.0,38.0,36.0,34.0,31.5,29.0,26.5,25.0,24.0,23.0,23.0,23.0,23.0,23.5,25.0,26.5,29.0,32.0,35.5,40.0,45.0,50.5,57.0,63.5,70.0,76.5,83.0,89.5,96.0,102.5,109.0,115.0,120.0,123.5,126.0,127.5,128.5,128.5,128.0,126.0,123.0,119.0,114.0,109.0,103.5,97.5,92.0,86.5,81.0,76.5,72.0,67.5,63.5,60.0,57.0,54.0,51.5,49.0,47.5,46.0,45.0,44.0,43.0,42.0,41.5,41.0,41.0,41.0,41.0,41.0,41.0,41.5,41.5,42.0,42.0,42.0,42.5,42.5,42.0,41.5,41.5,41.0,40.5,40.5,40.0,40.0,39.5,39.5,39.5,40.0,40.0,40.5,40.5,40.5,40.5,40.5,40.5,40.5,40.0,40.0,40.0,39.5,39.5,39.5,39.0,39.0,38.5,38.5,38.5,38.5,39.0,39.0,39.5,40.0,40.5,41.0,41.5,42.0,42.0,42.0,42.0,41.5,41.5,41.0,41.0,40.5,40.5,40.5,40.5,41.0,41.0,41.5,42.0,42.0,42.0,42.5,42.5,42.5,42.0,42.0,41.5,41.5,41.0,40.5,40.5,40.0,39.5,39.5,39.5,40.0,40.5,41.0,41.0,41.5,41.5,41.5,42.0,42.0,41.5,41.5,41.5,41.5,41.0,40.5,40.5,40.0,40.0,40.0,40.0,40.0,40.5,41.0,41.0,41.5,42.0,42.0,42.0,42.0,41.5,41.0,41.0,40.5,40.0,40.0,40.0,40.0,40.0,40.0,40.5,40.5,41.0,41.5,42.0,42.5,43.0,43.0,43.5,43.5,43.0,43.0,42.5,42.0,41.5,41.5,41.0,41.0,41.0,41.0,41.5,41.5,42.0,42.5,42.5,43.0,43.0,43.0,43.0,42.5,42.5,0.0,0.0
48.5,48.0,47.5,47.0,47.0,47.0,47.0,47.0,47.0,47.5,47.5,47.5,48.0,48.0,48.5,48.5,49.0,49.0,49.5,49.5,49.0,48.5,48.0,47.5,47.0,46.5,46.5,46.5,46.5,46.5,46.5,47.0,47.0,47.0,47.5,47.5,47.5,47.5,47.5,47.0,47.0,46.5,46.5,46.0,46.0,45.5,45.5,45.5,45.5,45.5,46.0,46.5,46.5,46.5,46.5,46.5,46.0,46.0,45.5,45.5,45.0,44.5,44.0,43.5,43.5,43.0,43.0,43.0,42.5,42.5,42.5,43.0,43.0,43.5,43.5,43.5,44.0,44.0,44.5,45.0,45.0,45.0,45.0,44.5,43.5,43.0,42.5,42.5,42.5,42.5,43.0,43.5,44.0,44.5,44.5,44.5,44.5,44.0,44.0,43.5,43.5,43.0,43.0,42.5,42.0,41.5,41.5,41.0,41.0,41.0,41.0,41.5,41.5,42.0,42.0,42.5,42.5,43.0,43.0,43.0,43.0,42.5,42.0,41.5,41.0,40.5,40.0,40.0,39.5,39.5,40.0,40.5,41.0,41.5,42.0,42.5,42.5,43.0,43.0,43.0,42.5,42.5,42.0,41.5,41.0,40.5,40.5,40.5,40.5,40.5,40.5,41.0,41.0,41.0,41.0,41.0,41.5,41.5,41.0,41.0,41.0,41.0,41.0,41.5,41.5,41.5,41.0,41.0,40.5,40.5,40.5,40.5,40.5,40.5,41.0,41.0,41.5,41.5,42.0,41.5,41.0,41.0,40.5,40.0,39.5,39.5,39.0,39.0,39.0,38.5,38.5,38.5,39.0,39.5,39.5,40.0,40.0,40.0,40.0,40.0,39.5,39.0,38.5,38.0,38.0,37.5,37.5,37.5,38.0,38.5,39.0,39.5,40.0,40.0,40.0,40.5,40.5,41.0,41.0,41.0,41.0,40.5,40.5,40.0,39.5,39.5,39.0,38.5,38.0,37.5,37.0,37.0,37.0,37.0,37.5,37.5,38.0,38.0,38.0,38.0,37.5,37.5,37.0,37.0,36.5,36.0,35.5,35.5,35.5,36.0,36.0,36.5,37.5,38.0,38.0,38.5,39.0,39.0,39.0,39.0,39.0,38.5,38.5,38.0,37.5,37.0,36.5,36.5,36.5,36.5,36.5,37.0,37.0,37.5,37.5,38.0,38.0,38.0,38.0,38.5,38.0,38.0,38.0,37.5,37.5,37.5,37.0,37.0,37.0,37.0,37.5,37.5,38.0,38.0,38.5,38.5,38.5,38.5,38.5,38.5,38.5,38.5,38.0,38.0,37.5,37.5,37.5,37.0,37.0,37.0,37.0,37.5,37.5,38.0,38.0,38.5,38.5,39.0,39.0,39.0,0.0,0.0
2.5,2.5,2.5,3.0,3.0,3.5,3.5,3.5,3.5,3.5,3.5,3.5,3.5,3.0,3.0,2.5,2.5,2.5,2.5,2.5,3.0,3.5,4.0,4.5,5.0,5.0,5.5,5.5,5.5,5.0,4.5,4.0,3.5,3.5,3.0,2.5,2.0,1.5,1.5,1.5,1.5,2.0,2.5,3.0,3.5,4.0,4.0,4.0,4.0,3.5,3.5,3.5,3.0,3.0,2.5,2.5,3.0,3.0,4.0,4.5,5.0,5.5,6.0,6.5,7.0,7.0,7.0,7.0,6.5,6.0,5.5,5.0,5.0,5.0,5.0,5.0,5.5,6.0,6.0,6.5,7.0,7.0,7.5,8.0,8.0,8.0,8.0,8.0,7.5,7.5,7.0,6.5,6.5,6.0,6.0,6.0,6.0,6.0,6.5,6.5,7.0,7.5,7.5,8.0,8.5,9.0,9.0,9.5,9.5,9.0,8.5,8.0,8.0,7.5,7.5,7.0,7.0,7.5,7.5,8.0,8.5,8.5,9.0,9.0,9.5,9.5,9.5,9.5,9.5,9.5,9.0,9.0,9.0,9.0,9.0,9.0,8.5,8.5,8.5,9.0,9.5,9.5,10.0,10.0,10.5,10.5,11.0,11.5,12.0,12.0,12.0,11.5,10.5,10.0,9.5,9.5,9.0,9.0,9.0,9.0,8.5,8.5,8.0,8.0,7.5,7.5,7.5,7.5,7.5,7.0,6.5,6.0,5.5,5.0,5.0,5.0,5.0,5.5,6.0,6.5,7.0,8.0,9.0,9.5,10.5,11.5,11.5,12.0,12.0,11.5,11.5,11.5,11.5,11.5,11.5,12.0,12.0,12.5,12.5,12.5,13.0,13.0,13.0,13.5,13.0,13.0,13.0,13.0,12.5,12.0,11.0,10.5,10.0,9.0,9.0,9.0,8.5,9.0,9.0,9.5,10.0,10.5,10.5,11.0,11.5,12.0,12.0,12.5,12.5,12.5,12.5,12.0,11.5,11.0,11.0,10.5,10.5,10.5,11.0,11.5,12.0,12.5,13.0,13.5,14.0,14.0,14.5,15.0,15.5,15.0,15.0,14.5,14.0,14.0,13.5,13.0,13.0,13.0,13.0,13.5,13.5,14.0,14.0,14.5,15.0,15.0,15.5,15.0,14.0,13.0,11.0,9.0,6.5,4.0,1.5,-0.5,-2.5,-4.0,-5.0,-5.5,-5.5,-5.5,-4.5,-3.5,-2.0,0.5,4.0,8.0,12.5,17.5,23.5,29.5,36.0,42.5,48.5,54.5,60.0,66.0,72.5,78.5,84.5,89.5,93.5,96.5,98.0,99.0,99.5,98.5,97.0,94.5,91.0,87.0,82.0,77.0,72.0,67.0,61.5,56.5,51.5,47.0,0.0,0.0
47.0,46.5,46.0,45.0,44.5,44.0,43.5,43.0,42.5,42.5,42.5,42.5,43.0,43.5,43.5,44.0,44.5,45.0,45.0,45.0,45.0,45.0,45.0,45.0,45.0,44.5,44.5,44.0,44.0,43.5,43.5,43.0,43.0,43.5,43.5,44.0,44.0,44.5,44.5,44.5,44.0,44.0,44.5,44.5,44.0,44.0,43.5,43.5,43.0,43.0,42.5,42.5,42.5,42.5,42.5,43.0,43.0,43.5,44.0,44.5,45.0,45.0,45.0,45.0,44.5,44.0,44.0,43.5,43.5,43.0,43.0,43.0,43.0,43.0,43.0,43.0,43.5,43.5,43.5,44.0,44.5,44.5,45.0,44.5,44.5,44.0,43.5,43.0,43.0,43.0,43.0,43.0,43.0,43.0,43.5,43.5,43.5,43.5,43.5,43.5,43.5,43.5,43.5,44.0,44.0,44.0,44.0,44.0,43.5,43.5,43.5,44.0,44.5,45.0,45.5,45.5,45.5,45.0,45.0,44.5,44.0,44.0,44.0,44.0,44.0,44.0,44.0,43.5,43.0,42.5,42.0,42.0,41.5,41.5,41.5,42.0,42.5,42.5,42.5,43.0,43.0,43.5,43.5,43.5,43.0,43.0,42.5,42.5,42.0,42.0,41.5,41.5,41.5,41.5,41.5,42.0,42.0,42.5,43.0,43.5,44.0,44.0,44.0,43.5,43.0,42.0,41.0,40.0,39.5,38.5,38.0,38.0,38.0,38.0,38.0,38.5,39.0,39.5,40.0,40.5,41.0,41.0,41.0,41.0,40.5,39.5,39.0,38.5,38.0,38.5,38.5,39.5,40.0,41.0,41.5,42.0,42.5,42.5,42.5,42.5,42.5,42.0,41.5,41.0,40.0,39.5,38.5,38.0,37.5,37.0,36.5,36.5,36.5,36.5,36.5,36.5,37.0,37.5,37.5,38.0,38.0,38.0,38.0,38.0,38.0,38.0,37.5,37.5,37.0,36.5,36.5,36.0,35.5,35.0,34.5,34.5,34.5,34.5,35.0,35.5,36.5,37.0,37.0,37.0,37.0,36.5,36.0,35.5,35.5,36.0,36.0,36.5,37.0,37.5,38.0,39.0,39.5,40.0,40.0,40.0,40.0,40.0,39.5,39.0,38.5,38.0,37.5,37.0,36.5,36.5,36.5,36.5,36.5,36.5,37.0,37.0,37.0,37.0,37.5,37.5,38.0,38.0,38.0,37.5,37.5,37.0,36.0,36.0,35.5,35.5,35.5,35.5,35.5,36.0,36.0,35.5,35.5,35.0,35.0,35.0,35.5,36.0,36.0,36.5,36.5,36.5,36.0,35.5,35.5,35.0,35.0,34.5,34.5,34.0,34.5,34.5,35.0,35.5,36.0,36.0,0.0,0.0
50.5,50.5,50.5,50.0,49.5,49.5,49.0,48.5,48.0,48.0,48.5,48.5,49.0,49.0,49.5,49.5,50.0,50.0,50.5,50.5,50.0,50.0,50.0,49.5,49.5,49.5,49.5,49.5,49.0,49.0,49.0,49.5,50.0,50.5,51.0,51.5,52.0,52.5,52.5,52.0,52.0,51.0,50.5,50.0,49.5,49.0,48.5,48.5,48.0,48.0,48.0,48.0,48.5,49.0,49.0,49.5,49.5,49.5,49.5,49.5,49.0,49.0,49.0,49.0,49.0,49.0,49.0,49.0,49.0,49.0,49.0,49.0,49.0,49.0,49.5,50.0,50.0,50.5,51.0,51.5,51.5,51.0,50.5,50.0,49.5,49.0,48.5,48.5,48.5,48.5,48.5,49.0,49.5,50.0,50.0,50.5,51.0,51.0,51.5,51.5,51.0,51.0,50.5,49.5,49.0,49.0,48.5,48.5,48.5,49.0,49.5,50.0,51.0,51.5,52.0,52.5,53.0,53.0,53.0,53.0,52.5,52.0,52.0,51.5,51.0,51.0,51.0,51.0,50.5,50.5,50.5,50.5,50.5,51.0,51.5,52.0,52.0,52.5,52.5,52.0,52.0,51.5,51.0,50.5,50.0,49.5,49.5,49.0,49.5,50.0,50.5,51.0,51.5,52.5,52.5,53.0,53.0,53.0,53.0,53.0,52.5,52.0,51.0,50.5,49.5,48.0,47.0,46.5,46.0,45.5,46.0,46.0,47.0,48.5,50.0,51.5,53.0,54.5,55.5,56.0,56.5,56.5,56.0,56.0,55.5,55.0,54.0,53.5,52.5,52.0,51.5,51.0,51.0,51.0,51.0,51.5,51.5,52.0,52.5,52.5,52.5,52.5,52.0,52.0,51.5,51.5,51.5,51.5,52.0,52.0,52.5,53.0,53.0,53.5,54.0,54.5,55.0,55.0,55.0,55.0,54.5,54.5,54.0,53.5,53.0,53.0,52.5,52.0,52.0,52.0,52.0,52.5,52.5,53.0,53.0,53.5,53.5,54.0,54.0,54.0,53.5,53.5,53.5,53.0,53.0,53.0,52.5,52.5,52.5,52.5,53.0,53.5,53.5,54.0,54.5,55.0,55.5,55.5,55.5,55.5,55.5,55.5,55.0,55.0,54.5,54.5,54.0,53.5,53.0,53.0,53.5,54.0,54.5,55.0,55.0,55.5,56.0,56.0,56.0,56.0,55.5,55.0,54.5,54.0,53.5,53.0,53.0,52.5,52.5,52.5,52.5,52.5,53.0,53.5,54.0,54.5,54.5,54.5,54.5,54.5,54.5,54.5,54.5,54.5,54.5,54.0,54.0,54.0,54.0,54.0,54.0,54.5,54.5,54.5,54.5,55.0,55.0,55.5,55.5,55.0,0.0,0.0
17.0,16.5,16.0,15.5,15.0,14.5,14.0,13.5,13.5,13.5,13.5,13.5,13.5,13.5,13.5,13.5,13.5,14.0,14.0,14.0,14.0,14.0,13.5,13.0,13.0,12.5,12.5,12.5,12.5,13.0,13.5,14.0,14.5,14.5,15.0,15.0,15.0,15.5,15.5,15.0,14.5,14.0,13.5,13.0,12.5,12.0,11.0,10.5,10.0,9.5,9.0,9.0,9.0,9.5,10.5,11.5,13.0,14.0,15.5,16.5,17.5,18.0,18.0,17.5,17.0,16.5,16.0,15.5,15.0,15.0,15.5,15.5,16.0,16.0,16.0,16.0,15.5,15.5,15.0,15.0,15.0,14.5,14.5,14.0,13.5,13.0,12.5,11.5,11.0,10.5,10.0,10.0,10.5,11.0,11.5,11.5,11.5,11.5,11.5,11.0,10.5,9.5,9.0,8.5,8.0,8.0,7.5,7.5,7.5,7.0,7.0,7.0,7.5,8.0,8.5,9.5,10.0,11.0,11.5,12.0,12.0,12.0,12.0,12.0,12.0,12.5,12.5,12.5,12.5,12.5,12.0,12.0,12.0,12.0,12.0,12.5,13.0,13.0,13.0,13.0,13.0,12.5,12.0,12.0,11.5,11.0,11.0,11.0,10.5,10.0,10.0,10.0,10.0,10.5,11.5,12.0,12.5,13.0,13.0,13.0,12.0,11.5,10.5,10.0,9.0,9.0,8.5,8.5,8.5,9.0,9.0,9.5,10.0,10.5,10.5,11.0,11.0,11.5,11.5,11.5,11.5,11.5,11.0,10.0,9.5,9.5,9.5,10.0,10.5,11.0,11.5,11.5,12.0,12.0,12.5,12.5,13.0,13.0,13.0,13.0,12.5,12.0,11.0,10.0,8.5,7.0,5.0,3.0,1.0,-1.5,-3.5,-5.0,-6.0,-7.0,-7.5,-7.5,-7.5,-6.5,-5.0,-2.5,0.0,3.5,7.5,12.5,18.0,24.0,30.5,37.5,44.5,51.0,57.5,63.5,69.5,75.5,81.0,85.5,89.0,91.5,93.0,93.5,93.0,92.5,91.0,89.0,86.5,83.0,79.0,74.0,69.5,64.5,59.5,54.5,50.0,45.5,41.0,37.5,33.5,30.5,27.0,24.0,21.5,19.0,17.5,16.0,15.0,14.5,14.0,13.5,13.5,13.0,13.0,13.5,13.5,14.0,14.0,14.5,15.0,15.0,15.0,15.0,14.5,14.0,14.0,13.5,13.0,12.5,12.0,11.5,11.5,11.5,11.5,11.5,12.0,12.0,12.5,12.5,12.5,13.0,13.0,13.0,13.0,12.5,12.0,11.5,10.5,10.0,9.5,9.0,9.0,9.0,9.0,9.5,10.0,10.5,10.5,10.5,10.5,10.5,10.5,10.5,0.0,0.0
-8.5,-8.5,-9.0,-9.0,-9.5,-10.0,-10.0,-10.0,-10.0,-9.5,-9.0,-9.0,-9.0,-9.0,-9.0,-9.0,-9.0,-9.0,-9.0,-9.5,-9.5,-10.0,-10.5,-11.0,-11.0,-11.0,-11.0,-11.0,-10.5,-10.5,-9.5,-9.0,-9.0,-8.5,-8.5,-8.5,-8.5,-9.0,-9.0,-9.0,-9.5,-9.5,-10.0,-10.5,-10.5,-10.5,-10.5,-10.0,-9.5,-9.0,-8.5,-8.5,-8.0,-7.5,-7.5,-7.0,-6.5,-6.5,-6.5,-7.0,-7.5,-8.0,-8.0,-8.5,-8.5,-8.5,-8.5,-8.0,-7.5,-7.0,-6.5,-5.5,-5.0,-4.5,-4.0,-3.5,-3.5,-3.5,-3.5,-4.0,-4.5,-5.0,-6.0,-6.5,-7.0,-7.0,-7.0,-7.0,-7.0,-7.0,-6.5,-6.5,-6.0,-6.0,-6.0,-5.5,-6.0,-6.0,-6.5,-7.0,-7.0,-7.5,-8.0,-8.0,-8.5,-8.5,-8.0,-7.5,-7.0,-6.0,-5.5,-4.5,-4.0,-4.0,-4.0,-4.0,-4.0,-4.5,-4.5,-5.0,-5.5,-6.0,-6.5,-6.5,-7.0,-7.0,-7.0,-7.0,-7.0,-6.5,-6.5,-6.0,-5.5,-5.5,-5.0,-5.0,-5.5,-5.5,-6.0,-6.0,-6.5,-6.5,-6.5,-7.0,-7.0,-7.0,-7.0,-6.5,-6.0,-5.0,-4.0,-3.5,-3.0,-3.0,-3.0,-3.0,-3.0,-3.0,-3.5,-3.5,-4.0,-4.0,-4.5,-4.5,-4.5,-4.5,-4.5,-4.5,-4.5,-4.0,-4.0,-3.5,-3.0,-3.0,-3.0,-3.0,-3.0,-3.5,-3.5,-4.0,-4.5,-4.5,-4.5,-5.0,-5.0,-5.5,-5.5,-5.0,-5.0,-4.5,-4.5,-4.0,-4.0,-3.5,-3.5,-3.5,-3.5,-3.5,-4.0,-4.5,-5.0,-5.5,-6.0,-6.5,-7.0,-7.0,-7.0,-6.5,-6.5,-6.0,-5.5,-5.0,-5.0,-4.5,-4.5,-4.5,-4.5,-4.5,-4.5,-4.5,-4.5,-5.0,-5.0,-5.0,-4.5,-4.0,-3.0,-2.5,-1.5,-1.0,-0.5,0.0,0.5,1.0,1.5,1.5,2.0,1.5,1.5,1.0,0.5,0.0,-0.5,-0.5,-1.0,-1.0,-1.5,-1.5,-1.5,-1.5,-1.0,-0.5,0.5,1.0,1.0,1.0,1.0,1.0,0.5,0.0,-0.5,-1.0,-1.0,-1.5,-1.5,-1.5,-1.0,-1.0,-1.0,-1.0,-0.5,0.0,0.5,1.0,1.0,1.5,1.5,1.0,1.0,0.5,0.5,0.5,0.5,0.5,0.5,0.5,0.5,1.0,1.0,1.5,2.0,2.5,3.0,3.5,3.5,3.5,3.5,3.0,2.5,2.0,1.0,0.5,-1.0,-2.5,-4.0,-6.0,-8.5,-11.5,-14.0,-16.0,-18.0,-19.0,-20.0,-20.0,-19.0,-17.5,-16.0,-14.0,-11.0,-8.0,0.0,0.0
4.5,4.0,3.5,3.0,2.5,2.0,1.5,1.5,1.5,2.0,2.5,3.0,3.5,4.0,4.5,5.0,5.0,5.0,4.5,4.0,3.0,2.0,0.5,-0.5,-1.5,-2.0,-2.5,-3.0,-3.0,-3.0,-3.0,-2.0,-1.0,0.0,1.0,2.5,3.5,4.5,5.5,5.5,6.0,5.5,5.0,4.5,4.0,3.0,2.5,1.5,1.0,0.0,-0.5,-0.5,-0.5,-0.5,-0.5,-0.5,-1.0,-1.0,-1.5,-1.5,-2.0,-2.0,-2.5,-3.5,-4.5,-5.0,-5.5,-6.0,-6.0,-6.0,-5.5,-5.5,-5.0,-5.0,-4.5,-4.5,-5.0,-5.0,-5.5,-6.0,-6.0,-6.0,-6.0,-6.0,-6.0,-6.0,-6.5,-6.5,-7.0,-7.0,-6.5,-6.0,-6.0,-5.5,-5.5,-5.0,-5.0,-5.0,-5.0,-5.0,-5.5,-6.0,-6.5,-7.0,-7.5,-8.0,-8.5,-9.0,-9.0,-9.0,-8.5,-8.5,-8.0,-7.5,-7.0,-6.5,-6.5,-6.5,-6.5,-7.0,-8.0,-8.5,-9.5,-10.0,-10.0,-10.5,-10.0,-10.0,-9.5,-9.0,-8.5,-8.5,-8.5,-8.0,-8.0,-8.0,-8.0,-8.0,-8.0,-8.0,-8.0,-8.0,-7.5,-7.5,-7.5,-8.0,-8.0,-8.5,-9.0,-9.0,-9.0,-8.5,-8.5,-8.0,-8.0,-7.5,-7.0,-7.0,-7.0,-7.5,-8.0,-8.5,-9.0,-9.5,-10.0,-10.0,-10.5,-10.5,-10.5,-10.5,-10.5,-10.0,-10.0,-9.5,-9.0,-8.5,-8.0,-8.0,-8.0,-8.0,-8.5,-9.0,-9.5,-10.0,-10.5,-11.0,-11.5,-11.5,-12.0,-11.5,-11.5,-10.5,-10.0,-10.0,-9.5,-9.0,-8.5,-8.0,-8.0,-8.5,-9.0,-9.5,-10.0,-10.5,-11.0,-11.0,-11.5,-11.5,-12.0,-11.5,-11.5,-11.0,-10.5,-10.5,-10.0,-10.0,-10.0,-10.0,-10.0,-10.0,-10.0,-10.5,-10.5,-11.0,-11.5,-11.5,-12.0,-12.0,-11.5,-11.5,-11.0,-10.0,-9.5,-9.0,-9.0,-9.0,-9.0,-9.0,-9.0,-9.5,-10.0,-10.5,-11.0,-11.0,-11.5,-12.0,-12.0,-12.0,-12.0,-11.5,-11.5,-11.0,-10.5,-10.5,-10.0,-10.0,-10.0,-10.0,-10.0,-10.0,-10.5,-11.0,-11.5,-12.5,-13.0,-13.5,-14.0,-14.5,-14.5,-14.5,-14.5,-14.0,-13.5,-13.0,-13.0,-12.5,-12.5,-12.5,-12.5,-13.0,-13.0,-13.5,-14.0,-14.5,-15.0,-15.5,-16.5,-16.5,-17.0,-17.0,-17.0,-17.0,-17.0,-17.0,-17.0,-17.0,-17.0,-16.5,-16.5,-16.5,-16.0,-16.0,-16.0,-16.0,-16.5,-16.5,-16.5,-16.5,-16.0,-15.5,-15.0,-15.0,-14.5,-14.0,-14.0,-13.5,-13.5,-13.5,-13.5,-13.5,0.0,0.0
39.5,35.0,30.5,27.0,23.5,20.5,18.5,16.5,15.5,14.5,14.5,14.0,14.0,14.0,14.0,13.5,13.5,13.0,12.5,12.0,12.0,11.5,11.5,11.5,11.5,11.5,12.0,12.5,13.0,13.0,13.0,13.0,13.0,13.0,12.5,12.0,11.5,11.0,11.0,10.5,10.5,10.0,10.0,10.5,10.5,11.0,11.5,11.5,12.0,12.0,12.0,12.0,11.5,11.5,11.5,11.0,11.0,10.5,10.5,10.5,10.5,10.5,11.0,11.0,11.0,11.0,11.0,11.5,11.5,12.0,12.0,12.5,13.0,13.0,13.0,12.5,12.5,12.0,11.5,11.5,11.0,11.0,11.0,11.0,11.0,11.5,11.5,12.0,12.0,12.5,12.5,12.5,12.5,12.0,11.5,11.0,10.5,10.0,9.5,9.5,9.0,9.0,9.5,9.5,10.0,10.5,11.0,11.5,12.0,13.0,13.5,14.0,14.0,14.0,14.0,13.5,13.0,12.0,11.5,11.0,11.0,11.0,11.0,11.5,12.0,12.0,12.5,12.5,12.5,12.5,12.5,12.5,12.5,12.0,12.0,12.0,12.0,11.5,11.5,11.5,11.5,11.0,11.5,11.5,12.0,12.5,13.0,13.5,14.0,14.5,15.0,15.0,15.0,15.0,14.5,14.5,14.0,13.5,13.0,12.5,12.0,12.0,12.0,12.5,13.0,13.5,14.0,14.5,14.5,14.5,14.5,14.0,14.0,14.0,13.5,13.5,13.0,13.0,12.5,12.5,12.5,12.5,12.5,13.0,13.0,13.5,14.0,14.5,14.5,15.0,15.0,15.0,15.5,15.5,15.5,15.0,15.0,15.0,15.0,14.5,14.5,14.5,15.0,15.0,15.5,16.0,16.5,16.5,17.0,17.5,17.5,17.5,17.5,17.5,17.0,17.0,16.5,16.0,15.5,15.0,15.0,14.5,14.5,14.5,14.5,14.5,15.0,15.5,16.0,16.0,16.0,16.0,16.0,15.5,15.5,15.0,15.0,14.5,14.5,14.5,14.5,14.5,14.5,14.5,14.5,15.0,15.5,16.0,16.5,17.0,17.0,17.5,17.5,17.5,17.5,17.0,16.5,16.0,16.0,16.0,16.0,16.0,16.0,16.0,16.5,16.5,16.5,17.0,17.0,17.5,18.0,18.0,18.0,18.0,18.0,17.5,16.5,16.0,16.0,15.5,15.5,15.5,16.0,16.0,16.5,17.0,17.5,18.0,18.5,19.0,19.5,20.0,20.0,19.5,19.0,19.0,18.5,18.0,18.0,18.0,18.0,18.0,18.0,18.0,18.5,18.5,18.5,19.0,19.0,19.0,19.0,19.0,19.0,18.5,18.5,18.5,18.0,18.0,18.0,17.5,0.0,0.0
31.5,31.5,31.5,32.0,32.0,32.5,33.0,33.0,33.0,33.5,33.5,33.5,34.0,34.0,34.5,34.5,34.5,34.0,34.0,33.5,33.0,33.0,32.5,32.5,32.5,32.5,32.5,33.0,33.0,33.5,34.0,34.0,34.0,34.0,34.0,34.0,34.0,34.0,34.0,34.0,34.0,33.5,33.5,33.5,33.5,33.5,34.0,34.0,34.5,35.0,35.0,35.0,35.0,35.0,35.0,34.5,34.5,34.0,33.5,33.0,32.5,32.0,31.5,31.5,31.5,32.0,32.0,33.0,33.5,34.0,34.5,35.0,35.0,35.5,35.5,35.0,35.0,35.0,35.0,34.5,34.5,34.0,34.0,33.5,33.5,33.5,34.0,34.0,34.5,35.0,35.5,36.0,36.5,36.5,36.5,36.5,36.5,36.0,35.0,34.5,34.0,33.5,33.5,33.5,33.5,33.5,34.0,34.5,35.0,35.5,35.5,35.5,35.5,36.0,35.5,35.5,35.5,35.5,35.5,35.0,34.5,34.0,34.0,33.5,33.5,34.0,34.0,34.0,34.5,34.5,34.5,35.0,35.0,35.5,35.0,35.0,35.0,34.5,34.5,34.0,33.5,33.0,32.5,32.5,32.5,32.5,33.5,34.0,35.0,36.0,37.0,37.5,38.5,38.5,39.0,39.0,39.0,39.0,38.5,38.5,38.5,38.5,38.5,38.5,38.5,38.5,39.0,39.0,39.5,39.5,40.0,40.0,40.0,39.5,39.5,39.0,38.5,38.0,38.0,38.0,37.5,37.5,37.5,37.5,38.0,38.5,39.0,39.5,40.5,41.0,41.5,42.0,42.0,42.5,42.5,43.0,43.0,42.5,42.5,42.0,41.5,41.0,41.0,40.5,40.5,40.5,41.0,41.0,41.5,41.5,42.0,42.5,42.5,42.5,43.0,43.0,43.0,43.0,42.5,42.5,42.5,42.0,42.0,42.0,42.0,42.0,42.0,42.5,43.0,43.5,44.0,44.5,45.0,45.5,45.5,45.0,44.5,43.5,42.0,40.5,39.0,37.5,35.5,33.5,31.5,29.0,27.5,25.5,24.5,23.5,22.5,22.5,22.5,23.5,24.5,26.5,29.0,32.0,36.5,41.5,47.0,53.5,60.0,67.0,74.0,80.5,87.0,93.5,100.0,106.0,112.0,117.0,121.0,123.5,125.0,125.5,125.5,125.0,123.0,121.0,117.5,113.5,109.0,104.5,99.5,94.5,89.5,84.0,79.5,75.0,71.0,67.0,63.5,60.0,57.0,54.5,52.0,50.0,48.5,47.0,46.5,46.0,46.0,46.0,46.5,47.0,48.0,48.5,49.0,49.5,49.5,49.5,49.5,49.5,49.0,49.0,48.5,47.5,47.0,46.5,0.0,0.0
23.0,22.5,21.5,21.0,20.5,20.0,20.0,20.0,20.0,20.5,20.5,20.5,20.5,20.0,20.0,19.5,19.5,19.0,19.0,19.0,18.5,18.5,18.5,18.5,18.5,19.0,19.5,19.5,19.5,20.0,20.5,20.5,21.0,21.5,21.5,21.5,21.5,21.0,20.5,20.0,19.5,19.0,19.0,19.0,19.0,19.5,20.0,20.5,20.5,21.0,21.0,21.0,20.5,20.5,20.0,20.0,19.5,19.0,18.5,18.0,17.5,17.5,17.0,17.5,17.5,17.5,17.5,18.0,18.0,18.5,18.5,18.5,18.5,18.5,18.5,18.0,17.5,17.5,17.0,16.5,16.5,16.0,16.0,16.0,16.0,16.0,16.0,16.0,16.5,16.5,16.5,16.5,16.5,16.5,16.0,15.5,15.0,14.5,14.0,13.5,13.5,13.5,14.0,14.0,14.5,15.0,16.0,16.5,17.0,17.5,18.5,19.0,19.5,19.5,20.0,20.0,19.5,19.5,19.5,19.0,19.0,19.0,18.5,18.5,18.5,18.5,19.0,19.5,19.5,19.5,19.5,19.5,19.0,19.0,18.5,18.5,18.0,17.5,17.0,16.5,16.5,16.0,16.0,16.0,16.0,16.5,17.0,17.5,17.5,18.0,18.0,18.0,18.0,18.0,18.0,18.0,18.0,17.5,17.0,17.0,17.0,17.0,17.0,17.0,17.0,17.0,17.0,17.0,17.5,17.5,17.5,18.0,18.0,17.5,17.5,17.0,16.5,16.0,15.5,15.5,15.0,14.5,14.5,15.0,15.0,15.0,15.5,15.5,15.5,15.5,15.0,14.5,13.5,12.0,10.5,9.0,7.0,4.5,2.5,0.5,-1.5,-3.0,-4.0,-4.5,-5.0,-4.5,-3.5,-2.0,0.5,3.5,7.0,12.0,17.0,22.5,29.0,35.5,42.5,49.0,55.5,61.5,68.0,74.5,81.0,87.0,92.0,96.5,99.5,101.0,102.5,103.0,103.0,102.0,99.5,96.5,92.0,87.5,82.0,76.0,70.0,64.0,58.0,52.5,47.5,42.5,38.5,34.5,31.0,28.0,25.5,23.0,21.0,19.5,18.5,18.0,17.0,16.5,16.0,15.5,15.0,14.5,14.0,13.5,13.5,13.0,13.0,12.5,12.5,12.5,13.0,13.0,13.5,13.5,13.5,13.0,13.0,12.5,12.0,11.5,11.0,11.0,10.5,10.0,10.0,9.5,9.5,9.0,9.5,9.5,10.0,10.0,10.0,10.0,9.5,9.5,9.0,8.5,8.5,8.0,8.0,7.5,7.5,7.5,8.0,8.0,8.0,8.5,8.5,9.0,9.5,10.0,10.5,11.0,11.5,11.5,11.5,11.5,11.0,10.5,10.5,10.0,0.0,0.0
23.0,23.5,23.5,24.0,24.0,24.5,24.5,24.5,25.0,25.0,25.5,25.5,25.0,25.0,24.5,24.5,24.0,24.0,23.5,23.5,23.5,24.0,24.0,24.5,25.0,25.0,25.0,25.0,25.0,25.5,25.5,25.0,25.0,24.5,24.5,24.0,23.5,23.0,22.5,22.0,21.5,21.0,20.5,20.5,20.0,19.5,19.0,19.0,19.5,20.0,21.0,22.0,23.0,23.5,24.5,25.0,25.5,26.0,26.5,26.5,27.0,27.0,27.0,27.0,27.0,27.0,27.0,27.0,26.5,26.5,26.0,25.5,25.0,24.5,24.0,23.5,23.0,23.0,23.0,23.0,23.0,23.0,23.5,23.5,24.0,24.0,24.5,24.5,24.5,24.5,24.5,24.0,24.0,23.5,23.0,22.5,22.5,22.0,22.0,22.0,22.0,22.5,23.0,23.5,23.5,24.0,24.0,24.5,24.5,25.0,25.0,25.5,25.5,25.0,24.5,24.5,24.0,23.5,23.0,23.0,23.0,23.0,23.5,23.5,24.0,24.5,25.0,25.5,25.5,25.5,25.0,25.0,24.5,24.0,23.5,23.5,23.0,23.0,22.5,22.5,23.0,23.0,23.5,24.0,24.0,24.5,24.5,25.0,25.0,25.0,25.0,24.0,23.5,23.0,22.5,22.0,22.0,21.5,21.5,21.5,21.5,22.0,22.5,23.0,23.5,24.0,24.0,24.0,24.5,24.5,25.0,25.0,24.5,24.0,23.5,23.0,22.5,22.5,22.5,22.0,22.0,22.0,22.0,22.5,22.5,23.0,23.0,23.5,23.5,23.5,23.5,23.5,23.0,22.5,22.5,22.5,22.5,22.5,22.5,22.5,22.5,22.5,23.0,23.5,24.0,24.5,25.0,25.5,26.0,26.0,25.5,25.5,25.5,25.0,25.0,24.5,24.5,24.0,24.0,23.5,23.5,23.5,24.0,24.0,24.5,25.0,25.0,25.0,25.0,25.0,25.0,25.0,24.5,24.5,24.5,24.0,24.0,23.5,23.5,23.5,24.0,24.5,25.0,25.5,26.0,26.5,26.5,27.0,27.0,27.0,27.0,26.5,26.0,25.5,24.5,24.0,23.5,23.5,23.0,23.0,22.5,23.0,23.0,23.5,24.0,24.5,24.5,25.0,25.0,25.0,25.0,25.0,24.5,24.5,24.5,24.5,24.5,24.5,25.0,25.0,25.5,25.5,26.0,26.5,27.0,27.5,27.5,27.5,27.5,27.5,27.0,26.5,26.0,25.5,25.0,24.5,24.5,24.5,24.5,24.5,25.0,25.5,26.0,26.5,26.5,26.5,26.5,26.5,26.5,26.5,26.5,26.0,26.0,25.5,25.0,25.0,24.5,24.0,24.0,24.0,0.0,0.0
37.5,37.0,37.0,36.5,36.5,36.5,37.0,37.5,38.0,38.5,39.0,39.5,40.0,40.5,41.0,41.0,41.5,41.5,41.5,41.5,41.5,41.0,41.0,41.5,41.5,42.0,42.5,43.0,43.5,44.0,44.5,44.5,44.5,44.0,44.0,43.5,43.0,42.5,42.5,42.0,41.5,41.5,41.5,41.5,41.5,41.5,42.0,42.0,42.5,42.5,43.0,43.5,43.5,43.5,43.0,43.0,43.0,42.5,42.0,42.0,41.5,41.0,41.0,41.0,41.5,41.5,42.0,42.5,43.0,43.5,44.0,44.0,44.5,44.5,44.5,44.5,44.5,44.0,44.0,44.0,44.0,43.5,43.5,43.5,43.5,43.5,44.0,44.5,45.0,45.0,45.0,45.0,45.0,44.5,44.5,44.0,43.5,43.0,42.5,42.0,41.5,41.0,40.0,39.0,38.0,36.0,34.5,32.5,30.5,28.5,27.0,25.5,24.5,24.0,23.5,23.0,23.0,23.5,24.5,26.0,28.5,32.5,37.0,42.5,49.0,56.5,64.0,71.5,78.5,85.5,92.5,99.0,106.0,112.5,118.5,123.0,126.0,128.0,129.5,130.0,130.0,129.0,127.5,124.5,120.5,116.0,111.0,106.0,100.5,95.0,89.0,83.5,78.5,73.5,68.5,64.0,60.5,56.5,53.5,50.5,48.5,46.5,45.5,44.5,44.5,44.5,44.5,45.0,45.0,45.5,45.5,45.5,45.5,45.0,44.5,44.0,43.0,42.0,41.0,40.0,39.5,39.0,39.0,39.0,39.0,39.0,39.0,39.0,39.5,39.5,39.5,39.5,39.5,39.0,39.0,39.0,39.0,38.5,38.5,38.0,38.0,37.5,37.5,37.5,37.5,37.5,38.0,38.0,38.5,39.0,40.0,40.5,40.5,40.5,40.5,40.5,40.0,39.5,39.5,39.0,39.0,38.5,38.5,38.5,38.5,39.0,39.0,40.0,40.5,41.0,41.0,41.5,41.5,41.5,41.5,41.0,40.5,40.0,39.5,39.0,39.0,38.5,39.0,39.0,39.0,39.0,39.0,39.0,39.5,39.5,39.5,39.5,39.5,39.5,39.5,39.5,39.5,39.5,39.0,39.0,38.5,38.5,38.0,38.0,38.0,38.0,38.0,38.0,38.0,38.5,38.5,38.5,38.5,38.5,38.0,38.0,37.5,37.0,37.0,37.0,36.5,36.5,36.0,36.0,36.0,36.5,37.0,37.5,38.5,38.5,39.0,39.0,39.0,39.0,39.0,39.0,38.5,38.0,37.5,37.5,37.0,37.0,37.0,37.0,36.5,36.5,37.0,37.0,37.5,38.0,38.0,38.5,38.5,38.5,38.0,38.0,37.5,37.0,36.0,36.0,0.0,0.0
47.5,47.5,47.5,47.5,47.5,47.5,47.5,48.0,48.5,48.5,48.0,47.5,46.5,46.0,45.0,44.0,43.0,42.0,41.5,41.5,41.5,42.5,43.5,45.0,46.0,47.5,48.5,49.5,50.0,50.5,50.5,50.5,50.0,49.5,49.0,48.5,47.5,47.0,46.0,45.5,45.0,45.0,44.5,44.5,44.5,44.5,45.0,45.0,45.5,45.5,46.0,46.5,46.5,46.5,46.5,46.0,46.0,45.5,45.5,45.5,45.0,45.0,45.0,45.0,45.5,46.0,46.5,47.5,48.0,48.5,48.5,49.0,49.0,49.0,49.0,49.0,49.0,49.0,48.5,48.5,48.0,48.0,48.0,47.5,47.5,48.0,48.0,48.5,48.5,48.5,49.0,49.0,49.0,49.0,49.0,48.5,48.0,47.5,47.0,46.5,46.5,46.0,46.0,46.0,46.0,46.5,46.5,47.0,47.5,48.0,48.0,48.5,48.5,48.0,47.5,47.0,46.5,46.0,45.5,45.5,45.0,45.0,44.5,45.0,45.0,45.5,46.0,46.5,46.5,46.5,46.5,46.5,46.5,46.5,46.0,45.5,45.0,45.0,44.5,44.5,44.0,44.0,44.0,44.5,44.5,44.5,44.5,45.0,45.0,45.0,45.5,46.0,46.0,46.0,46.0,45.5,45.0,44.5,44.0,43.5,43.0,42.5,42.5,42.5,43.0,43.0,43.5,43.5,44.0,44.5,44.5,45.0,45.5,45.5,45.5,45.5,45.0,45.0,44.5,44.5,44.5,44.5,44.0,44.0,44.0,44.5,44.5,45.0,45.5,46.0,46.5,47.0,47.5,47.5,47.5,47.0,47.0,47.0,46.5,46.5,46.5,46.0,46.0,46.5,46.5,47.0,47.0,47.0,47.0,47.0,47.0,47.0,47.0,47.5,47.5,47.5,47.0,47.0,47.0,46.5,46.5,46.5,46.5,47.0,47.0,47.5,48.0,48.0,48.5,48.5,49.0,49.0,49.5,49.5,49.5,49.5,49.0,48.5,48.5,48.0,47.5,47.5,48.0,48.0,48.5,48.5,49.0,49.0,48.5,48.5,48.0,48.0,48.0,48.0,48.0,47.5,47.5,47.5,47.0,47.0,47.0,47.0,47.0,47.5,47.5,48.0,48.0,48.0,48.5,48.5,48.5,49.0,49.0,49.5,49.5,49.0,49.0,48.5,48.0,47.5,47.5,47.5,47.5,47.5,48.0,48.0,48.5,48.5,48.5,48.0,48.0,48.0,48.0,48.0,48.0,48.0,48.0,48.0,48.0,48.0,48.0,48.0,48.0,48.0,48.0,48.0,48.5,48.5,49.0,49.0,49.0,49.0,49.0,48.5,48.5,48.0,48.0,48.0,47.5,47.0,0.0,0.0
181.5,180.0,177.5,174.5,170.5,166.5,162.0,157.5,152.5,148.0,143.0,138.0,133.0,128.0,123.0,118.0,113.5,109.5,106.0,102.5,99.5,97.0,95.0,94.0,93.5,94.0,94.5,96.0,97.5,99.0,100.0,101.0,102.0,102.5,103.0,103.0,102.5,102.0,101.0,100.5,99.5,98.5,98.0,97.0,96.5,96.0,95.5,95.5,95.5,96.0,96.0,96.0,96.0,95.5,95.0,94.5,94.0,94.0,93.5,93.0,92.5,92.5,92.0,92.0,92.0,91.5,91.5,91.5,92.0,92.0,92.0,92.0,92.0,92.0,92.0,92.0,92.0,92.0,91.5,91.5,91.0,91.0,90.5,90.0,90.0,90.0,90.0,90.5,91.0,91.0,91.5,91.5,92.0,92.0,92.5,92.5,92.0,92.0,91.5,91.5,91.0,91.0,91.0,90.5,90.5,91.0,91.0,91.0,91.5,91.5,92.0,92.0,92.5,92.5,92.5,92.0,91.5,91.5,91.0,90.5,90.0,89.5,89.5,89.5,89.5,89.5,90.0,90.5,91.0,91.5,92.0,92.5,93.0,93.0,93.0,92.5,92.0,91.5,91.0,91.0,90.5,90.0,89.5,89.5,89.5,89.5,89.5,90.0,90.5,91.0,91.0,91.5,91.5,91.5,91.5,91.0,91.0,90.5,90.0,90.0,90.0,89.5,89.5,89.5,89.5,89.5,89.5,90.0,90.0,90.5,90.5,90.5,91.0,91.0,91.0,90.5,90.5,90.5,90.0,89.5,89.0,89.0,88.5,88.5,88.5,89.0,89.0,89.5,90.0,90.0,90.5,90.5,90.5,91.0,91.0,91.0,90.5,90.5,90.0,89.5,89.5,89.5,89.5,89.5,90.0,90.0,90.5,91.0,91.0,91.5,91.5,92.0,92.5,92.5,92.5,92.0,91.5,91.0,91.0,90.5,90.5,90.5,90.5,90.5,90.5,90.5,90.5,91.0,91.0,91.0,91.5,92.0,92.0,92.5,92.5,92.5,92.0,91.5,91.0,91.0,90.5,90.5,90.5,91.0,91.0,91.0,91.5,91.5,92.0,92.0,92.5,92.5,92.5,93.0,93.0,93.0,92.5,92.5,92.0,91.5,91.0,90.5,90.0,89.5,89.5,89.5,89.5,90.0,90.0,90.0,90.0,90.0,90.0,90.0,90.0,90.0,89.5,89.5,89.0,88.5,88.5,88.0,88.0,87.5,88.0,88.0,88.5,89.5,90.0,90.5,91.0,91.5,91.5,91.5,91.5,91.5,91.0,90.5,90.0,89.5,89.0,88.5,88.0,88.0,88.0,88.0,88.0,88.5,88.5,89.0,89.5,90.0,90.5,90.5,91.0,90.5,90.5,89.5,89.0,88.5,0.0,0.0
70.5,71.0,71.5,72.0,72.0,72.0,72.0,72.0,71.5,71.5,71.0,70.5,70.0,70.0,70.0,69.5,69.5,69.5,70.0,70.5,70.5,71.0,71.0,71.5,71.0,71.0,70.5,70.0,69.5,69.5,69.0,69.0,68.5,68.5,68.5,69.0,69.0,69.5,69.5,70.0,71.0,71.5,71.5,72.0,72.0,72.0,71.5,71.5,71.0,71.0,70.5,70.0,69.5,69.5,69.5,70.0,71.0,72.0,72.5,73.0,73.5,74.0,74.0,74.0,74.5,74.0,74.0,73.5,73.0,72.5,72.5,72.0,72.0,71.5,71.5,72.0,72.0,72.5,72.5,72.5,72.5,72.5,72.5,73.0,73.0,73.0,73.0,73.0,73.0,72.5,72.0,71.5,71.5,71.5,71.5,72.0,72.5,73.0,73.5,74.5,75.0,75.5,76.0,76.0,76.0,75.5,75.0,74.5,73.5,73.0,73.0,73.0,73.0,73.0,73.5,73.5,73.5,74.0,74.5,74.5,75.0,75.5,75.5,75.5,75.5,75.0,75.0,75.0,74.5,74.5,74.0,74.0,73.5,73.5,73.5,73.5,74.0,74.0,74.5,74.5,74.5,74.5,74.5,75.0,75.0,75.0,75.0,74.5,74.5,74.0,74.0,73.5,73.5,73.5,74.0,74.0,75.0,75.5,76.0,76.5,77.0,77.5,77.5,77.5,77.0,76.5,76.0,76.0,75.5,75.5,75.0,75.0,75.0,74.5,74.5,74.5,74.5,74.5,74.5,75.0,75.0,75.0,75.0,75.0,74.5,74.0,73.5,73.0,73.0,72.5,72.5,72.5,72.5,72.5,72.5,72.5,73.0,74.0,75.0,76.0,77.0,78.0,78.5,78.5,78.0,78.0,77.5,77.0,77.0,76.5,76.0,75.0,74.5,74.0,74.0,74.0,74.0,74.5,74.5,74.5,74.5,74.5,74.5,74.0,74.0,73.5,73.0,72.5,72.0,72.0,71.5,71.5,71.5,71.5,72.0,72.0,72.5,73.0,73.5,74.5,74.5,75.0,75.0,74.5,74.5,74.0,73.5,73.5,73.5,73.5,73.5,73.5,73.5,73.5,73.5,74.0,74.5,75.0,75.5,75.5,76.0,76.0,75.5,75.5,75.5,75.0,74.5,74.0,73.5,73.0,72.5,72.5,72.0,72.0,72.0,71.5,71.0,70.5,69.5,68.5,67.0,65.5,64.0,62.0,59.5,57.5,55.5,54.0,52.5,52.0,51.5,51.5,52.0,53.5,55.5,59.0,63.0,68.0,73.5,80.0,87.0,94.5,102.0,109.0,115.0,120.5,126.0,131.0,135.5,140.0,143.0,145.5,147.0,147.5,147.5,147.5,147.0,145.5,143.5,140.0,0.0,0.0
45.5,45.0,44.5,44.5,44.5,44.5,45.0,45.0,45.5,46.0,46.0,46.5,46.5,46.5,46.5,46.0,46.0,46.0,45.5,45.0,44.5,44.0,43.5,43.5,43.5,44.0,44.0,44.0,44.0,44.5,44.5,45.0,45.0,45.5,45.5,45.5,45.0,44.5,44.5,44.0,44.0,43.5,43.0,43.0,43.0,43.0,43.5,44.0,44.0,44.5,45.0,45.5,46.0,46.0,46.0,46.0,45.5,45.5,45.0,44.5,44.0,43.5,43.5,43.5,43.5,43.5,43.5,43.5,44.0,44.5,44.5,45.0,45.5,45.5,45.5,45.5,45.0,45.0,44.5,44.5,45.0,45.0,45.0,45.0,45.0,45.0,45.5,46.0,46.5,47.0,47.0,47.0,47.0,47.0,46.5,46.5,46.5,46.5,46.0,46.0,45.5,45.5,45.0,44.5,44.5,45.0,45.0,45.5,46.0,46.0,46.5,46.5,47.0,47.0,47.0,46.5,46.5,46.0,45.5,45.5,45.0,45.0,45.0,45.0,45.5,45.5,45.5,45.5,46.0,46.0,46.0,46.5,46.5,47.0,47.0,47.0,46.5,46.5,46.0,46.0,45.5,45.5,45.5,45.5,45.5,46.0,46.0,46.5,47.0,47.5,47.5,48.0,48.0,48.5,48.5,48.0,48.0,47.5,47.0,46.5,46.5,46.0,46.0,46.0,46.0,46.5,46.5,47.0,47.0,47.5,47.5,47.5,47.5,48.0,47.5,47.5,47.0,47.0,46.5,46.0,46.0,45.5,45.5,45.5,45.5,45.5,46.0,46.5,47.0,47.5,48.0,48.0,47.5,47.5,47.5,47.0,47.0,46.5,46.5,46.0,46.0,46.0,46.0,46.0,46.0,46.5,46.5,46.5,46.5,46.5,47.0,47.5,47.5,47.5,47.5,47.5,47.0,46.5,46.5,46.0,45.5,45.0,44.5,44.5,44.5,44.5,45.0,45.0,45.5,46.0,46.5,47.0,47.5,48.0,48.0,48.0,47.5,47.0,46.5,46.0,45.5,45.5,45.5,45.5,45.5,46.0,46.5,47.0,47.5,48.0,48.5,49.0,49.0,49.0,49.0,48.5,48.0,48.0,47.5,47.0,46.5,46.0,45.5,45.5,45.0,45.0,45.5,45.5,46.0,46.5,47.0,47.0,47.5,47.5,47.5,47.5,47.5,47.5,47.0,46.5,46.5,46.0,45.5,45.5,45.5,45.5,45.5,46.0,46.0,46.5,46.5,47.0,47.0,47.0,47.0,46.5,46.0,45.5,44.5,44.0,43.5,43.0,43.0,43.0,43.0,42.5,42.5,42.5,43.0,43.0,43.0,43.0,43.0,42.5,42.0,42.0,41.5,41.0,41.0,40.5,0.0,0.0
53.5,53.5,53.5,53.0,53.0,52.5,52.0,51.5,51.5,51.0,50.5,50.5,50.5,51.0,51.5,52.0,52.5,53.0,53.5,54.5,55.0,55.0,55.5,55.0,55.0,54.5,54.0,53.5,53.0,53.0,53.0,53.0,53.0,53.0,53.0,53.0,53.0,53.5,53.5,54.0,54.0,54.0,54.5,54.5,54.5,54.5,54.0,53.5,53.0,52.5,52.5,52.5,52.5,52.5,52.5,52.5,53.0,53.0,53.5,54.0,54.5,55.0,55.0,55.5,55.5,55.5,55.0,55.0,54.5,54.0,54.0,54.0,54.5,54.5,55.0,55.5,56.0,56.5,56.5,56.5,56.5,56.5,56.5,56.5,56.0,55.5,55.5,55.0,55.0,55.0,55.0,55.0,55.5,56.0,56.5,57.0,57.0,57.5,58.0,58.5,59.0,59.0,59.5,59.0,59.0,58.5,58.0,58.0,57.5,57.5,57.5,57.5,57.5,57.5,58.0,58.5,59.5,60.0,60.5,61.0,61.0,61.0,61.0,60.5,60.0,59.5,58.5,58.5,58.0,58.0,58.0,58.0,58.0,58.5,58.5,59.0,59.0,59.0,59.5,59.5,60.0,60.0,60.0,60.0,60.0,60.0,60.0,60.0,60.0,60.0,60.5,60.5,61.0,61.0,61.5,62.0,62.5,62.5,62.5,62.5,62.5,62.5,62.5,62.0,61.0,60.5,60.0,60.0,60.0,59.5,59.5,59.5,59.5,60.0,60.0,60.5,61.0,61.5,62.0,62.5,63.5,63.5,64.0,64.0,64.0,64.0,64.0,64.0,63.5,63.5,63.5,64.0,64.0,64.5,64.5,65.0,65.0,65.5,65.5,66.0,66.0,66.0,66.0,66.0,65.5,65.5,65.0,65.0,64.5,64.5,64.5,64.0,64.0,64.5,64.5,65.0,65.5,66.0,66.0,66.5,66.5,66.5,66.0,66.0,65.5,65.0,64.5,64.5,64.5,64.5,64.5,64.5,64.5,65.0,65.5,66.0,66.5,67.0,67.0,67.0,67.5,67.5,67.0,67.0,66.5,66.0,66.0,65.5,65.0,64.5,64.5,64.5,64.5,65.0,65.5,66.5,67.0,67.5,67.5,67.5,67.5,67.5,67.0,66.5,66.0,66.0,65.5,65.0,64.5,64.0,63.5,63.0,63.0,62.5,63.0,63.0,63.0,63.5,63.5,63.5,64.0,64.0,64.0,64.0,64.0,64.0,63.5,63.5,63.5,63.5,63.5,64.0,64.0,64.5,65.0,65.5,66.0,67.0,68.0,69.0,69.5,70.0,70.0,70.0,70.0,69.5,69.0,69.0,68.5,68.0,68.0,67.5,67.5,67.5,67.5,67.5,68.0,68.0,68.0,68.5,0.0,0.0
6.0,11.5,17.5,24.0,30.5,37.5,43.5,50.0,55.5,61.5,66.5,71.5,75.0,78.0,79.0,80.0,80.0,79.5,79.0,77.5,76.0,73.0,69.5,65.0,60.5,55.5,51.0,46.0,41.5,37.0,33.0,29.0,25.5,22.0,18.5,15.0,12.0,9.5,7.5,6.0,5.0,4.0,3.5,3.5,3.5,4.0,4.0,4.0,4.5,4.5,4.0,4.0,3.5,3.0,2.5,2.0,1.5,1.0,1.0,0.5,0.0,0.0,0.0,0.0,0.0,0.5,1.0,2.0,2.5,2.5,2.5,2.5,2.5,2.0,1.5,1.0,0.5,0.0,-0.5,-0.5,-1.0,-1.0,-0.5,-0.5,-0.5,-0.5,-0.5,0.0,0.0,-0.5,-0.5,-0.5,-0.5,-1.0,-1.5,-2.0,-2.5,-3.5,-4.0,-4.0,-4.5,-4.5,-4.5,-4.5,-4.5,-4.0,-3.5,-3.0,-2.5,-2.0,-1.5,-1.0,-0.5,-0.5,-0.5,-1.0,-1.5,-2.5,-3.0,-3.0,-3.0,-3.0,-3.0,-3.0,-3.0,-3.0,-2.5,-2.5,-2.0,-1.5,-1.5,-1.5,-1.5,-1.5,-2.0,-2.0,-2.5,-3.0,-3.5,-4.0,-4.0,-4.5,-4.5,-4.5,-4.5,-4.5,-4.0,-4.0,-3.5,-3.0,-3.0,-2.5,-2.5,-2.5,-2.5,-3.0,-3.5,-3.5,-4.0,-4.5,-4.5,-5.0,-5.0,-5.0,-5.0,-4.5,-4.5,-4.0,-4.0,-3.5,-3.0,-3.0,-2.5,-2.5,-3.0,-3.0,-3.5,-4.0,-4.5,-4.5,-5.0,-5.5,-6.0,-6.0,-6.0,-5.5,-5.0,-4.5,-4.0,-4.0,-3.5,-3.5,-3.5,-3.5,-4.0,-4.0,-4.5,-5.0,-5.5,-6.0,-6.0,-6.0,-6.0,-6.0,-6.0,-6.5,-6.5,-6.5,-6.5,-6.5,-6.0,-6.0,-6.0,-5.5,-5.5,-5.0,-5.0,-5.5,-5.5,-6.0,-6.5,-6.5,-6.5,-6.5,-6.0,-5.5,-5.0,-4.5,-4.0,-3.5,-3.5,-3.5,-3.5,-3.5,-4.0,-4.0,-4.5,-5.0,-5.0,-5.5,-5.5,-5.5,-5.5,-5.5,-5.5,-5.5,-5.0,-4.5,-4.5,-4.0,-4.0,-3.5,-4.0,-4.0,-4.5,-5.5,-6.0,-7.0,-7.5,-8.5,-9.0,-9.5,-9.5,-9.5,-9.0,-8.5,-8.0,-8.0,-7.5,-7.5,-7.0,-7.0,-7.0,-7.0,-7.0,-7.0,-7.0,-7.0,-7.0,-7.0,-7.5,-8.0,-8.0,-8.5,-8.5,-8.5,-8.0,-7.5,-7.0,-6.5,-6.5,-6.0,-6.0,-6.0,-6.5,-6.5,-7.0,-7.5,-8.0,-9.0,-9.5,-10.5,-11.0,-12.0,-12.5,-12.5,-12.5,-12.0,-11.0,-10.0,-8.5,-7.0,-5.5,-4.5,-4.0,-4.0,-4.0,-4.5,-5.0,-5.5,0.0,0.0
-5.0,-6.0,-7.0,-7.5,-7.5,-7.5,-6.5,-5.0,-2.5,0.0,3.5,7.5,12.5,18.0,24.0,30.5,37.5,44.5,51.0,57.5,63.5,69.5,75.5,81.0,85.5,89.0,91.5,93.0,93.5,93.0,92.5,91.0,89.0,86.5,83.0,79.0,74.0,69.5,64.5,59.5,54.5,50.0,45.5,41.0,37.5,33.5,30.5,27.0,24.0,21.5,19.0,17.5,16.0,15.0,14.5,14.0,13.5,13.5,13.0,13.0,13.5,13.5,14.0,14.0,14.5,15.0,15.0,15.0,15.0,14.5,14.0,14.0,13.5,13.0,12.5,12.0,11.5,11.5,11.5,11.5,11.5,12.0,12.0,12.5,12.5,12.5,13.0,13.0,13.0,13.0,12.5,12.0,11.5,10.5,10.0,9.5,9.0,9.0,9.0,9.0,9.5,10.0,10.5,10.5,10.5,10.5,10.5,10.5,10.5,10.5,10.5,10.5,10.5,10.5,10.5,10.5,10.0,10.0,10.0,10.0,10.0,10.5,10.5,10.5,10.5,11.0,11.0,11.0,11.0,11.0,11.0,10.5,10.5,10.5,10.5,10.5,10.0,10.0,9.5,9.5,10.0,10.5,10.5,11.0,11.5,11.5,12.0,12.0,11.5,11.5,11.0,10.5,10.5,10.0,10.0,10.0,10.0,10.0,10.5,10.5,11.0,11.0,11.5,12.0,12.0,12.5,12.5,12.5,12.5,12.5,12.0,11.5,11.0,10.5,10.0,9.5,9.5,9.5,9.5,10.0,10.5,10.5,11.0,11.5,12.0,12.5,12.5,12.5,12.5,12.0,12.0,11.5,11.5,11.5,11.5,11.0,11.0,11.0,11.0,11.0,11.5,11.5,12.0,12.5,12.5,13.0,13.5,13.5,14.0,14.0,14.0,13.5,13.5,13.0,13.0,12.5,12.5,12.5,12.5,12.5,12.5,13.0,13.0,13.5,13.5,14.0,14.0,14.5,14.5,14.5,14.5,14.5,14.5,14.0,14.0,13.5,13.5,14.0,14.0,14.5,15.0,15.5,16.0,17.0,18.0,18.5,19.0,19.5,19.5,19.5,19.0,19.0,18.0,17.5,16.5,15.5,15.0,14.0,13.5,12.5,12.0,11.5,11.0,10.5,10.5,11.0,12.0,13.0,14.5,16.0,17.0,18.0,18.5,19.0,19.0,19.0,19.0,19.0,19.0,19.0,19.0,19.0,19.0,19.0,19.0,19.0,19.0,19.0,18.5,18.5,18.0,17.5,16.5,16.0,16.0,15.5,15.5,15.5,15.5,16.0,16.5,17.5,18.5,19.0,20.0,20.5,20.5,20.5,20.0,20.0,19.5,19.0,18.5,18.5,18.5,18.0,18.0,18.5,18.5,18.5,0.0,0.0
48.5,49.0,50.0,50.5,51.0,51.5,52.0,52.0,52.0,52.0,52.0,52.0,51.5,52.0,51.5,51.5,51.5,51.5,51.5,51.5,51.5,51.5,52.0,52.0,52.5,52.5,53.0,53.0,53.0,53.0,52.5,52.0,52.0,51.5,51.0,50.5,50.0,49.5,49.5,49.5,49.5,50.0,50.0,50.5,50.5,50.5,50.5,51.0,50.5,50.5,50.0,50.0,49.5,49.0,48.5,48.0,48.0,47.5,48.0,48.0,48.0,48.5,48.5,49.0,49.0,49.5,49.5,50.0,50.0,50.0,49.5,49.5,49.0,48.5,48.5,48.0,48.0,48.0,48.0,48.0,48.5,49.0,49.5,50.0,50.5,50.5,51.0,51.0,51.0,51.0,50.5,50.5,50.0,50.0,49.5,49.5,49.5,49.5,49.5,49.5,49.5,50.0,50.0,50.0,50.5,50.5,51.0,51.0,51.0,51.0,51.0,50.5,50.0,50.0,49.5,49.5,49.5,49.5,50.0,50.0,50.5,50.5,51.0,51.0,51.5,51.5,52.0,52.0,52.0,52.0,52.0,52.0,52.0,52.0,52.0,51.5,51.5,51.5,51.5,51.5,51.5,52.0,52.0,52.5,52.5,53.0,53.5,53.5,54.0,53.5,53.5,53.0,52.0,51.5,51.0,51.0,50.5,50.5,50.5,51.0,51.0,51.5,52.0,52.5,53.0,53.0,53.0,53.0,53.0,52.5,52.5,52.0,52.0,52.0,51.5,51.5,51.0,51.0,51.0,51.0,51.0,51.5,52.0,52.5,53.0,54.0,54.5,54.5,55.0,54.5,54.5,54.0,53.5,53.5,53.5,53.5,53.5,53.5,53.0,53.0,53.5,54.0,54.5,55.0,55.5,55.5,56.0,56.0,56.0,56.0,56.0,55.5,55.5,55.0,55.0,55.0,54.5,54.5,54.5,55.0,55.0,55.0,55.0,55.0,55.0,55.0,55.0,55.5,55.5,55.0,55.0,54.5,54.0,54.0,53.5,53.5,53.0,53.0,53.0,53.0,53.0,53.5,54.0,54.0,54.5,54.0,54.0,53.0,52.5,52.0,51.0,50.0,49.5,48.5,48.5,48.5,49.0,50.0,51.0,52.5,54.0,55.5,57.0,57.5,58.5,58.5,59.0,58.5,58.5,58.0,57.5,56.5,55.5,55.0,54.5,54.0,53.5,53.0,52.5,52.5,52.5,52.5,53.0,53.0,53.5,54.0,54.0,54.0,54.0,54.0,53.5,53.5,53.0,52.5,52.0,51.5,51.0,51.0,50.5,50.5,51.0,51.0,51.0,51.0,51.0,51.0,51.0,51.0,51.0,50.5,50.5,50.0,50.0,49.5,49.0,49.0,48.5,48.5,49.0,49.0,0.0,0.0
56.0,56.5,57.0,57.0,57.5,57.5,57.5,57.5,57.5,57.0,56.5,56.5,56.5,56.5,56.5,56.0,56.5,56.5,56.5,56.5,56.5,57.0,57.0,57.5,57.5,57.5,57.0,56.5,55.5,55.0,54.0,53.0,52.0,51.0,50.0,50.0,50.0,50.5,51.5,53.0,54.5,56.0,57.5,58.5,59.5,60.0,60.5,60.5,60.5,60.0,59.5,59.0,58.0,57.0,56.0,55.5,55.0,54.5,54.0,54.0,54.0,54.0,54.5,55.0,55.0,55.5,55.5,55.5,55.5,55.5,55.5,55.0,55.0,54.5,54.0,54.0,53.5,53.0,52.5,52.5,52.5,52.5,52.5,52.0,52.0,52.0,52.0,52.0,52.0,52.5,52.5,53.0,53.0,53.0,52.5,52.5,52.0,51.5,51.5,52.0,52.5,53.0,53.5,53.5,53.5,53.5,53.5,53.0,52.5,52.0,51.5,50.5,50.0,49.5,49.5,49.0,48.5,48.0,48.0,48.0,47.5,47.5,47.5,47.0,47.0,47.0,47.0,47.0,47.0,46.5,46.5,46.5,46.5,46.5,46.0,46.0,46.0,46.0,46.5,47.0,47.5,48.5,49.0,50.0,50.5,50.5,50.0,50.0,49.5,49.0,48.5,48.0,47.5,47.5,47.0,47.0,46.5,46.0,46.0,46.0,46.0,46.5,46.5,46.5,47.0,47.0,47.5,47.5,47.0,46.5,46.0,45.0,44.5,44.0,43.5,43.0,42.5,42.0,42.0,42.5,42.5,43.0,43.0,43.5,43.5,44.0,44.0,44.5,45.0,45.0,45.0,44.5,44.5,44.0,44.0,43.5,44.0,44.0,44.0,44.0,44.0,44.0,44.0,44.0,44.0,44.5,44.5,45.0,45.0,44.5,44.0,43.5,43.0,42.5,42.0,41.5,40.5,39.5,38.0,36.5,34.5,32.5,30.5,28.5,26.5,25.0,24.0,23.0,22.5,22.5,22.5,23.0,24.0,26.0,29.0,33.0,37.5,43.0,49.0,56.0,63.5,71.0,78.0,84.5,91.0,97.0,102.5,107.5,112.5,116.0,119.0,120.5,121.0,121.0,120.5,119.0,117.0,114.5,111.0,107.0,102.5,97.5,92.5,88.0,83.0,78.5,73.5,69.5,65.0,61.0,56.5,53.0,49.5,46.5,44.0,42.5,41.0,40.5,40.5,40.5,40.5,41.0,41.0,41.0,41.0,41.0,41.0,41.0,40.5,40.0,39.5,39.0,38.0,37.5,37.0,37.0,36.5,36.0,35.5,35.5,35.0,35.0,35.5,35.5,36.0,36.0,36.0,35.5,35.0,35.0,34.5,34.0,34.0,33.5,33.0,32.5,32.5,32.5,32.0,32.0,0.0,0.0
71.0,71.0,71.0,71.5,71.5,72.0,72.0,72.5,72.5,72.5,72.0,71.5,71.5,71.0,71.0,70.5,70.5,70.5,71.0,71.0,71.5,71.5,72.0,72.0,72.5,72.5,72.5,73.0,72.5,72.5,72.0,72.0,72.0,72.0,71.5,71.5,71.5,71.5,71.5,71.5,71.5,71.5,70.5,69.5,68.0,66.0,63.5,61.0,58.5,56.0,53.0,51.0,49.0,47.0,46.0,45.5,46.0,47.5,50.5,54.5,59.5,65.0,71.0,77.5,84.5,92.0,99.5,107.0,113.5,119.5,125.0,130.5,135.5,140.0,144.0,147.5,149.5,150.5,151.0,150.5,150.0,149.5,148.0,146.5,143.5,140.5,136.5,131.5,126.5,121.5,116.0,111.0,105.5,101.0,96.5,92.0,88.5,85.5,83.0,81.0,79.0,78.0,77.0,76.0,75.5,75.0,74.0,73.5,72.5,72.0,71.5,71.5,71.0,70.5,70.5,70.0,69.5,69.5,69.0,69.0,69.0,69.5,69.5,69.5,69.5,69.0,68.5,68.0,68.0,67.5,67.5,67.5,67.5,67.0,67.0,67.0,66.5,66.5,66.5,66.5,67.0,67.0,67.0,67.0,67.0,67.0,67.0,67.0,67.5,67.0,67.0,67.0,66.5,66.5,66.5,66.0,66.0,66.0,66.0,66.0,66.0,66.0,66.0,66.5,66.5,67.0,67.0,67.5,67.0,67.0,66.5,66.5,66.0,66.0,66.0,65.5,65.5,65.5,65.0,65.0,65.5,65.5,66.0,66.0,66.5,66.0,66.0,66.0,66.0,66.0,66.0,65.5,65.5,65.0,64.5,64.5,64.0,64.0,64.0,64.0,64.5,65.0,65.0,65.5,65.5,65.5,65.5,65.0,65.0,64.5,64.0,63.0,62.5,62.0,62.0,62.0,62.5,62.5,63.0,63.5,64.0,64.5,65.0,65.0,65.0,65.0,65.0,64.5,64.0,63.5,63.0,62.5,62.0,61.5,61.0,60.5,60.5,60.5,61.0,61.5,61.5,62.5,63.0,63.0,63.5,63.5,63.5,63.5,63.0,62.5,61.5,61.0,60.0,59.5,59.5,59.0,58.5,58.5,58.5,58.5,59.0,59.5,60.0,60.5,61.0,61.0,61.0,61.0,61.0,61.0,60.5,60.0,60.0,59.5,59.5,59.5,60.0,60.5,60.5,61.0,61.5,62.0,62.5,63.0,63.5,63.5,63.5,64.0,63.5,63.5,63.0,63.0,63.0,62.5,62.5,63.0,63.0,63.0,63.0,63.0,63.0,63.0,63.5,64.0,64.5,64.5,64.5,64.5,64.0,63.5,63.0,62.5,62.5,62.5,62.0,62.0,62.0,62.0,62.0,62.5,0.0,0.0
26.0,26.5,26.5,27.0,27.0,27.5,28.0,28.0,28.5,28.5,28.5,28.5,28.0,27.5,27.5,27.0,27.0,26.5,26.5,26.5,26.5,26.5,26.5,27.0,27.0,27.0,27.0,27.0,27.0,27.0,26.5,26.5,26.0,26.0,26.0,25.5,25.5,25.5,25.0,25.0,25.0,25.0,25.0,25.5,25.5,26.0,26.0,26.5,26.5,26.5,26.5,26.5,26.5,26.0,26.0,25.5,25.5,25.0,24.5,24.5,24.5,25.0,25.0,25.0,25.0,25.0,25.0,25.0,25.0,25.0,25.0,25.0,25.0,25.0,25.0,24.5,24.5,24.5,24.0,24.0,24.0,24.5,24.5,25.0,25.5,26.0,26.5,26.5,26.5,26.5,26.5,26.0,25.5,24.5,24.0,23.5,23.5,23.0,23.0,23.0,23.5,24.0,24.5,24.5,25.0,25.0,25.5,25.5,25.5,25.5,25.0,24.5,24.0,23.5,23.0,22.5,22.0,22.0,22.0,22.5,22.5,23.0,23.5,23.5,24.0,24.0,24.5,24.5,25.0,25.0,25.0,25.0,24.5,24.5,24.0,23.5,23.0,23.0,23.0,22.5,22.5,22.5,23.0,23.5,24.0,24.5,25.0,25.0,25.0,25.0,25.0,24.5,24.5,24.0,23.5,23.0,22.5,22.0,21.5,21.5,22.0,22.0,22.5,23.0,23.5,24.0,24.5,25.0,25.0,25.0,24.5,24.5,24.0,23.5,23.0,22.5,22.0,22.0,21.5,21.5,21.5,22.0,22.0,22.0,22.5,22.5,23.0,23.0,23.5,23.5,23.5,23.5,23.5,23.0,22.5,22.0,22.0,21.5,22.0,22.0,22.0,22.5,22.5,23.0,23.0,23.0,23.0,23.0,23.0,23.0,23.5,23.5,23.5,23.5,23.0,23.0,22.5,22.5,22.5,22.5,22.5,23.0,23.5,23.5,23.5,23.5,23.5,23.5,23.5,23.5,23.0,23.0,22.5,22.5,22.0,21.5,21.0,20.5,20.5,21.0,21.0,21.5,22.5,23.0,23.5,23.5,23.5,23.5,23.0,23.0,22.5,22.0,21.5,21.0,21.0,20.5,20.5,20.0,20.0,20.0,20.5,20.5,20.5,20.5,21.0,21.0,21.5,21.5,21.5,21.0,21.0,20.5,20.5,20.0,20.0,19.5,19.5,19.5,19.5,19.5,19.5,19.5,19.5,19.0,19.0,19.0,19.0,19.0,19.0,18.5,18.5,18.0,18.0,17.5,17.5,17.5,17.5,17.5,17.5,17.5,18.0,18.5,19.0,19.5,20.0,20.5,21.0,21.5,21.5,21.5,21.0,20.5,19.5,19.0,18.0,17.5,17.0,17.0,17.0,17.5,0.0,0.0
-19.5,-19.5,-19.5,-19.0,-18.5,-18.0,-17.5,-17.5,-17.0,-17.0,-17.0,-17.0,-17.5,-18.0,-18.0,-18.5,-19.0,-19.0,-19.0,-19.5,-19.5,-19.5,-19.5,-19.5,-19.5,-19.5,-19.0,-19.0,-18.5,-18.0,-18.0,-17.5,-18.0,-18.0,-18.5,-18.5,-19.0,-19.5,-20.0,-20.0,-20.0,-20.0,-20.0,-19.5,-19.0,-18.5,-18.0,-17.5,-17.0,-16.5,-16.5,-16.5,-17.0,-17.5,-18.0,-18.5,-18.5,-18.5,-18.5,-18.5,-18.5,-18.5,-18.5,-18.0,-17.5,-17.0,-17.0,-16.5,-16.5,-16.5,-16.0,-16.0,-16.0,-16.0,-16.0,-16.0,-16.5,-16.5,-17.0,-17.0,-17.0,-16.5,-16.5,-16.0,-15.5,-15.0,-14.5,-14.0,-14.0,-13.5,-13.5,-14.0,-14.0,-14.5,-15.0,-15.5,-16.0,-16.0,-16.5,-16.5,-17.0,-17.0,-17.5,-17.5,-17.0,-16.5,-16.0,-15.5,-15.0,-15.0,-15.0,-15.0,-15.5,-16.0,-16.5,-17.5,-18.0,-18.5,-18.5,-19.0,-18.5,-18.5,-18.0,-17.5,-17.0,-16.5,-16.0,-15.5,-15.0,-15.0,-14.5,-14.0,-14.0,-14.0,-14.0,-14.5,-15.0,-15.5,-16.0,-16.0,-16.5,-16.0,-16.0,-15.0,-14.5,-14.0,-13.5,-13.5,-13.5,-13.5,-13.5,-14.0,-14.0,-14.0,-14.5,-14.5,-15.0,-15.0,-15.5,-15.5,-15.5,-15.5,-15.0,-15.0,-14.5,-14.0,-13.5,-13.0,-13.0,-12.5,-12.0,-12.0,-12.0,-12.0,-12.0,-12.5,-12.5,-13.0,-13.0,-13.0,-13.5,-13.5,-13.0,-13.0,-12.5,-12.0,-12.0,-11.5,-11.0,-11.0,-11.0,-11.0,-11.0,-11.5,-11.5,-11.5,-12.0,-12.5,-13.0,-13.0,-13.5,-13.0,-13.0,-12.5,-12.5,-12.0,-12.0,-11.5,-11.0,-10.5,-10.0,-10.0,-10.0,-10.0,-10.5,-10.5,-11.0,-11.0,-11.5,-11.5,-11.5,-11.0,-11.0,-10.5,-10.0,-10.0,-9.5,-9.0,-9.0,-9.0,-9.0,-9.0,-9.5,-9.5,-10.0,-10.5,-10.5,-11.0,-11.5,-11.5,-11.5,-11.5,-11.5,-11.5,-11.5,-11.0,-10.5,-10.5,-10.0,-9.5,-9.5,-9.0,-9.5,-9.5,-10.0,-10.0,-10.5,-11.0,-11.0,-11.0,-11.5,-11.5,-11.0,-10.5,-10.5,-10.0,-9.5,-9.5,-9.0,-8.5,-8.0,-7.5,-7.5,-7.5,-8.0,-8.0,-8.5,-9.0,-9.5,-10.0,-10.5,-11.0,-11.5,-12.0,-12.5,-13.0,-13.0,-13.5,-13.5,-13.5,-13.0,-12.5,-11.5,-11.0,-10.0,-9.0,-8.5,-7.5,-7.5,-7.0,-7.0,-7.0,-7.5,-7.5,-7.5,-7.5,-7.5,-7.5,-7.5,-8.0,-8.0,-8.5,-9.0,-9.5,-10.5,-11.0,-11.5,-12.0,-12.5,-13.0,0.0,0.0
21.5,19.0,16.5,14.5,13.0,12.0,11.0,10.5,11.0,12.0,13.5,15.5,18.5,22.5,27.0,32.5,38.0,44.5,51.5,58.0,64.5,70.5,76.5,82.5,88.5,95.0,100.5,105.5,109.5,112.5,114.5,116.0,117.0,117.0,115.5,113.5,110.0,106.0,101.0,96.0,90.5,84.5,78.5,72.5,66.5,61.5,56.5,52.0,48.0,44.5,42.0,39.5,37.5,36.0,35.0,34.5,34.0,34.0,33.5,33.5,33.0,32.5,32.0,32.0,32.0,31.5,31.5,31.0,31.0,31.0,31.0,31.5,31.5,32.0,32.0,32.5,32.5,32.0,32.0,31.5,31.0,30.5,30.0,29.5,29.0,28.5,28.0,28.0,28.0,28.0,28.0,28.0,28.5,28.5,28.5,29.0,29.0,29.0,29.0,28.5,28.5,28.5,28.0,28.0,27.5,27.5,27.5,27.5,27.5,27.5,28.0,28.0,28.5,29.0,29.0,29.0,29.0,29.0,29.0,29.0,29.0,29.0,28.5,28.0,28.0,27.5,27.5,27.0,27.0,27.0,27.5,27.5,28.0,28.0,28.0,28.5,28.5,28.5,28.0,28.0,27.5,27.0,26.5,26.5,26.5,27.0,27.0,27.5,27.5,28.0,28.0,28.5,29.0,29.0,29.5,30.0,30.0,30.0,30.0,29.5,29.5,29.0,28.5,28.5,28.0,27.5,27.5,27.0,27.0,27.0,27.5,27.5,28.0,28.5,29.0,29.0,29.5,29.0,29.0,29.0,29.0,29.0,28.5,28.0,27.5,27.5,27.0,27.5,27.5,28.0,28.5,29.5,30.0,30.0,30.5,30.5,30.5,30.5,30.5,30.0,29.5,29.5,29.0,28.5,28.5,28.5,28.5,28.5,29.0,29.0,29.0,29.0,29.0,29.5,29.5,29.5,29.5,29.5,29.0,29.0,28.5,28.5,28.0,28.0,27.5,27.0,27.0,27.0,27.5,27.5,28.0,28.5,29.0,29.5,30.0,30.5,31.0,31.0,30.5,30.0,29.5,29.0,28.5,27.5,27.0,26.5,26.0,25.5,25.0,24.5,24.5,24.5,25.0,25.5,27.0,28.5,29.5,31.0,32.0,32.5,33.0,33.0,33.0,32.5,32.0,31.5,31.5,31.0,30.5,30.5,30.0,29.5,29.5,29.0,29.0,29.0,29.0,29.0,29.0,29.0,29.0,28.5,28.0,28.0,28.0,28.0,28.0,28.5,29.0,30.0,30.5,31.0,31.5,32.0,32.0,32.0,32.0,32.0,31.5,31.5,31.0,30.5,30.0,29.5,29.0,29.0,29.0,29.0,29.0,29.0,29.0,29.5,30.0,30.5,31.0,31.5,31.5,31.5,31.5,31.5,0.0,0.0
56.0,55.5,55.5,55.5,56.0,56.0,56.0,56.0,56.0,56.5,56.5,56.5,56.5,56.5,56.5,56.5,56.5,56.0,56.0,55.5,55.5,55.0,54.5,54.5,54.5,54.5,55.0,55.5,56.0,56.5,57.0,57.5,57.5,58.0,58.0,58.0,57.5,57.5,57.0,57.0,57.0,57.0,57.0,57.0,57.0,57.0,57.5,57.5,57.5,57.5,57.0,57.0,57.0,57.0,57.0,57.0,56.5,56.0,56.0,55.5,55.5,55.0,55.0,54.5,54.5,54.0,54.0,54.0,54.5,54.5,55.0,55.0,55.0,55.0,54.5,54.5,54.5,54.5,54.5,54.0,54.0,54.0,54.0,54.5,55.0,55.5,56.0,56.0,56.5,57.0,57.5,58.5,59.0,60.0,60.0,60.0,60.0,59.5,59.0,58.5,58.5,58.0,58.0,57.5,57.5,57.5,57.5,57.5,58.0,58.0,58.5,58.5,58.5,58.5,58.5,58.0,58.0,58.0,58.0,58.0,58.0,58.0,58.0,58.0,58.0,58.0,58.5,59.0,59.5,60.0,60.5,60.5,60.5,60.5,60.5,60.0,60.0,59.5,59.5,59.5,59.5,59.0,59.0,59.0,59.0,59.5,59.5,60.0,60.5,61.0,61.0,61.5,61.5,61.5,62.0,61.5,61.5,61.0,60.5,60.5,60.5,60.5,61.0,61.0,61.5,61.5,61.0,61.0,60.5,59.5,58.0,56.5,55.0,53.0,51.0,48.5,46.5,44.5,43.0,41.5,41.0,40.5,41.0,42.0,44.0,46.5,50.5,55.5,61.0,67.5,75.0,83.0,91.0,98.0,105.0,111.5,118.5,125.0,132.0,139.0,145.0,150.5,154.5,157.0,159.0,160.5,160.5,160.0,158.5,155.0,150.5,145.0,139.5,133.5,127.5,121.0,115.0,108.5,103.0,97.5,92.5,88.0,84.5,81.0,78.0,76.0,74.0,72.5,71.5,71.0,71.0,70.5,70.5,70.5,70.5,70.0,69.5,69.0,68.5,68.0,67.5,67.5,67.0,67.0,67.0,67.0,67.0,67.5,67.5,67.5,67.5,67.5,67.0,66.5,65.5,64.0,63.0,61.5,60.0,59.0,58.0,58.0,58.5,59.0,60.5,61.5,63.0,64.5,66.0,67.0,68.0,69.0,69.5,69.5,69.0,69.0,68.0,67.5,67.0,66.0,65.0,64.5,64.0,64.0,64.5,64.5,65.0,65.0,65.5,66.0,66.0,66.0,66.5,66.0,66.0,65.5,65.0,65.0,64.5,64.5,64.0,64.0,63.5,63.5,63.0,63.0,63.0,63.5,63.5,64.0,64.0,64.5,65.0,65.0,65.0,65.0,64.5,64.0,63.5,63.5,0.0,0.0
13.0,13.0,12.5,12.0,12.0,11.5,11.0,11.0,11.0,10.5,10.0,10.0,10.0,10.0,10.5,11.5,12.0,12.5,13.0,13.0,13.0,12.0,11.5,10.5,10.0,9.0,9.0,8.5,8.5,8.5,9.0,9.0,9.5,10.0,10.5,10.5,11.0,11.0,11.5,11.5,11.5,11.5,11.5,11.0,10.0,9.5,9.5,9.5,10.0,10.5,11.0,11.5,11.5,12.0,12.0,12.5,12.5,13.0,13.0,13.0,13.0,12.5,12.0,11.0,10.0,8.5,7.0,5.0,3.0,1.0,-1.5,-3.5,-5.0,-6.0,-7.0,-7.5,-7.5,-7.5,-6.5,-5.0,-2.5,0.0,3.5,7.5,12.5,18.0,24.0,30.5,37.5,44.5,51.0,57.5,63.5,69.5,75.5,81.0,85.5,89.0,91.5,93.0,93.5,93.0,92.5,91.0,89.0,86.5,83.0,79.0,74.0,69.5,64.5,59.5,54.5,50.0,45.5,41.0,37.5,33.5,30.5,27.0,24.0,21.5,19.0,17.5,16.0,15.0,14.5,14.0,13.5,13.5,13.0,13.0,13.5,13.5,14.0,14.0,14.5,15.0,15.0,15.0,15.0,14.5,14.0,14.0,13.5,13.0,12.5,12.0,11.5,11.5,11.5,11.5,11.5,12.0,12.0,12.5,12.5,12.5,13.0,13.0,13.0,13.0,12.5,12.0,11.5,10.5,10.0,9.5,9.0,9.0,9.0,9.0,9.5,10.0,10.5,10.5,10.5,10.5,10.5,10.5,10.5,10.5,10.5,10.5,10.5,10.5,10.5,10.5,10.0,10.0,10.0,10.0,10.0,10.5,10.5,10.5,10.5,11.0,11.0,11.0,11.0,11.0,11.0,10.5,10.5,10.5,10.5,10.5,10.0,10.0,9.5,9.5,10.0,10.5,10.5,11.0,11.5,11.5,12.0,12.0,11.5,11.5,11.0,10.5,10.5,10.0,10.0,10.0,10.0,10.0,10.5,10.5,11.0,11.0,11.5,12.0,12.0,12.5,12.5,12.5,12.5,12.5,12.0,11.5,11.0,10.5,10.0,9.5,9.5,9.5,9.5,10.0,10.5,10.5,11.0,11.5,12.0,12.5,12.5,12.5,12.5,12.0,12.0,11.5,11.5,11.5,11.5,11.0,11.0,11.0,11.0,11.0,11.5,11.5,12.0,12.5,12.5,13.0,13.5,13.5,14.0,14.0,14.0,13.5,13.5,13.0,13.0,12.5,12.5,12.5,12.5,12.5,12.5,13.0,13.0,13.5,13.5,14.0,14.0,14.5,14.5,14.5,14.5,14.5,14.5,14.0,14.0,13.5,13.5,14.0,14.0,14.5,15.0,15.5,16.0,17.0,18.0,18.5,19.0,19.5,0.0,0.0
14.0,14.0,14.0,14.5,14.5,14.5,14.5,14.5,14.0,13.5,13.5,13.5,13.0,13.0,13.5,13.5,13.5,14.0,14.0,14.0,14.0,14.0,13.5,13.0,12.5,11.5,10.5,10.0,9.0,8.5,8.0,8.5,9.0,10.0,11.0,12.5,13.5,15.0,16.0,17.0,18.0,18.5,19.0,19.0,19.0,18.5,18.5,17.5,17.0,16.0,15.5,14.5,14.0,14.0,14.0,14.0,14.0,14.0,14.0,14.5,14.5,15.0,15.0,15.0,15.0,15.0,15.0,15.0,15.0,14.5,14.0,13.5,13.5,13.0,13.0,13.5,14.0,14.5,15.0,15.0,15.5,15.5,16.0,16.0,16.5,16.5,17.0,17.0,17.0,16.5,16.0,16.0,15.5,15.5,15.5,16.0,16.0,16.5,17.0,17.0,17.5,17.5,17.5,17.5,17.5,17.5,17.5,17.0,17.0,17.0,17.0,17.0,17.0,16.5,16.5,17.0,17.0,17.5,18.0,18.5,19.5,20.0,20.5,20.5,21.0,21.0,21.0,20.5,20.0,19.5,19.5,19.0,19.0,19.0,19.0,19.0,19.5,20.0,20.0,20.5,21.0,21.0,21.0,21.5,21.5,21.5,21.0,21.0,21.0,21.0,20.5,20.5,20.0,20.0,20.0,20.0,20.0,20.0,20.5,21.5,22.0,22.5,23.0,23.5,24.0,24.0,24.0,24.0,23.5,23.0,22.5,22.0,21.5,21.5,21.5,21.5,21.5,21.5,22.0,22.0,22.5,22.5,23.0,23.5,23.5,24.0,24.0,24.0,24.0,24.0,23.5,23.0,22.5,22.0,22.0,22.0,22.0,22.5,23.0,23.0,23.5,24.0,24.0,24.0,24.0,24.0,23.5,23.0,22.5,22.0,21.5,21.0,20.5,20.0,20.0,20.0,20.0,20.5,21.0,22.0,22.5,23.5,24.0,24.5,25.0,25.0,24.5,24.5,24.0,23.5,23.0,23.0,22.5,22.5,22.5,22.5,22.5,23.0,23.5,24.0,24.5,25.5,26.0,26.0,26.0,26.0,26.0,25.5,25.5,25.0,25.0,24.0,23.5,23.0,22.5,22.5,23.0,23.5,23.5,24.0,24.0,24.5,25.0,25.5,25.5,26.0,26.0,25.5,25.5,25.0,25.0,25.0,25.0,25.0,25.0,25.0,25.0,25.0,25.5,26.0,26.5,27.0,27.5,27.5,28.0,28.0,28.0,28.0,28.0,27.5,27.5,27.0,26.5,26.0,25.5,26.0,26.0,27.0,27.5,28.5,29.0,29.5,29.5,30.0,29.5,29.5,29.0,28.5,27.5,27.0,26.0,25.0,23.5,22.0,20.5,19.0,17.0,15.5,13.5,12.0,0.0,0.0
68.5,69.0,69.5,70.0,70.0,70.5,70.0,70.0,70.0,69.5,69.5,69.5,69.0,69.0,68.5,68.5,68.5,69.0,69.0,69.5,69.5,70.0,70.5,71.0,71.5,71.5,71.0,71.0,70.5,70.5,70.0,69.5,69.0,69.0,68.5,68.5,68.5,69.0,69.5,69.5,70.0,70.0,70.5,70.5,71.0,71.5,72.0,72.0,72.0,72.0,72.0,71.5,71.5,71.0,70.5,70.0,70.0,70.0,69.5,69.5,69.5,70.0,70.5,70.5,71.0,71.0,71.5,71.0,71.0,70.5,70.0,69.5,69.5,69.0,69.0,68.5,68.5,68.5,69.0,69.0,69.5,69.5,70.0,71.0,71.5,71.5,72.0,72.0,72.0,71.5,71.5,71.0,71.0,70.5,70.0,69.5,69.5,69.5,70.0,71.0,72.0,72.5,73.0,73.5,74.0,74.0,74.0,74.5,74.0,74.0,73.5,73.0,72.5,72.5,72.0,72.0,71.5,71.5,72.0,72.0,72.5,72.5,72.5,72.5,72.5,72.5,73.0,73.0,73.0,73.0,73.0,73.0,72.5,72.0,71.5,71.5,71.5,71.5,72.0,72.5,73.0,73.5,74.5,75.0,75.5,76.0,76.0,76.0,75.5,75.0,74.5,73.5,73.0,73.0,73.0,73.0,73.0,73.5,73.5,73.5,74.0,74.5,74.5,75.0,75.5,75.5,75.5,75.5,75.0,75.0,75.0,74.5,74.5,74.0,74.0,73.5,73.5,73.5,73.5,74.0,74.0,74.5,74.5,74.5,74.5,74.5,75.0,75.0,75.0,75.0,74.5,74.5,74.0,74.0,73.5,73.5,73.5,74.0,74.0,75.0,75.5,76.0,76.5,77.0,77.5,77.5,77.5,77.0,76.5,76.0,76.0,75.5,75.5,75.0,75.0,75.0,74.5,74.5,74.5,74.5,74.5,74.5,75.0,75.0,75.0,75.0,75.0,74.5,74.0,73.5,73.0,73.0,72.5,72.5,72.5,72.5,72.5,72.5,72.5,73.0,74.0,75.0,76.0,77.0,78.0,78.5,78.5,78.0,78.0,77.5,77.0,77.0,76.5,76.0,75.0,74.5,74.0,74.0,74.0,74.0,74.5,74.5,74.5,74.5,74.5,74.5,74.0,74.0,73.5,73.0,72.5,72.0,72.0,71.5,71.5,71.5,71.5,72.0,72.0,72.5,73.0,73.5,74.5,74.5,75.0,75.0,74.5,74.5,74.0,73.5,73.5,73.5,73.5,73.5,73.5,73.5,73.5,73.5,74.0,74.5,75.0,75.5,75.5,76.0,76.0,75.5,75.5,75.5,75.0,74.5,74.0,73.5,73.0,72.5,72.5,72.0,72.0,72.0,71.5,71.0,0.0,0.0
61.5,61.5,61.0,61.0,61.5,62.0,62.0,62.5,62.5,63.0,63.0,63.5,63.5,63.5,63.0,62.5,62.0,62.0,61.5,61.0,61.0,60.5,60.5,60.0,60.0,60.0,60.0,60.5,60.5,61.0,61.0,61.0,61.5,61.5,61.5,61.5,61.5,62.0,62.0,61.5,61.5,61.0,60.5,60.5,60.0,60.5,60.5,61.0,61.0,61.5,61.5,61.5,61.5,61.5,61.5,61.5,61.5,61.0,61.0,60.5,60.5,60.5,60.5,60.5,60.5,61.0,61.0,61.5,62.0,62.0,62.0,62.5,62.5,62.5,62.5,62.5,62.0,61.5,61.0,61.0,61.0,60.5,60.5,60.5,61.0,61.0,61.5,61.5,62.0,62.0,62.5,62.5,62.5,62.5,62.0,62.0,61.5,61.5,61.0,61.0,61.0,61.0,60.5,60.5,60.5,60.5,61.0,61.0,61.5,61.5,61.5,61.5,61.5,61.5,61.5,61.0,61.0,61.0,60.5,60.5,60.0,60.0,60.0,60.0,60.0,60.0,60.5,61.0,61.5,62.0,62.0,62.5,62.0,62.0,62.0,61.5,61.0,60.5,60.0,59.5,59.5,59.5,59.5,59.5,60.0,60.0,60.5,61.0,61.0,61.5,61.5,62.0,61.5,61.5,61.0,60.5,59.5,59.0,58.5,58.5,58.0,57.5,57.5,57.0,57.0,57.5,58.0,58.5,58.5,59.0,59.5,60.0,60.5,60.5,60.5,60.5,60.0,59.5,59.0,58.5,58.0,58.0,58.0,58.0,58.5,59.0,59.5,60.0,60.0,60.5,60.5,60.5,60.5,60.0,59.5,59.0,58.5,58.0,57.5,57.0,57.0,56.5,56.0,56.0,56.0,56.0,56.0,56.5,56.5,56.5,56.5,56.5,57.0,57.0,57.5,57.5,57.0,57.0,56.5,56.5,56.5,56.0,55.5,55.5,55.0,55.0,55.5,56.0,56.5,56.5,57.0,57.5,57.5,58.0,58.5,59.0,59.0,59.5,59.5,59.5,59.5,59.5,59.0,59.0,58.5,58.5,58.5,58.5,59.0,59.0,59.0,59.0,59.0,59.0,58.5,58.0,58.0,57.5,57.5,57.5,57.5,57.5,58.0,58.0,58.5,59.0,59.0,59.5,59.5,59.5,59.0,59.0,58.5,58.5,58.0,57.5,57.5,57.0,56.5,56.0,55.0,54.5,53.5,53.0,52.5,52.0,52.0,52.5,53.0,54.0,55.5,56.5,57.5,58.5,59.5,60.5,61.5,62.0,62.5,62.5,62.0,61.5,61.0,60.5,60.0,59.0,58.5,57.5,57.0,56.5,55.5,55.0,54.5,54.0,53.0,51.5,50.5,48.5,47.0,45.0,0.0,0.0
32.0,32.0,32.5,32.5,32.0,32.0,32.0,31.5,31.5,31.5,31.5,31.5,31.5,31.5,31.5,31.5,32.0,32.0,32.5,32.5,32.0,31.5,30.5,29.0,27.5,26.0,23.5,21.5,19.0,16.5,14.5,13.0,12.0,11.0,10.5,11.0,12.0,13.5,15.5,18.5,22.5,27.0,32.5,38.0,44.5,51.5,58.0,64.5,70.5,76.5,82.5,88.5,95.0,100.5,105.5,109.5,112.5,114.5,116.0,117.0,117.0,115.5,113.5,110.0,106.0,101.0,96.0,90.5,84.5,78.5,72.5,66.5,61.5,56.5,52.0,48.0,44.5,42.0,39.5,37.5,36.0,35.0,34.5,34.0,34.0,33.5,33.5,33.0,32.5,32.0,32.0,32.0,31.5,31.5,31.0,31.0,31.0,31.0,31.5,31.5,32.0,32.0,32.5,32.5,32.0,32.0,31.5,31.0,30.5,30.0,29.5,29.0,28.5,28.0,28.0,28.0,28.0,28.0,28.0,28.5,28.5,28.5,29.0,29.0,29.0,29.0,28.5,28.5,28.5,28.0,28.0,27.5,27.5,27.5,27.5,27.5,27.5,28.0,28.0,28.5,29.0,29.0,29.0,29.0,29.0,29.0,29.0,29.0,29.0,28.5,28.0,28.0,27.5,27.5,27.0,27.0,27.0,27.5,27.5,28.0,28.0,28.0,28.5,28.5,28.5,28.0,28.0,27.5,27.0,26.5,26.5,26.5,27.0,27.0,27.5,27.5,28.0,28.0,28.5,29.0,29.0,29.5,30.0,30.0,30.0,30.0,29.5,29.5,29.0,28.5,28.5,28.0,27.5,27.5,27.0,27.0,27.0,27.5,27.5,28.0,28.5,29.0,29.0,29.5,29.0,29.0,29.0,29.0,29.0,28.5,28.0,27.5,27.5,27.0,27.5,27.5,28.0,28.5,29.5,30.0,30.0,30.5,30.5,30.5,30.5,30.5,30.0,29.5,29.5,29.0,28.5,28.5,28.5,28.5,28.5,29.0,29.0,29.0,29.0,29.0,29.5,29.5,29.5,29.5,29.5,29.0,29.0,28.5,28.5,28.0,28.0,27.5,27.0,27.0,27.0,27.5,27.5,28.0,28.5,29.0,29.5,30.0,30.5,31.0,31.0,30.5,30.0,29.5,29.0,28.5,27.5,27.0,26.5,26.0,25.5,25.0,24.5,24.5,24.5,25.0,25.5,27.0,28.5,29.5,31.0,32.0,32.5,33.0,33.0,33.0,32.5,32.0,31.5,31.5,31.0,30.5,30.5,30.0,29.5,29.5,29.0,29.0,29.0,29.0,29.0,29.0,29.0,29.0,28.5,28.0,28.0,28.0,28.0,28.0,28.5,29.0,30.0,30.5,31.0,31.5,0.0,0.0
39.0,39.0,39.0,39.0,39.0,39.0,39.0,39.0,39.5,39.5,39.5,39.5,39.5,39.0,38.5,38.0,37.5,36.5,35.5,34.5,34.0,34.0,34.5,35.0,36.0,37.5,38.5,40.0,41.5,43.0,43.5,44.5,45.0,45.5,45.5,45.0,45.0,44.5,43.5,42.5,41.5,41.0,40.5,40.0,40.0,40.0,40.0,40.0,40.5,41.0,41.0,41.5,42.0,42.0,42.5,42.5,42.5,42.5,42.5,42.0,41.5,41.5,41.0,41.0,41.0,41.0,41.5,41.5,42.0,42.0,42.5,43.0,43.0,43.0,43.0,43.0,42.5,42.5,42.5,42.5,42.5,42.0,42.0,41.5,41.5,41.5,42.0,42.5,42.5,43.0,43.5,43.5,44.0,44.0,44.5,44.5,44.0,44.0,43.5,43.0,42.5,42.0,41.5,41.5,41.5,41.5,41.5,42.0,42.5,42.5,43.0,43.0,43.0,43.0,43.0,43.5,43.5,43.0,43.0,43.0,42.5,42.5,42.0,42.0,42.0,42.0,42.0,42.5,42.5,43.0,43.0,43.5,44.0,44.5,44.5,45.0,45.0,45.0,44.5,44.5,44.5,44.0,43.5,43.5,43.0,43.0,43.0,43.0,43.5,43.5,44.0,44.5,44.5,45.0,45.0,45.0,45.0,45.0,45.0,44.5,44.0,44.0,43.5,43.0,43.0,43.0,43.0,43.0,43.5,43.5,44.0,44.5,45.0,45.5,45.5,46.0,46.0,46.0,45.5,45.0,44.5,44.0,44.0,43.5,43.5,44.0,44.0,44.0,44.5,44.5,45.0,45.0,45.5,45.5,45.5,45.5,45.5,45.5,45.0,44.5,44.5,44.0,44.0,44.0,43.5,43.5,43.5,43.5,43.5,43.5,44.0,44.5,44.5,45.0,45.0,45.5,45.5,45.5,45.0,45.0,44.5,44.5,44.0,44.0,44.0,44.0,44.0,44.0,44.5,45.0,45.5,46.0,46.0,46.5,46.5,47.0,46.5,46.5,46.0,45.5,45.0,44.5,44.5,44.0,43.5,43.5,43.5,43.5,43.5,44.0,44.5,44.5,45.0,45.0,45.0,45.0,44.5,44.0,43.5,43.5,43.0,42.5,42.5,42.0,41.0,41.0,40.5,40.5,41.0,41.0,41.5,41.5,42.0,42.0,42.0,42.5,42.5,42.5,42.5,43.0,43.0,42.5,42.5,42.5,42.5,43.0,43.5,44.0,44.5,45.0,45.5,46.0,46.0,46.5,46.5,46.5,46.0,46.0,46.0,45.5,45.0,44.5,44.5,44.0,44.0,44.0,44.0,44.0,44.5,44.5,45.0,45.5,46.0,47.0,47.0,47.0,47.0,47.0,46.5,46.0,0.0,0.0
56.5,56.5,56.5,56.5,56.5,56.5,56.5,56.0,56.0,55.5,55.5,55.0,54.5,54.5,54.5,54.5,55.0,55.5,56.0,56.5,57.0,57.5,57.5,58.0,58.0,58.0,57.5,57.5,57.0,57.0,57.0,57.0,57.0,57.0,57.0,57.0,57.5,57.5,57.5,57.5,57.0,57.0,57.0,57.0,57.0,57.0,56.5,56.0,56.0,55.5,55.5,55.0,55.0,54.5,54.5,54.0,54.0,54.0,54.5,54.5,55.0,55.0,55.0,55.0,54.5,54.5,54.5,54.5,54.5,54.0,54.0,54.0,54.0,54.5,55.0,55.5,56.0,56.0,56.5,57.0,57.5,58.5,59.0,60.0,60.0,60.0,60.0,59.5,59.0,58.5,58.5,58.0,58.0,57.5,57.5,57.5,57.5,57.5,58.0,58.0,58.5,58.5,58.5,58.5,58.5,58.0,58.0,58.0,58.0,58.0,58.0,58.0,58.0,58.0,58.0,58.0,58.5,59.0,59.5,60.0,60.5,60.5,60.5,60.5,60.5,60.0,60.0,59.5,59.5,59.5,59.5,59.0,59.0,59.0,59.0,59.5,59.5,60.0,60.5,61.0,61.0,61.5,61.5,61.5,62.0,61.5,61.5,61.0,60.5,60.5,60.5,60.5,61.0,61.0,61.5,61.5,61.0,61.0,60.5,59.5,58.0,56.5,55.0,53.0,51.0,48.5,46.5,44.5,43.0,41.5,41.0,40.5,41.0,42.0,44.0,46.5,50.5,55.5,61.0,67.5,75.0,83.0,91.0,98.0,105.0,111.5,118.5,125.0,132.0,139.0,145.0,150.5,154.5,157.0,159.0,160.5,160.5,160.0,158.5,155.0,150.5,145.0,139.5,133.5,127.5,121.0,115.0,108.5,103.0,97.5,92.5,88.0,84.5,81.0,78.0,76.0,74.0,72.5,71.5,71.0,71.0,70.5,70.5,70.5,70.5,70.0,69.5,69.0,68.5,68.0,67.5,67.5,67.0,67.0,67.0,67.0,67.0,67.5,67.5,67.5,67.5,67.5,67.0,66.5,65.5,64.0,63.0,61.5,60.0,59.0,58.0,58.0,58.5,59.0,60.5,61.5,63.0,64.5,66.0,67.0,68.0,69.0,69.5,69.5,69.0,69.0,68.0,67.5,67.0,66.0,65.0,64.5,64.0,64.0,64.5,64.5,65.0,65.0,65.5,66.0,66.0,66.0,66.5,66.0,66.0,65.5,65.0,65.0,64.5,64.5,64.0,64.0,63.5,63.5,63.0,63.0,63.0,63.5,63.5,64.0,64.0,64.5,65.0,65.0,65.0,65.0,64.5,64.0,63.5,63.5,63.0,63.5,63.5,63.5,64.0,64.5,64.5,64.5,64.5,65.0,0.0,0.0
-1.0,-0.5,0.0,0.5,0.5,0.0,-0.5,-1.0,-1.5,-2.0,-2.5,-2.5,-2.5,-2.5,-2.0,-1.5,-1.0,-0.5,0.0,0.5,0.5,0.5,1.0,1.5,1.5,1.5,1.5,1.5,1.5,1.5,1.5,1.0,1.0,1.0,1.0,1.0,0.5,0.5,0.5,1.0,1.0,1.0,1.5,1.0,1.0,1.0,0.5,0.0,-0.5,-1.0,-1.0,-1.5,-2.0,-2.0,-2.0,-2.0,-2.0,-2.0,-2.0,-2.0,-1.5,-1.5,-1.0,-1.0,-1.0,-1.0,-1.0,-1.0,-1.5,-1.5,-2.0,-2.0,-2.5,-2.5,-2.5,-2.5,-2.0,-2.0,-1.5,-1.0,-0.5,-0.5,-0.5,-0.5,-0.5,-0.5,-0.5,-1.0,-1.0,-1.0,-1.5,-1.5,-1.5,-1.5,-1.5,-1.5,-1.5,-1.0,-1.0,0.0,0.5,1.0,1.5,1.5,1.5,1.5,1.5,1.0,1.0,0.5,0.0,-0.5,-0.5,-0.5,-0.5,-0.5,0.0,1.0,1.5,2.0,2.5,3.0,3.0,3.0,3.0,2.5,2.0,1.5,1.5,1.0,1.0,0.5,0.5,0.0,0.0,0.0,0.5,0.5,1.0,1.0,1.0,1.5,2.0,2.0,2.5,3.0,3.0,3.0,2.5,2.5,2.5,2.0,2.0,2.0,2.0,2.0,2.0,2.5,2.5,3.0,3.0,3.5,3.5,4.0,4.0,4.0,3.5,3.5,3.0,2.5,2.5,2.0,2.0,2.0,2.5,2.5,3.0,3.0,3.5,4.0,4.0,4.5,5.0,5.0,5.0,5.0,4.5,4.5,4.0,3.5,3.0,3.0,2.5,2.5,2.5,3.0,3.0,3.5,4.0,4.5,5.0,5.5,6.0,6.5,7.0,7.0,7.0,6.5,6.0,5.0,4.5,4.0,4.0,4.5,5.0,5.5,6.0,6.5,7.0,7.0,7.0,7.5,7.5,8.0,8.0,7.5,7.5,7.0,6.5,5.5,5.0,5.0,5.0,5.0,5.0,5.5,6.0,6.5,7.0,7.5,8.0,8.5,8.5,8.5,8.0,7.5,7.0,6.5,5.5,5.5,5.0,5.0,5.0,5.0,5.0,5.5,6.0,6.0,6.5,6.5,7.0,7.0,7.0,7.0,7.0,7.0,6.5,6.5,6.5,6.0,6.0,5.5,5.0,5.0,5.0,5.5,6.0,6.0,6.5,6.5,6.5,6.5,6.5,6.0,6.0,5.5,5.0,4.0,3.0,2.0,1.0,-0.5,-1.5,-2.5,-3.0,-3.0,-2.5,-1.5,0.0,1.5,3.0,4.0,5.0,5.5,5.5,5.5,5.0,4.5,4.0,3.5,3.0,2.5,2.0,1.5,1.5,1.5,2.0,3.0,4.0,4.5,0.0,0.0
60.5,60.0,59.5,59.0,58.0,57.5,57.5,57.0,57.0,57.0,57.0,57.0,57.0,57.5,58.0,58.5,59.5,60.0,60.5,61.0,61.5,61.0,60.5,60.0,59.5,59.0,58.5,58.5,58.0,58.0,58.0,57.5,57.5,57.5,58.0,58.0,58.5,59.0,59.0,59.0,58.5,58.5,58.0,57.5,57.0,56.5,56.0,55.5,55.0,54.5,54.5,54.5,55.0,55.5,56.0,56.0,56.5,56.5,56.5,57.0,57.0,57.0,57.0,57.0,57.0,57.0,56.5,56.0,56.0,56.0,56.0,56.0,56.5,57.0,57.5,58.0,58.0,58.0,58.0,58.0,58.0,57.5,57.5,57.5,57.5,57.0,57.0,57.0,56.5,56.5,56.0,56.0,56.5,56.5,57.0,57.0,57.0,57.5,57.5,57.5,57.5,57.5,57.0,56.5,56.0,56.0,56.0,56.0,56.0,56.0,55.5,55.5,55.5,56.0,56.0,56.5,56.5,56.5,56.5,56.5,56.5,56.5,56.5,56.0,56.0,55.5,55.0,55.0,54.5,54.5,54.0,54.0,54.0,54.0,54.0,54.0,54.5,55.0,55.0,55.5,55.5,55.5,56.0,56.0,56.5,56.5,56.5,56.5,56.0,56.0,56.0,56.0,56.0,56.0,56.0,56.5,57.0,57.0,57.0,57.5,57.5,57.5,57.0,56.5,56.0,55.0,54.5,54.0,54.0,54.0,54.5,55.0,55.5,56.0,56.5,56.5,57.0,57.0,57.0,57.0,57.0,57.0,57.0,57.0,56.5,56.5,56.0,56.0,56.0,55.5,55.5,55.5,55.5,55.5,55.5,55.5,56.0,56.0,56.5,57.0,57.5,57.5,57.5,57.5,57.0,57.0,56.5,56.5,56.0,55.5,55.0,55.0,55.0,55.0,55.0,55.5,55.5,56.0,56.5,56.5,57.0,57.0,57.0,57.0,56.5,56.5,56.5,56.5,56.5,56.5,56.5,56.5,57.0,57.0,57.5,58.0,58.0,58.0,58.0,57.5,57.5,57.0,56.5,56.0,56.0,55.5,55.0,55.0,54.5,54.5,54.5,54.5,54.5,55.0,55.5,56.0,56.0,56.5,57.0,57.0,57.0,57.5,57.5,57.0,57.0,56.5,56.5,56.0,55.5,55.0,55.0,55.0,55.0,55.5,56.0,57.0,57.5,58.5,59.0,59.0,59.0,59.0,59.0,58.5,58.0,57.5,56.5,56.0,55.5,55.5,55.5,56.0,56.5,57.0,57.5,58.0,58.5,58.5,58.5,58.5,58.5,58.0,58.0,58.0,57.5,57.5,57.5,57.5,57.5,57.0,57.0,57.5,57.5,58.0,58.0,59.0,59.5,60.0,60.0,60.0,0.0,0.0
60.5,60.0,60.0,59.5,59.5,59.5,59.0,59.0,59.0,59.5,59.5,60.0,60.5,61.0,61.5,61.5,62.0,62.0,62.0,61.5,61.0,61.0,60.5,60.0,60.0,59.5,59.5,59.0,59.0,59.0,59.0,59.5,59.5,60.0,60.0,60.5,60.5,61.0,61.0,60.5,60.5,60.0,60.0,59.5,59.5,59.0,59.0,58.5,58.5,58.5,59.0,59.5,60.0,60.5,61.0,61.5,61.5,62.0,61.5,61.5,61.5,61.0,60.5,60.5,60.0,60.0,59.5,59.5,59.5,59.5,59.5,60.0,60.5,60.5,61.0,61.5,62.0,62.0,62.5,62.5,62.0,62.0,61.5,61.0,60.5,60.0,60.0,60.0,60.0,60.0,60.5,61.0,61.0,61.5,61.5,62.0,62.0,62.5,62.5,62.0,61.5,61.0,60.5,60.5,60.0,59.5,59.0,59.0,59.0,59.0,59.5,59.5,60.0,60.5,60.5,61.0,61.0,61.0,61.0,60.5,60.5,60.5,60.0,60.0,60.0,59.5,59.5,59.5,59.5,59.5,60.0,60.0,60.5,61.0,61.5,61.5,62.0,62.0,62.0,62.0,61.5,61.5,61.0,60.5,60.5,60.5,60.0,60.0,59.5,59.5,60.0,60.0,60.5,60.5,61.0,61.0,61.5,61.5,61.5,61.5,61.5,61.5,61.0,61.0,61.0,60.5,60.5,60.5,60.0,60.0,60.0,60.0,60.0,61.0,61.5,62.0,62.5,62.5,62.5,62.5,62.0,61.5,61.0,60.5,60.5,60.0,60.0,59.5,59.5,59.5,60.0,60.0,60.5,61.0,61.0,61.5,62.0,62.0,62.0,62.0,62.0,61.5,61.5,61.5,61.0,61.0,61.0,61.0,61.0,61.0,61.0,61.0,61.0,61.5,62.0,62.5,63.0,63.0,63.5,63.5,63.0,63.0,62.5,62.5,62.5,62.5,62.5,62.5,62.5,62.5,62.5,63.0,63.0,63.0,63.0,63.0,63.5,63.5,63.5,63.5,63.5,63.5,63.5,63.5,63.0,62.5,62.5,62.5,62.5,62.5,63.0,63.5,64.5,65.0,66.0,66.0,66.5,66.5,66.5,66.5,66.0,65.5,65.0,64.5,64.0,63.5,63.0,63.0,63.0,63.0,63.0,63.0,63.5,63.5,64.0,64.5,64.5,64.5,64.5,64.5,64.0,63.5,63.0,62.5,62.5,62.5,62.0,62.0,62.0,62.5,62.5,63.0,63.5,64.0,64.5,65.0,65.5,66.0,66.0,66.0,66.0,66.0,65.5,65.0,65.0,64.5,64.5,64.5,64.0,64.5,64.5,64.5,65.0,65.5,66.0,66.0,66.5,66.5,66.5,66.5,0.0,0.0
82.5,82.5,82.5,82.5,82.0,81.5,81.0,81.0,80.5,80.5,80.0,80.0,80.0,80.5,80.5,80.5,80.5,80.5,80.0,79.5,78.0,76.5,75.0,72.5,70.5,68.0,66.0,64.0,62.0,61.0,60.0,60.0,60.0,60.5,61.5,63.5,66.0,69.5,73.5,79.0,84.5,91.0,98.0,105.5,112.0,119.0,125.0,131.5,137.5,143.5,149.5,155.5,160.5,164.5,167.5,169.5,171.0,171.5,171.0,169.5,166.5,162.5,158.0,152.5,147.0,141.5,135.5,129.5,124.0,118.5,113.5,108.5,104.5,101.0,97.5,94.5,92.0,90.0,88.5,87.5,86.5,86.0,85.5,85.0,84.5,84.0,84.0,83.5,83.0,82.5,82.0,82.0,82.0,81.5,82.0,82.0,82.0,82.0,82.0,82.0,82.0,81.5,81.0,80.5,80.0,79.5,79.0,79.0,78.5,78.5,78.5,78.5,78.5,78.5,79.0,79.0,79.5,79.5,80.0,80.0,80.0,80.0,80.0,80.0,79.5,79.5,79.0,79.0,78.5,78.0,78.0,78.0,78.5,79.0,79.0,79.5,80.0,80.0,80.5,81.0,81.0,81.0,80.5,80.5,80.0,79.5,79.5,79.0,79.0,79.0,78.5,78.5,78.5,78.5,79.0,79.0,79.5,79.5,80.0,80.0,80.0,80.0,79.5,79.5,79.0,79.0,78.5,78.5,78.5,78.5,79.0,79.0,79.5,79.5,80.0,80.0,80.5,81.0,81.5,81.5,82.0,82.0,82.0,81.5,81.0,80.5,80.0,80.0,79.5,79.5,79.5,79.5,79.5,79.5,80.0,80.0,80.5,80.5,81.0,81.0,81.0,81.0,81.0,81.0,81.0,81.0,80.5,80.0,80.0,79.5,79.5,79.0,79.0,79.5,79.5,80.0,81.0,81.5,82.0,82.5,82.5,82.5,82.5,82.0,82.0,81.5,81.0,80.5,80.0,80.0,80.0,80.0,80.0,80.0,80.5,80.5,81.0,81.0,81.5,82.0,82.0,82.0,82.0,81.5,81.5,81.0,80.5,80.5,80.0,80.0,80.0,80.0,80.5,80.5,81.0,81.5,81.5,82.0,82.5,83.0,83.5,84.0,84.0,84.0,84.0,83.5,83.5,83.0,82.5,82.5,83.0,83.0,83.0,83.0,83.5,83.5,84.0,84.0,84.0,84.5,84.5,84.0,84.0,84.0,84.0,83.5,83.5,83.0,83.0,82.5,82.5,82.5,82.5,82.5,83.0,83.0,83.0,83.0,83.5,83.5,83.5,83.5,83.5,83.5,83.5,83.0,83.0,83.0,83.0,82.5,82.5,82.5,83.0,83.0,83.0,83.5,84.0,84.5,84.5,84.5,0.0,0.0
51.0,51.0,51.0,51.0,51.0,50.5,50.0,49.5,49.0,48.5,48.0,48.0,47.5,47.5,48.0,48.0,48.5,48.5,49.0,49.0,49.5,49.5,50.0,50.0,49.5,49.5,49.0,48.5,48.0,48.0,47.5,47.0,47.0,47.0,47.0,47.0,47.5,47.5,48.0,48.5,49.0,49.5,49.5,49.5,49.0,48.5,48.0,47.5,47.0,47.0,46.5,46.0,46.0,45.5,45.5,45.5,45.5,45.5,45.5,45.5,46.0,46.5,46.5,47.0,47.0,47.0,47.0,46.5,46.5,46.5,46.0,46.0,46.0,45.5,45.5,45.5,45.0,45.5,45.5,45.5,46.0,46.0,46.0,46.5,46.5,47.0,47.0,47.0,47.0,46.5,46.5,46.0,45.5,45.5,45.5,45.5,45.5,45.5,46.0,46.5,46.5,47.0,47.0,47.0,46.5,46.5,46.0,45.5,45.5,45.0,45.5,45.5,45.5,45.5,46.0,46.0,46.0,46.0,46.0,46.5,46.5,46.5,46.0,46.0,46.0,45.5,45.0,44.5,44.0,43.5,43.5,43.5,44.0,44.0,44.5,44.5,45.0,45.0,45.5,46.0,46.5,46.5,47.0,47.0,47.0,47.0,46.5,46.5,46.5,46.0,46.0,45.5,45.5,46.0,46.0,46.5,47.0,48.0,48.5,49.0,49.5,49.5,49.5,49.5,49.0,49.0,48.5,48.5,48.0,47.5,47.0,47.0,46.5,46.5,46.5,46.5,47.0,47.0,47.5,47.5,48.0,48.0,48.0,48.5,48.0,48.0,47.5,47.0,46.5,46.0,45.5,45.0,44.5,44.0,44.0,44.0,44.5,44.5,45.0,45.0,45.5,45.5,45.5,45.5,46.0,45.5,45.5,45.0,45.0,44.5,44.5,44.5,44.5,44.5,45.0,45.0,45.0,45.0,45.5,45.5,46.0,46.0,46.5,46.5,46.5,46.5,46.5,46.0,45.5,45.5,45.0,45.0,45.0,45.0,45.0,45.0,45.5,46.0,46.5,47.0,47.5,47.5,47.5,47.5,47.5,47.5,47.0,46.5,45.5,44.5,43.5,42.5,41.5,40.5,40.0,39.5,40.0,41.0,42.0,43.5,45.0,46.5,47.5,48.5,49.0,49.5,50.0,50.0,50.0,50.0,49.5,49.0,48.5,47.5,47.0,47.0,46.5,46.5,47.0,47.0,47.0,47.0,46.5,46.0,45.0,44.5,44.0,43.5,43.0,42.5,42.5,42.5,42.5,43.0,43.5,43.5,44.0,44.5,45.0,45.0,45.0,45.0,45.0,45.0,45.0,45.0,44.5,44.5,44.0,44.0,43.5,43.5,43.0,43.0,43.5,43.5,44.0,44.0,44.5,44.5,0.0,0.0
45.0,44.5,44.0,44.0,43.5,43.5,43.5,43.5,44.0,44.5,45.0,45.5,45.5,46.0,46.5,46.5,47.0,47.0,46.5,46.5,46.0,46.0,46.0,45.5,45.5,45.0,45.0,45.0,45.0,45.0,45.0,45.5,45.5,46.0,46.5,46.5,46.5,46.5,46.5,46.0,46.0,46.0,45.5,45.5,45.5,45.5,45.5,46.0,46.5,47.0,47.0,47.5,47.5,47.5,48.0,48.0,48.0,47.5,47.5,47.0,46.5,46.5,46.5,46.5,46.5,46.5,46.0,46.0,46.0,46.5,46.5,47.0,47.0,47.0,47.5,47.5,47.5,47.5,47.5,47.0,46.5,46.0,45.5,45.5,45.5,45.5,46.0,46.5,47.0,47.0,47.5,47.5,48.0,48.5,48.5,48.5,49.0,48.5,48.5,48.5,48.0,47.5,47.0,46.5,46.5,46.0,46.5,47.0,47.5,48.0,48.5,49.0,49.0,49.0,49.0,49.5,49.5,49.5,49.5,49.0,48.5,48.5,48.0,48.0,47.5,47.5,47.5,48.0,48.0,48.5,49.0,49.0,49.5,49.5,49.5,50.0,50.0,50.0,50.0,50.0,50.0,50.0,50.0,49.5,49.5,49.5,49.5,50.0,50.0,50.5,51.0,51.5,51.5,51.5,51.5,51.5,51.5,51.0,51.0,50.5,50.0,49.5,49.0,48.5,48.0,48.0,48.0,48.0,48.5,48.5,49.0,49.0,49.5,49.5,49.5,49.5,49.0,49.0,49.0,48.5,48.0,47.5,47.0,46.5,45.5,45.5,45.0,45.5,45.5,45.5,46.0,46.5,47.0,47.0,47.5,47.5,47.5,47.0,46.5,46.0,45.5,45.0,44.5,44.0,44.0,44.0,44.5,45.0,45.5,46.5,47.0,47.5,48.0,48.5,49.0,49.5,50.0,50.0,50.0,50.0,49.5,49.0,49.0,48.5,48.0,48.0,48.0,48.0,48.5,49.0,49.5,50.5,51.0,51.0,51.5,51.0,51.0,50.5,50.5,50.0,49.5,49.0,49.0,48.5,48.5,49.0,49.0,49.0,49.5,49.5,50.0,50.5,50.5,50.5,51.0,51.0,51.0,51.0,51.0,50.5,50.0,49.5,49.0,48.5,48.5,48.0,48.0,48.0,48.0,48.5,49.5,50.0,51.0,51.5,52.0,52.0,52.0,51.5,51.5,51.0,50.5,50.5,50.0,50.0,49.5,49.5,50.0,50.0,50.5,50.5,51.0,51.5,52.0,52.0,52.5,52.0,51.5,50.5,49.0,47.5,46.0,44.0,41.5,39.5,37.5,35.5,34.0,32.5,31.5,31.0,31.0,31.5,33.0,34.5,37.0,39.5,43.0,47.0,51.0,56.0,0.0,0.0
113.5,119.5,125.0,130.5,135.5,140.0,144.0,147.5,149.5,150.5,151.0,150.5,150.0,149.5,148.0,146.5,143.5,140.5,136.5,131.5,126.5,121.5,116.0,111.0,105.5,101.0,96.5,92.0,88.5,85.5,83.0,81.0,79.0,78.0,77.0,76.0,75.5,75.0,74.0,73.5,72.5,72.0,71.5,71.5,71.0,70.5,70.5,70.0,69.5,69.5,69.0,69.0,69.0,69.5,69.5,69.5,69.5,69.0,68.5,68.0,68.0,67.5,67.5,67.5,67.5,67.0,67.0,67.0,66.5,66.5,66.5,66.5,67.0,67.0,67.0,67.0,67.0,67.0,67.0,67.0,67.5,67.0,67.0,67.0,66.5,66.5,66.5,66.0,66.0,66.0,66.0,66.0,66.0,66.0,66.0,66.5,66.5,67.0,67.0,67.5,67.0,67.0,66.5,66.5,66.0,66.0,66.0,65.5,65.5,65.5,65.0,65.0,65.5,65.5,66.0,66.0,66.5,66.0,66.0,66.0,66.0,66.0,66.0,65.5,65.5,65.0,64.5,64.5,64.0,64.0,64.0,64.0,64.5,65.0,65.0,65.5,65.5,65.5,65.5,65.0,65.0,64.5,64.0,63.0,62.5,62.0,62.0,62.0,62.5,62.5,63.0,63.5,64.0,64.5,65.0,65.0,65.0,65.0,65.0,64.5,64.0,63.5,63.0,62.5,62.0,61.5,61.0,60.5,60.5,60.5,61.0,61.5,61.5,62.5,63.0,63.0,63.5,63.5,63.5,63.5,63.0,62.5,61.5,61.0,60.0,59.5,59.5,59.0,58.5,58.5,58.5,58.5,59.0,59.5,60.0,60.5,61.0,61.0,61.0,61.0,61.0,61.0,60.5,60.0,60.0,59.5,59.5,59.5,60.0,60.5,60.5,61.0,61.5,62.0,62.5,63.0,63.5,63.5,63.5,64.0,63.5,63.5,63.0,63.0,63.0,62.5,62.5,63.0,63.0,63.0,63.0,63.0,63.0,63.0,63.5,64.0,64.5,64.5,64.5,64.5,64.0,63.5,63.0,62.5,62.5,62.5,62.0,62.0,62.0,62.0,62.0,62.5,62.5,63.0,63.0,63.5,63.5,63.5,63.5,63.0,62.5,62.0,61.0,60.5,60.0,60.0,59.5,59.5,59.0,59.0,58.5,58.5,59.0,59.0,59.5,59.5,60.0,59.5,59.5,59.0,59.0,58.5,58.0,57.5,57.5,57.0,56.5,56.5,56.5,57.0,57.5,58.5,59.0,59.5,59.5,60.0,60.0,60.5,60.0,60.0,60.5,60.5,60.5,61.0,61.0,60.5,60.5,60.0,59.5,59.5,59.0,59.0,59.5,59.5,60.0,60.0,60.0,60.5,60.5,60.0,0.0,0.0
54.0,53.5,53.0,52.5,52.0,51.5,51.0,50.5,50.0,50.0,49.5,49.5,50.0,50.0,50.5,51.0,51.0,51.0,51.0,51.0,50.5,50.5,50.0,50.0,50.0,49.5,49.5,50.0,50.0,50.0,50.0,50.5,50.5,50.5,50.5,50.5,50.5,50.5,50.0,49.5,49.0,48.0,47.0,46.0,45.0,44.0,43.5,43.5,44.0,45.0,46.5,48.0,49.5,51.0,52.5,53.0,53.5,53.5,53.5,53.0,53.0,52.5,52.0,51.5,51.0,50.0,49.5,49.0,49.0,48.5,48.5,48.5,48.5,48.5,48.5,48.5,49.0,48.5,48.5,48.5,48.5,48.5,48.5,48.5,48.0,47.5,47.0,47.0,46.5,46.5,47.0,47.0,47.5,48.0,48.0,48.5,48.5,49.0,49.0,49.0,49.0,49.0,48.5,48.0,48.0,47.5,47.5,47.0,47.0,47.0,47.0,47.5,47.5,48.0,48.5,48.5,49.0,49.0,49.0,49.0,48.5,48.5,48.0,47.5,47.0,47.0,47.0,46.5,47.0,47.0,47.0,47.5,48.0,48.5,49.0,49.0,49.5,49.5,50.0,50.0,49.5,49.5,50.0,50.0,50.0,50.0,50.0,50.0,50.0,50.0,50.0,50.5,50.5,51.0,51.0,51.5,51.5,51.5,51.5,51.5,51.5,51.0,51.0,50.5,50.5,50.0,50.0,50.0,50.0,50.0,50.5,50.5,50.5,51.0,51.5,51.5,51.5,52.0,52.0,52.0,52.0,52.0,51.5,51.0,50.5,50.0,49.5,49.0,49.0,49.0,49.5,50.0,50.5,51.0,51.0,51.5,51.5,51.5,51.5,51.5,51.5,51.5,51.0,50.5,50.5,50.0,49.5,49.0,49.0,49.0,49.5,49.5,50.0,50.0,50.5,51.0,51.5,51.5,51.5,51.5,51.5,51.5,51.5,51.0,51.0,50.5,50.0,49.5,49.5,49.5,49.5,49.5,50.0,50.0,50.0,50.5,50.5,50.5,51.0,51.0,50.5,50.5,50.5,50.5,50.5,50.5,50.5,50.5,50.5,50.5,50.5,50.5,50.5,50.5,51.0,51.5,52.0,52.5,52.5,53.0,53.0,53.0,53.0,52.5,52.5,52.0,52.0,52.0,52.5,52.5,52.5,52.5,52.5,52.5,53.0,53.0,53.5,54.0,54.0,54.0,54.0,53.5,53.5,53.5,53.0,53.0,52.5,52.5,52.5,52.5,53.0,53.5,53.5,54.0,54.0,54.5,54.5,54.5,54.5,54.5,54.5,54.5,54.5,54.5,54.0,54.0,53.5,53.0,52.5,52.0,52.0,52.0,52.0,52.5,52.5,52.5,53.0,53.0,53.0,53.0,0.0,0.0
29.0,29.0,29.0,29.0,28.5,28.5,28.0,28.0,28.0,28.0,28.5,28.5,29.0,29.5,29.5,29.5,29.5,29.0,29.0,28.5,27.5,27.0,26.5,26.5,26.5,27.0,27.5,28.5,29.5,30.5,32.0,33.0,34.5,35.0,35.5,36.0,36.0,36.0,36.0,36.0,35.5,35.0,34.5,33.0,32.0,31.0,30.5,30.0,29.5,29.5,29.5,29.5,30.0,30.5,31.0,31.0,31.5,31.5,32.0,32.0,32.0,32.0,32.0,31.5,31.5,31.5,31.0,31.0,31.0,31.0,31.0,31.5,32.0,32.0,32.5,33.0,33.5,33.5,33.5,33.5,33.5,33.0,33.0,32.5,32.0,32.0,31.5,31.5,31.5,31.5,31.5,32.0,32.0,32.5,32.5,33.0,33.0,33.5,34.0,34.0,34.0,34.0,33.5,33.0,33.0,32.5,32.5,32.5,32.5,32.5,33.0,33.5,34.0,34.5,34.5,35.0,35.0,35.0,35.0,35.5,35.5,35.5,35.5,35.0,35.0,35.0,35.0,35.0,35.0,35.0,35.0,35.0,35.0,35.5,36.0,36.0,36.5,37.0,37.0,37.0,37.0,37.0,36.5,36.5,36.5,36.0,36.0,36.0,35.5,35.5,35.5,35.5,36.0,36.5,37.0,37.5,37.5,38.0,37.5,37.5,37.5,37.5,37.0,37.5,37.5,37.5,37.5,37.5,37.5,37.5,37.5,37.5,38.0,38.0,39.0,39.5,40.0,40.5,40.5,40.5,40.5,40.5,40.5,40.0,40.0,39.5,39.0,39.0,38.5,38.5,38.5,38.5,38.5,38.5,39.0,39.0,39.5,40.0,40.0,40.5,40.5,40.5,40.0,40.0,39.5,39.5,39.0,39.0,39.5,39.5,40.0,40.5,41.0,41.5,42.5,43.0,43.5,44.0,44.5,44.5,44.0,44.0,43.5,43.0,43.0,42.5,42.5,43.0,43.0,43.5,43.5,43.5,43.5,44.0,44.5,45.0,45.5,45.5,46.0,45.5,45.5,45.0,44.5,44.0,44.0,43.5,43.5,43.0,43.0,43.5,44.0,44.0,44.5,45.0,45.5,46.0,46.5,47.0,47.0,47.0,46.5,46.5,46.5,46.0,46.0,46.0,45.5,46.0,46.0,46.0,46.5,46.5,47.0,47.0,47.5,47.5,48.0,48.0,48.0,48.5,48.0,48.0,47.5,47.0,47.0,46.5,46.0,46.0,45.5,45.5,46.0,46.0,46.5,47.0,48.0,48.5,49.0,49.5,49.5,49.5,49.5,49.5,49.0,49.0,48.5,48.5,48.5,48.0,48.0,48.0,48.0,48.5,49.0,49.5,50.0,50.0,50.5,50.5,50.5,50.0,0.0,0.0
16.5,16.0,15.5,15.0,15.0,15.0,15.5,16.0,16.5,17.0,18.0,18.5,19.0,19.0,19.0,19.0,19.0,18.5,18.0,18.0,18.0,18.0,18.0,18.5,18.5,19.0,19.0,19.5,19.5,20.0,20.5,21.0,21.0,21.0,21.0,20.5,20.5,20.0,20.0,20.0,19.5,19.5,19.5,19.5,19.5,19.5,20.0,21.0,21.5,22.0,22.5,22.5,23.0,23.0,23.0,23.0,23.0,22.5,22.5,22.5,22.0,22.0,22.0,22.0,22.0,22.0,22.5,23.0,23.5,23.5,24.0,24.5,25.0,24.5,24.5,24.0,24.0,23.5,23.0,23.0,22.5,22.0,22.0,22.0,22.5,23.0,23.5,24.0,24.5,25.0,25.5,25.5,26.0,26.0,26.0,26.0,26.0,25.5,25.0,25.0,24.5,24.5,24.0,24.0,24.0,24.5,24.5,25.0,25.5,26.0,26.5,26.5,27.0,27.0,27.0,27.0,26.5,26.0,26.0,25.5,25.5,25.5,25.5,25.5,25.5,25.5,26.0,26.0,26.0,26.5,27.0,27.5,27.5,28.0,27.5,27.5,27.0,27.0,26.5,26.5,26.0,26.0,26.0,26.0,26.0,26.0,26.5,27.0,27.5,28.0,28.0,28.5,29.0,29.0,29.0,29.0,29.0,28.5,28.5,28.0,28.0,28.0,28.0,28.0,28.5,28.5,28.5,29.0,29.5,30.0,30.5,31.0,31.5,32.0,32.0,32.0,32.0,31.5,31.0,30.5,30.0,30.0,29.5,29.5,29.5,30.0,30.5,31.0,31.5,32.0,32.5,33.0,33.0,33.5,33.5,33.5,33.5,33.5,33.5,33.0,33.0,32.5,32.5,32.5,32.5,32.5,33.0,33.5,33.5,34.0,34.5,34.5,35.0,35.0,35.5,35.0,35.0,34.5,34.5,34.0,33.5,33.0,32.5,32.0,32.5,32.5,33.0,33.0,33.5,34.0,34.5,35.0,35.5,36.0,36.0,36.0,36.0,36.0,36.0,36.0,35.5,35.5,35.0,35.0,35.0,35.5,36.0,36.5,37.0,37.5,37.5,38.0,38.5,38.5,39.0,39.0,38.5,38.5,38.0,37.5,37.5,37.0,36.5,36.0,36.0,36.0,36.0,36.5,36.5,37.0,37.5,37.5,38.0,38.0,38.0,38.0,37.5,37.5,37.0,36.5,36.0,35.5,35.0,35.0,35.5,35.5,36.0,36.0,36.5,36.5,37.0,37.5,37.5,37.5,37.5,37.0,37.0,37.0,36.5,36.5,36.0,36.0,36.0,36.0,36.0,36.0,36.0,36.5,36.5,37.0,37.5,38.0,38.5,38.5,38.5,38.5,38.5,38.0,37.5,37.5,0.0,0.0
22.5,22.0,22.0,22.0,22.0,21.5,21.0,21.0,20.5,20.5,20.5,20.5,20.5,20.0,20.0,19.5,18.5,17.5,16.5,15.5,14.5,13.5,13.5,13.5,14.0,15.5,17.0,18.5,20.5,22.5,24.0,25.5,26.5,27.0,27.5,27.5,27.5,27.0,27.0,26.5,26.0,25.5,25.0,24.5,24.0,23.5,23.5,23.5,23.5,24.0,24.5,24.5,25.0,25.0,25.0,25.0,24.5,24.5,24.0,23.0,22.0,21.0,20.5,20.0,20.0,20.0,19.5,20.0,20.0,20.5,21.0,21.5,22.0,22.0,22.5,23.0,23.5,23.5,24.0,24.0,23.5,23.5,23.0,23.0,22.5,22.5,22.0,22.0,21.5,21.5,22.0,22.5,23.0,23.0,23.5,23.5,24.0,24.0,23.5,23.0,22.5,21.5,21.0,20.0,19.5,19.5,19.5,19.5,20.0,20.0,20.5,21.0,21.0,21.0,21.0,20.5,20.0,19.0,18.0,16.0,14.0,12.0,9.5,7.5,5.5,4.0,2.5,1.5,1.0,0.5,0.5,1.5,3.0,5.0,7.5,11.5,15.5,20.5,26.0,31.5,38.0,44.5,50.5,56.0,61.5,67.0,72.0,77.5,82.0,86.5,90.0,92.5,94.0,95.0,95.0,95.0,94.5,93.0,90.5,87.5,83.5,79.0,74.5,69.0,64.0,59.0,54.0,49.0,44.5,40.5,37.0,34.0,31.0,28.5,26.0,24.5,23.0,21.5,21.0,20.5,20.0,19.5,19.0,18.5,18.5,18.0,18.0,17.5,17.0,17.0,17.0,17.0,17.0,17.5,17.5,17.5,17.5,17.5,17.0,17.0,16.5,16.0,15.5,15.0,14.5,14.5,14.0,14.0,14.5,15.0,15.5,16.0,16.0,16.5,16.5,16.0,16.0,15.5,15.0,14.5,14.0,14.0,13.5,13.0,12.5,12.5,12.0,12.0,12.0,12.0,12.0,12.5,13.0,13.5,13.5,14.0,14.5,14.5,14.0,14.0,13.5,13.0,13.0,12.0,11.5,11.5,11.5,11.5,11.5,12.0,13.0,13.5,14.0,14.5,15.0,15.5,16.0,16.0,16.0,16.0,15.5,15.0,15.0,15.0,15.0,15.0,15.0,15.0,15.0,15.5,15.5,15.5,15.5,16.0,16.0,16.0,16.0,15.5,15.5,15.0,14.5,14.0,13.5,13.5,13.0,13.0,12.5,12.5,13.0,13.0,14.0,14.5,15.5,16.0,16.0,16.0,16.0,16.0,16.0,15.5,15.5,15.5,15.0,15.0,15.0,15.0,15.0,15.0,15.0,15.0,15.0,15.0,15.5,15.5,16.0,16.0,16.0,16.0,15.5,15.5,0.0,0.0
68.0,68.5,69.0,69.0,69.5,70.0,70.0,70.0,70.0,70.0,70.0,69.5,69.5,69.5,69.5,69.0,69.0,69.0,69.0,69.0,68.5,68.5,68.5,68.5,69.0,69.0,69.0,69.0,68.0,67.0,66.0,64.0,62.0,60.0,57.5,55.0,53.5,52.0,51.0,50.0,50.0,50.0,51.0,52.5,55.0,58.0,61.5,66.5,71.5,77.0,83.5,90.5,97.0,103.5,110.0,116.0,122.0,128.0,134.0,140.0,145.0,149.0,152.0,153.5,155.0,155.5,155.5,154.5,152.5,149.5,145.5,141.0,136.0,130.5,125.0,119.0,113.5,108.0,103.0,98.5,94.5,90.5,87.0,84.0,81.5,79.5,78.0,76.5,76.0,75.5,75.0,75.0,74.5,74.0,73.5,73.0,73.0,72.5,72.5,72.5,72.5,72.5,72.5,72.5,72.5,72.5,72.5,72.5,72.5,72.5,72.5,72.5,72.0,71.5,71.0,70.5,70.5,70.0,70.0,70.0,70.0,70.0,70.0,70.0,70.0,70.0,70.0,70.0,70.0,70.0,70.0,69.5,69.0,69.0,68.5,68.0,68.0,68.0,68.0,68.0,68.5,68.5,68.5,69.0,69.0,69.5,70.0,70.0,70.0,70.0,70.0,69.5,69.5,69.5,69.0,69.0,69.0,69.0,69.0,69.0,69.0,69.5,69.5,70.0,70.0,70.0,70.0,70.0,70.0,70.0,70.0,70.0,69.5,69.0,68.5,68.5,68.0,68.0,67.5,67.5,67.5,67.5,68.0,68.0,68.5,68.5,69.0,69.0,69.0,69.0,69.0,68.5,68.5,68.0,68.0,68.0,67.5,67.5,67.0,67.0,67.0,67.0,67.0,67.5,67.5,68.0,68.5,69.0,69.0,69.0,69.0,69.0,68.5,68.0,68.0,67.5,67.5,67.0,66.5,66.5,66.5,66.5,67.0,67.5,67.5,68.0,68.5,69.0,69.5,69.5,69.5,69.5,69.0,68.5,68.5,68.0,68.0,67.5,67.5,67.0,67.0,67.5,67.5,67.5,68.0,68.0,68.0,68.0,68.0,68.0,68.0,67.5,67.5,67.0,67.0,67.0,66.5,66.5,66.5,66.5,66.5,66.5,66.5,66.5,67.0,67.0,67.0,67.5,67.5,68.0,68.0,68.0,68.0,67.5,67.0,67.0,66.5,66.5,66.5,66.5,67.0,67.0,67.5,68.0,68.0,68.5,69.0,69.0,69.0,69.0,69.0,69.0,69.0,68.5,68.0,67.5,67.0,66.5,66.5,66.5,66.5,66.5,67.0,67.0,67.5,67.5,67.5,67.5,67.5,67.0,66.5,66.0,65.0,64.5,63.5,62.0,61.0,60.5,60.0,60.0,0.0,0.0
83.0,82.0,81.0,81.0,81.0,81.5,82.5,84.0,85.5,87.5,89.0,90.5,91.5,92.0,92.0,92.0,91.5,91.5,91.0,90.5,90.0,89.5,89.0,88.5,88.0,87.5,87.0,87.0,87.0,87.0,87.0,87.0,87.0,87.0,86.5,86.5,86.0,85.0,84.5,84.0,83.0,82.5,82.5,82.0,82.0,82.0,81.5,81.5,81.0,81.0,81.0,81.0,81.0,80.5,80.5,80.5,80.5,80.5,80.0,80.0,80.0,79.5,79.5,80.0,80.0,80.5,81.0,81.5,82.5,83.0,84.0,84.5,85.0,85.0,85.0,84.5,84.5,83.5,83.0,82.5,82.0,81.5,81.0,81.0,80.5,80.5,80.5,81.0,81.5,81.5,82.0,82.5,82.5,83.0,83.0,83.0,83.0,83.0,83.0,83.0,83.0,83.0,83.0,83.0,83.0,83.5,84.0,84.5,84.5,85.0,85.0,84.5,84.0,84.0,83.5,83.5,83.0,82.5,82.5,82.0,82.0,81.5,81.5,81.5,81.5,82.0,82.5,83.0,83.5,84.0,84.0,84.0,83.5,83.5,83.0,82.5,82.0,81.5,81.0,80.5,80.0,79.5,79.5,80.0,80.0,80.5,80.0,79.5,79.0,77.5,76.0,74.0,72.0,69.5,67.5,65.5,63.5,62.0,61.0,60.0,60.0,61.0,62.5,64.5,68.0,72.0,76.5,81.5,87.5,94.0,101.0,108.0,115.0,121.0,127.0,132.0,137.0,142.0,146.5,150.0,153.0,155.0,156.5,157.5,158.0,158.5,157.5,156.0,153.5,150.5,146.5,142.5,137.5,133.0,128.0,123.0,118.0,113.0,108.5,104.5,100.5,97.0,93.5,91.0,88.5,87.0,86.0,85.0,84.5,84.5,84.5,84.0,84.0,83.5,83.0,82.5,81.5,81.0,80.5,80.0,79.5,79.5,79.5,79.5,79.5,80.0,80.5,80.5,81.0,81.0,81.0,81.0,81.0,80.5,80.0,79.5,79.0,79.0,79.0,79.0,79.0,79.5,79.5,79.5,79.5,80.0,80.0,80.0,80.0,80.5,80.5,80.5,81.0,81.0,81.0,80.5,80.0,79.5,79.0,78.5,78.0,77.5,77.5,77.5,77.0,77.0,77.0,77.0,77.5,77.5,77.5,77.5,77.5,77.5,77.5,77.0,77.0,77.0,76.5,76.5,77.0,77.0,77.0,77.0,77.0,77.0,77.0,77.0,77.0,77.0,77.0,77.0,77.0,76.5,76.5,76.0,76.0,75.5,75.0,74.5,74.0,74.0,74.0,74.0,74.0,74.5,74.5,75.0,75.0,75.0,75.0,75.0,74.5,74.5,74.0,74.0,73.5,73.0,72.5,72.5,0.0,0.0
25.0,25.5,25.5,25.5,25.0,25.0,24.5,24.0,24.0,23.5,23.5,23.0,23.0,23.0,23.5,23.5,24.0,24.5,25.0,25.5,26.0,26.5,26.5,26.5,26.5,26.5,26.0,26.0,25.5,25.5,25.5,25.5,25.5,26.0,26.0,26.5,26.5,27.0,27.0,27.5,27.5,27.5,27.5,27.0,27.0,26.5,26.5,26.0,25.5,25.0,24.5,24.5,24.5,24.5,24.5,25.0,26.0,26.5,27.0,27.5,27.5,28.0,28.0,27.5,27.5,27.0,26.5,26.0,25.5,25.0,25.0,25.0,25.0,25.5,26.0,27.0,27.5,28.0,28.5,28.5,29.0,29.0,29.0,28.5,28.5,28.0,27.5,27.0,27.0,26.5,26.0,26.0,25.5,26.0,26.0,26.0,26.0,26.5,26.5,27.0,27.0,27.0,27.0,27.0,26.5,26.5,26.0,26.0,26.0,26.0,26.0,26.0,25.5,25.5,26.0,26.5,26.5,27.0,27.5,28.0,28.5,28.5,29.0,29.0,29.0,28.5,28.5,28.0,28.0,27.5,27.5,27.0,27.0,27.0,27.0,27.5,27.5,28.0,28.0,28.5,28.5,29.0,29.0,29.5,29.5,29.5,29.5,29.5,29.5,29.5,29.0,29.0,29.0,29.0,29.0,29.5,29.5,30.0,30.5,31.0,31.0,31.0,31.0,31.0,30.5,30.5,30.5,30.5,30.5,30.5,30.0,29.5,29.0,28.5,28.0,28.0,28.0,28.0,28.0,28.0,28.5,28.5,28.5,28.0,28.0,27.5,27.0,26.5,26.0,26.0,26.0,26.0,26.0,26.0,26.0,26.0,26.0,26.0,26.5,26.5,26.5,26.5,27.0,27.0,27.5,28.0,28.0,28.0,27.5,27.5,27.5,27.5,27.5,27.5,28.0,28.5,29.0,29.5,30.0,30.5,31.0,31.5,31.5,31.5,31.5,31.5,31.0,30.5,30.0,29.5,29.0,28.5,28.0,28.0,28.0,28.0,28.5,28.5,29.0,29.0,29.0,29.0,29.0,29.0,29.0,28.5,28.5,28.0,28.0,27.5,27.5,27.0,27.0,27.0,27.0,27.5,28.0,28.5,28.5,29.0,29.0,29.0,29.0,29.0,29.0,28.5,28.5,28.0,28.0,28.0,27.5,27.5,27.5,27.0,27.5,27.5,28.0,28.0,28.5,28.5,28.5,28.5,28.5,28.0,27.5,27.0,26.0,25.5,25.0,24.5,24.5,24.5,24.0,24.0,23.5,23.0,22.0,21.0,19.5,18.0,16.0,14.5,12.5,11.0,9.5,8.0,7.5,7.0,6.5,6.5,7.0,8.5,10.5,13.5,18.0,23.0,29.0,35.5,42.5,50.0,0.0,0.0
-0.5,-0.5,-0.5,-0.5,-1.0,-1.0,-1.5,-1.5,-2.0,-2.0,-2.5,-3.5,-4.5,-5.0,-5.5,-6.0,-6.0,-6.0,-5.5,-5.5,-5.0,-5.0,-4.5,-4.5,-5.0,-5.0,-5.5,-6.0,-6.0,-6.0,-6.0,-6.0,-6.0,-6.0,-6.5,-6.5,-7.0,-7.0,-6.5,-6.0,-6.0,-5.5,-5.5,-5.0,-5.0,-5.0,-5.0,-5.0,-5.5,-6.0,-6.5,-7.0,-7.5,-8.0,-8.5,-9.0,-9.0,-9.0,-8.5,-8.5,-8.0,-7.5,-7.0,-6.5,-6.5,-6.5,-6.5,-7.0,-8.0,-8.5,-9.5,-10.0,-10.0,-10.5,-10.0,-10.0,-9.5,-9.0,-8.5,-8.5,-8.5,-8.0,-8.0,-8.0,-8.0,-8.0,-8.0,-8.0,-8.0,-8.0,-7.5,-7.5,-7.5,-8.0,-8.0,-8.5,-9.0,-9.0,-9.0,-8.5,-8.5,-8.0,-8.0,-7.5,-7.0,-7.0,-7.0,-7.5,-8.0,-8.5,-9.0,-9.5,-10.0,-10.0,-10.5,-10.5,-10.5,-10.5,-10.5,-10.0,-10.0,-9.5,-9.0,-8.5,-8.0,-8.0,-8.0,-8.0,-8.5,-9.0,-9.5,-10.0,-10.5,-11.0,-11.5,-11.5,-12.0,-11.5,-11.5,-10.5,-10.0,-10.0,-9.5,-9.0,-8.5,-8.0,-8.0,-8.5,-9.0,-9.5,-10.0,-10.5,-11.0,-11.0,-11.5,-11.5,-12.0,-11.5,-11.5,-11.0,-10.5,-10.5,-10.0,-10.0,-10.0,-10.0,-10.0,-10.0,-10.0,-10.5,-10.5,-11.0,-11.5,-11.5,-12.0,-12.0,-11.5,-11.5,-11.0,-10.0,-9.5,-9.0,-9.0,-9.0,-9.0,-9.0,-9.0,-9.5,-10.0,-10.5,-11.0,-11.0,-11.5,-12.0,-12.0,-12.0,-12.0,-11.5,-11.5,-11.0,-10.5,-10.5,-10.0,-10.0,-10.0,-10.0,-10.0,-10.0,-10.5,-11.0,-11.5,-12.5,-13.0,-13.5,-14.0,-14.5,-14.5,-14.5,-14.5,-14.0,-13.5,-13.0,-13.0,-12.5,-12.5,-12.5,-12.5,-13.0,-13.0,-13.5,-14.0,-14.5,-15.0,-15.5,-16.5,-16.5,-17.0,-17.0,-17.0,-17.0,-17.0,-17.0,-17.0,-17.0,-17.0,-16.5,-16.5,-16.5,-16.0,-16.0,-16.0,-16.0,-16.5,-16.5,-16.5,-16.5,-16.0,-15.5,-15.0,-15.0,-14.5,-14.0,-14.0,-13.5,-13.5,-13.5,-13.5,-13.5,-14.0,-14.0,-14.5,-15.0,-15.5,-16.0,-16.5,-16.5,-16.5,-16.5,-16.0,-15.5,-15.5,-15.0,-15.0,-15.0,-15.0,-15.0,-15.0,-15.5,-15.5,-16.0,-17.0,-17.5,-17.5,-18.0,-18.5,-18.5,-19.0,-18.5,-18.0,-17.5,-16.5,-16.0,-15.0,-15.0,-14.5,-14.0,-14.0,-14.0,-14.0,-14.0,-14.0,-14.5,-14.5,-15.0,-15.0,-15.5,-15.5,-15.5,-15.5,-15.5,0.0,0.0
-6.5,-6.5,-6.5,-6.5,-6.5,-6.0,-6.0,-5.5,-5.5,-5.5,-5.0,-5.0,-5.0,-5.0,-4.5,-4.5,-4.0,-4.5,-4.5,-5.0,-5.5,-5.5,-5.5,-5.5,-5.5,-5.0,-5.0,-4.5,-4.0,-3.5,-3.5,-3.0,-3.0,-2.5,-3.0,-3.5,-4.5,-5.5,-6.5,-7.5,-9.0,-10.0,-11.0,-11.5,-12.0,-11.5,-11.0,-10.0,-8.5,-7.0,-5.5,-4.5,-3.0,-2.0,-1.0,-0.5,0.0,0.0,0.0,0.0,-0.5,-1.0,-1.5,-2.0,-2.5,-3.0,-3.5,-4.0,-4.0,-4.0,-3.5,-3.5,-3.5,-3.5,-3.5,-3.5,-4.0,-4.5,-5.0,-5.5,-6.0,-6.0,-6.5,-6.0,-6.0,-6.0,-5.5,-5.5,-5.0,-5.0,-5.0,-5.0,-5.0,-5.0,-5.0,-5.0,-5.0,-5.5,-5.5,-6.0,-6.5,-6.5,-6.5,-6.5,-6.5,-6.0,-5.5,-5.0,-4.5,-4.0,-4.0,-4.0,-4.0,-3.5,-3.5,-3.5,-3.5,-3.5,-3.5,-4.0,-4.5,-5.0,-5.5,-5.5,-5.5,-5.0,-4.5,-4.5,-4.0,-3.5,-3.5,-3.5,-3.5,-3.5,-3.5,-3.5,-3.5,-3.5,-3.5,-4.0,-4.0,-4.0,-4.0,-4.5,-4.5,-4.5,-5.0,-4.5,-4.5,-4.0,-3.5,-3.0,-2.5,-2.0,-1.5,-1.5,-1.5,-1.5,-2.0,-2.5,-3.0,-3.5,-4.0,-4.0,-3.5,-3.5,-3.0,-3.0,-3.0,-2.5,-2.5,-2.5,-2.5,-2.5,-2.5,-2.5,-3.0,-3.0,-3.0,-3.5,-3.5,-3.5,-3.5,-3.5,-3.5,-3.5,-3.0,-2.0,-1.5,-0.5,0.5,1.0,1.5,1.5,1.5,1.5,1.5,1.5,1.0,0.5,0.0,-0.5,-1.0,-1.5,-1.5,-1.0,-0.5,0.0,0.5,1.0,1.0,1.0,1.5,1.5,1.5,2.0,2.0,2.0,1.5,1.0,0.5,0.5,0.0,-0.5,-0.5,-0.5,-0.5,0.5,1.0,1.5,2.0,2.5,3.0,3.5,3.5,3.5,3.5,3.5,3.0,2.5,2.0,2.0,1.5,1.5,1.5,1.5,2.0,2.0,2.0,2.5,3.0,3.5,4.0,4.5,4.5,5.0,4.5,4.5,4.5,4.0,4.0,4.0,4.5,4.5,4.5,4.5,4.5,4.5,5.0,5.5,6.0,6.0,6.5,7.0,7.5,7.5,8.0,8.0,8.0,7.5,7.5,7.5,7.0,7.0,6.5,6.5,6.5,6.5,6.5,6.5,7.0,7.0,7.0,7.0,7.0,7.0,7.0,6.5,6.5,6.0,5.5,5.5,5.0,4.5,4.5,5.0,6.0,6.5,7.5,8.0,8.5,8.5,8.5,9.0,8.5,8.5,8.0,7.0,6.5,6.0,0.0,0.0
68.5,68.5,68.5,68.5,68.5,68.5,68.0,67.5,67.0,66.5,66.0,66.0,66.0,66.0,66.0,66.0,66.0,66.0,66.0,66.0,66.0,66.0,66.5,66.5,66.5,66.0,66.0,65.5,65.5,65.0,65.0,64.5,64.5,64.5,64.0,64.0,64.0,64.0,64.5,64.5,65.0,65.0,65.0,65.0,65.0,65.0,64.5,64.5,64.0,64.0,63.5,63.5,63.5,63.0,63.5,63.5,64.0,64.0,64.5,64.5,65.0,65.0,65.5,65.5,65.5,65.5,65.5,65.0,65.0,64.5,64.5,64.0,64.0,64.0,63.5,63.5,63.5,63.5,63.5,63.5,64.0,64.0,64.0,64.0,63.5,63.5,63.0,62.5,62.0,61.5,61.0,61.0,60.5,60.5,60.0,60.0,60.5,60.5,61.0,61.0,61.5,62.0,62.0,62.0,62.5,62.5,62.5,62.5,62.5,62.0,62.0,61.5,61.5,61.0,61.0,60.5,60.5,61.0,61.0,61.5,62.0,62.0,62.0,62.0,62.0,62.0,62.0,62.0,62.0,61.5,61.5,61.5,61.5,61.5,61.5,61.5,61.5,61.5,62.0,62.5,63.0,63.5,64.0,64.5,65.0,65.0,65.5,65.0,65.0,64.5,64.0,63.5,63.0,63.0,63.0,63.0,63.5,63.5,64.0,64.5,65.0,65.0,65.5,65.0,65.0,65.0,64.5,64.5,64.0,64.0,64.0,63.5,63.5,63.5,63.0,63.5,63.5,64.0,64.5,65.0,65.5,66.5,67.0,67.5,67.5,68.0,68.0,68.0,67.5,67.0,67.0,67.0,66.5,66.5,66.0,66.0,66.0,66.0,65.5,65.5,65.5,65.5,66.0,66.0,66.0,66.0,66.0,66.0,66.0,65.5,65.5,65.0,65.0,64.5,64.5,64.5,64.5,64.5,65.0,65.5,66.0,66.5,67.0,67.0,67.0,67.0,67.0,67.0,66.5,66.0,66.0,65.5,65.0,65.0,65.0,64.5,65.0,65.0,65.0,65.5,66.0,66.5,66.5,66.5,66.5,66.5,66.5,66.0,65.5,65.0,64.5,64.5,64.0,63.5,63.5,63.5,64.0,64.0,64.5,64.5,64.5,64.5,65.0,65.0,65.0,65.5,65.5,65.5,65.5,65.5,65.0,64.5,64.5,64.5,64.5,64.5,64.0,64.0,64.0,64.5,64.5,64.5,64.5,64.5,64.5,64.5,64.5,64.5,64.5,64.0,64.0,63.5,63.5,63.5,63.5,63.5,64.0,64.0,64.5,65.0,65.0,65.0,65.0,65.0,65.0,65.0,65.0,65.0,64.5,64.5,64.0,63.5,63.5,63.5,63.5,63.0,63.5,63.5,63.5,63.5,0.0,0.0
24.5,24.5,25.0,25.5,26.5,27.0,27.5,28.0,28.0,28.5,28.5,28.0,28.0,28.0,28.0,27.5,27.0,26.5,26.5,26.0,25.5,25.0,25.0,25.0,25.0,25.0,25.5,25.5,25.5,25.5,25.5,25.5,25.5,25.0,24.5,24.0,23.5,23.0,22.5,22.0,22.0,22.0,22.0,22.0,22.5,22.5,23.0,23.0,23.5,23.5,23.5,23.0,23.0,22.5,22.5,22.0,21.5,21.0,21.0,20.5,20.5,20.5,21.0,21.0,21.5,22.0,22.5,23.0,23.5,24.0,24.5,25.0,25.5,26.0,26.0,26.0,26.0,25.5,25.0,25.0,25.5,25.5,26.0,26.5,27.0,27.5,28.0,28.0,28.5,28.5,28.5,28.5,28.0,27.5,27.0,26.5,26.5,26.0,25.5,25.5,25.5,25.5,25.5,25.5,25.5,26.0,26.5,27.0,27.5,28.0,28.5,28.0,28.0,27.5,27.0,27.0,26.5,26.0,26.0,26.0,26.0,26.0,26.0,26.5,27.0,27.5,28.0,29.0,29.0,29.5,29.0,29.0,29.0,28.5,28.5,28.0,27.5,27.0,27.0,27.0,27.0,27.0,27.0,27.0,27.0,27.0,27.0,26.5,25.5,24.5,23.0,21.0,19.0,16.5,14.0,11.5,9.5,8.0,7.0,6.5,6.0,7.0,8.0,10.5,13.0,17.0,21.5,27.0,33.5,40.0,46.5,54.0,60.5,67.0,73.5,79.0,85.0,90.5,96.0,101.0,105.5,109.0,111.5,113.0,114.0,114.5,114.0,112.5,110.0,107.0,103.0,98.0,93.0,87.5,82.5,77.0,71.5,66.5,61.5,56.5,52.5,48.5,45.0,42.0,39.5,38.0,36.5,35.5,35.0,34.5,34.5,34.5,34.0,33.5,33.5,33.0,32.0,31.5,31.0,30.0,30.0,29.5,29.5,30.0,30.0,30.5,30.5,31.0,31.0,31.0,31.0,31.0,31.0,31.0,30.5,30.0,29.5,29.0,29.0,28.5,28.5,28.5,28.5,29.0,29.0,29.5,30.0,30.0,30.5,31.0,31.5,31.5,31.5,31.0,31.0,30.5,30.0,29.5,29.0,29.0,28.5,29.0,29.5,30.0,30.5,30.5,31.0,31.5,31.5,31.5,31.5,31.5,31.5,31.0,30.5,30.0,30.0,29.5,29.0,29.0,29.0,29.0,29.0,29.5,30.0,30.5,30.5,31.0,31.0,31.5,31.5,31.5,32.0,32.0,32.0,32.0,31.5,31.5,31.5,31.5,31.0,31.0,31.0,31.0,31.5,31.5,32.0,32.0,32.5,33.0,33.0,33.0,33.0,33.0,32.5,32.5,32.0,31.5,31.0,31.0,0.0,0.0
43.0,42.5,42.5,42.0,41.5,41.0,40.5,40.0,39.5,39.0,39.0,39.0,39.5,39.5,40.0,40.0,40.5,40.5,40.5,40.5,41.0,41.0,41.0,41.5,41.5,41.0,41.0,40.5,40.0,40.0,39.5,39.5,39.5,39.5,39.5,40.0,40.5,40.5,40.5,40.5,40.5,40.0,39.5,39.0,38.5,37.5,36.5,35.0,33.5,31.5,29.5,27.5,25.5,23.5,22.0,20.5,20.0,19.5,19.5,20.0,20.5,22.0,23.5,25.5,28.0,31.5,35.5,40.5,45.5,52.0,58.5,65.0,71.5,78.0,84.0,90.0,96.0,101.5,107.0,111.0,113.5,115.0,116.0,116.0,116.0,115.0,114.0,112.0,109.0,105.5,101.5,97.0,93.0,88.0,83.5,78.5,73.5,69.0,65.0,61.0,57.5,54.0,51.0,48.0,45.5,43.5,42.0,41.0,40.0,40.0,39.5,39.5,40.0,40.0,40.0,40.5,40.5,40.5,40.5,40.5,40.5,40.5,40.5,40.0,40.0,39.0,38.5,38.0,37.0,37.0,36.5,36.0,35.5,35.5,35.0,35.0,35.5,35.5,35.5,35.5,35.5,35.5,35.5,35.5,35.5,35.0,35.0,34.5,34.5,34.0,34.0,33.5,33.5,33.5,34.0,34.5,34.5,35.0,35.5,35.5,35.5,35.5,35.0,35.0,35.0,35.0,34.5,34.5,34.5,34.5,34.0,34.5,34.5,34.5,34.5,34.5,35.0,35.5,36.0,36.5,37.0,37.0,37.5,37.0,37.0,36.5,36.0,35.5,35.0,34.5,34.0,33.5,33.5,33.0,33.0,33.0,33.0,33.0,33.0,33.0,33.5,33.5,33.5,33.5,33.0,33.0,32.5,32.5,32.0,32.0,32.0,32.0,32.5,32.5,33.0,33.5,33.5,34.0,34.0,34.0,34.0,34.0,33.5,33.5,33.0,33.0,32.5,32.0,32.0,31.5,31.5,31.5,31.5,31.0,31.0,31.5,31.5,32.0,32.0,32.5,32.5,32.5,32.5,32.0,32.0,31.5,31.0,31.0,30.5,30.5,30.0,30.0,30.0,30.0,30.0,30.0,30.0,30.0,30.0,30.0,30.0,30.0,30.0,29.5,29.0,28.5,28.0,28.0,27.5,27.5,27.5,27.5,27.5,27.5,28.0,28.0,28.5,29.0,29.0,29.5,29.5,29.5,29.5,29.5,29.0,28.5,28.0,27.5,27.0,27.0,26.5,27.0,27.0,27.5,28.5,29.0,29.5,30.0,30.5,31.0,31.5,31.5,31.5,31.0,30.5,30.0,29.5,29.5,29.5,29.5,29.5,29.5,29.5,29.5,29.5,30.0,30.0,30.5,30.5,31.0,0.0,0.0
45.0,45.0,45.5,46.0,46.5,46.5,47.0,47.0,47.0,46.5,46.5,46.0,45.5,45.0,44.5,44.5,44.5,44.5,44.5,44.5,45.0,45.0,45.5,46.0,46.5,46.5,47.0,47.0,47.0,47.0,47.0,46.5,46.0,45.5,45.5,45.0,45.0,44.5,44.5,45.0,45.0,45.5,45.5,46.0,46.5,46.5,47.0,47.0,47.0,47.0,46.5,46.5,46.5,46.0,46.0,46.0,46.0,46.0,46.0,46.5,46.5,46.5,47.0,47.0,47.5,47.5,48.0,48.0,48.0,48.0,48.0,48.0,48.0,47.5,47.5,47.0,46.5,46.5,46.5,46.5,46.5,47.0,47.5,48.0,48.0,48.5,48.5,48.5,49.0,49.0,48.5,48.5,48.5,48.0,48.0,48.0,48.0,48.0,48.0,48.5,48.5,49.0,50.0,50.5,51.0,51.5,52.0,52.0,52.0,52.0,52.0,52.0,51.5,52.0,51.5,51.5,51.5,51.5,51.5,51.5,51.5,51.5,52.0,52.0,52.5,52.5,53.0,53.0,53.0,53.0,52.5,52.0,52.0,51.5,51.0,50.5,50.0,49.5,49.5,49.5,49.5,50.0,50.0,50.5,50.5,50.5,50.5,51.0,50.5,50.5,50.0,50.0,49.5,49.0,48.5,48.0,48.0,47.5,48.0,48.0,48.0,48.5,48.5,49.0,49.0,49.5,49.5,50.0,50.0,50.0,49.5,49.5,49.0,48.5,48.5,48.0,48.0,48.0,48.0,48.0,48.5,49.0,49.5,50.0,50.5,50.5,51.0,51.0,51.0,51.0,50.5,50.5,50.0,50.0,49.5,49.5,49.5,49.5,49.5,49.5,49.5,50.0,50.0,50.0,50.5,50.5,51.0,51.0,51.0,51.0,51.0,50.5,50.0,50.0,49.5,49.5,49.5,49.5,50.0,50.0,50.5,50.5,51.0,51.0,51.5,51.5,52.0,52.0,52.0,52.0,52.0,52.0,52.0,52.0,52.0,51.5,51.5,51.5,51.5,51.5,51.5,52.0,52.0,52.5,52.5,53.0,53.5,53.5,54.0,53.5,53.5,53.0,52.0,51.5,51.0,51.0,50.5,50.5,50.5,51.0,51.0,51.5,52.0,52.5,53.0,53.0,53.0,53.0,53.0,52.5,52.5,52.0,52.0,52.0,51.5,51.5,51.0,51.0,51.0,51.0,51.0,51.5,52.0,52.5,53.0,54.0,54.5,54.5,55.0,54.5,54.5,54.0,53.5,53.5,53.5,53.5,53.5,53.5,53.0,53.0,53.5,54.0,54.5,55.0,55.5,55.5,56.0,56.0,56.0,56.0,56.0,55.5,55.5,55.0,55.0,55.0,54.5,54.5,54.5,55.0,0.0,0.0
69.5,69.5,69.5,70.0,70.5,70.5,70.0,69.5,69.0,67.5,66.0,64.5,62.0,59.5,57.0,54.5,52.5,50.5,49.0,48.0,47.5,48.0,49.0,50.5,53.0,55.5,59.5,63.5,68.5,74.0,80.5,87.0,94.0,101.0,107.0,113.0,118.5,124.0,129.0,134.0,138.5,143.0,146.0,148.5,150.5,152.0,153.0,153.5,153.0,152.0,149.5,146.0,142.0,137.0,132.0,126.5,121.0,115.0,109.5,104.5,99.5,95.0,90.5,87.0,83.5,81.0,79.5,78.0,77.0,76.0,75.5,75.0,75.0,74.5,74.5,74.0,74.0,74.0,73.5,73.0,73.0,72.5,72.0,72.0,72.0,72.0,72.5,72.5,72.5,72.5,72.5,72.0,72.0,71.5,71.0,70.5,70.0,70.0,70.0,69.5,69.5,69.5,70.0,70.0,70.5,70.5,71.0,71.5,71.5,71.5,71.5,71.5,71.5,71.0,71.0,70.5,70.5,70.5,70.0,70.0,69.5,69.5,69.5,69.5,70.0,71.0,71.5,72.0,72.0,72.0,72.0,72.0,71.5,71.0,70.5,70.5,70.0,69.5,69.0,69.0,69.0,69.0,69.5,70.0,71.0,71.0,71.5,72.0,72.5,73.0,73.5,73.5,74.0,73.5,73.5,73.0,72.5,72.0,72.0,72.0,71.5,72.0,72.0,72.5,72.5,73.0,73.5,73.5,73.5,74.0,74.0,73.5,73.5,73.5,73.5,73.0,72.5,72.0,71.5,71.0,71.0,71.0,71.0,71.5,72.0,72.5,73.0,73.0,73.0,73.5,73.5,73.5,73.0,73.0,72.5,72.5,72.5,72.5,72.5,72.5,72.5,72.5,72.5,73.0,73.5,73.5,74.0,74.0,74.5,74.0,74.0,73.5,73.5,73.5,73.0,73.0,72.5,72.5,72.5,72.0,72.0,71.5,71.5,71.5,71.5,72.0,72.5,72.5,73.0,73.0,73.0,73.0,73.0,72.5,72.5,72.0,72.0,72.0,72.0,72.0,72.0,72.5,73.0,73.0,73.5,74.0,74.0,74.0,74.5,74.5,74.5,74.5,74.5,74.0,74.0,74.0,74.0,74.0,74.5,74.5,75.0,75.5,75.5,76.0,76.5,76.5,77.0,77.5,78.0,78.0,78.0,78.0,78.0,77.5,77.5,77.0,76.5,76.5,76.0,75.5,75.0,75.0,75.0,75.0,75.5,76.0,76.5,76.5,77.0,77.0,77.0,76.5,76.5,76.0,75.5,75.0,75.0,74.5,74.5,74.5,74.5,75.0,75.0,75.5,75.5,76.0,76.5,77.0,77.0,77.0,76.5,76.5,76.5,76.5,76.0,76.0,76.0,75.5,75.5,75.5,0.0,0.0
27.5,27.0,27.0,27.0,27.5,27.5,28.0,28.0,28.0,27.5,27.0,26.5,26.0,26.0,25.5,25.0,24.5,24.5,24.0,24.0,24.0,24.0,24.5,25.0,26.0,26.5,27.5,28.0,28.0,28.5,28.5,28.5,28.5,29.0,29.0,29.0,29.0,29.0,29.0,28.5,28.5,28.5,28.5,29.0,29.0,29.5,29.5,30.0,30.0,30.0,30.0,30.0,29.5,29.0,28.5,28.0,28.0,28.0,28.0,28.0,28.0,28.0,28.5,29.0,29.5,30.0,30.5,31.0,31.0,31.0,31.0,31.0,30.5,30.0,29.5,29.0,28.0,27.5,27.0,26.5,26.5,26.5,26.5,26.5,27.0,27.0,27.5,28.0,28.5,29.0,29.0,29.5,29.5,29.0,28.5,28.0,27.0,26.0,25.5,24.5,24.5,24.0,24.0,24.5,25.0,25.5,26.0,26.5,26.0,25.0,23.5,21.5,19.0,15.5,12.5,9.5,7.0,5.5,4.0,3.0,2.5,2.5,2.5,3.5,5.0,7.5,11.0,15.0,20.0,25.5,31.0,38.0,45.0,52.0,59.0,65.0,71.0,76.5,81.5,86.5,90.5,94.0,97.0,99.0,100.0,101.0,101.0,101.0,100.0,98.5,96.5,93.5,89.5,85.0,80.0,75.0,69.5,64.0,59.0,54.0,49.5,45.0,41.5,38.5,35.5,33.0,31.0,29.0,28.0,27.0,26.5,26.0,25.5,25.0,24.5,24.0,23.0,23.0,22.5,22.5,22.5,22.0,22.0,21.5,22.0,22.0,22.0,22.0,22.0,22.0,22.0,22.0,21.5,21.5,21.0,20.5,20.0,19.5,19.0,18.5,18.5,18.5,18.5,19.0,19.0,19.5,19.5,20.0,20.5,20.5,21.0,21.0,20.5,20.5,20.0,19.5,19.0,18.5,18.0,17.5,17.5,17.5,17.5,17.5,18.0,18.5,19.0,20.0,20.5,21.0,21.5,21.5,21.0,21.0,20.5,20.0,20.0,19.5,19.0,19.0,18.5,18.5,18.0,18.5,19.0,19.5,20.0,20.5,21.0,21.0,21.5,21.5,21.5,21.5,21.0,21.0,20.5,20.0,20.0,19.5,19.5,19.5,20.0,20.0,20.5,21.0,21.5,22.5,23.0,23.5,24.0,24.0,23.5,23.0,22.5,22.0,21.5,21.5,21.0,21.0,20.5,20.5,20.5,20.5,21.0,21.5,22.0,22.5,23.0,23.0,23.0,23.0,23.0,23.0,22.5,22.0,21.5,21.0,20.5,20.5,20.5,20.5,21.0,21.5,22.5,23.0,23.5,24.0,24.0,24.0,24.0,24.0,23.5,23.5,23.0,22.5,22.0,22.0,22.0,22.0,0.0,0.0
-7.5,-7.0,-6.5,-6.5,-6.5,-7.0,-7.0,-8.0,-8.5,-9.0,-9.5,-10.0,-10.0,-10.0,-10.0,-10.0,-9.5,-9.0,-8.5,-8.0,-7.5,-7.5,-7.0,-7.0,-6.5,-6.5,-6.0,-6.0,-6.0,-6.5,-7.0,-7.0,-7.0,-7.0,-6.5,-6.5,-6.5,-6.5,-6.5,-6.0,-6.0,-6.0,-6.0,-6.5,-6.5,-7.0,-7.0,-7.5,-8.0,-8.5,-9.0,-9.5,-9.5,-10.0,-10.0,-10.0,-10.0,-10.0,-10.0,-10.0,-9.5,-9.5,-9.0,-9.0,-8.5,-8.5,-8.5,-8.5,-8.5,-8.5,-8.5,-9.0,-9.0,-9.5,-10.0,-10.0,-10.0,-10.0,-9.5,-9.0,-9.0,-9.0,-9.0,-9.0,-9.0,-9.0,-9.0,-9.0,-9.5,-9.5,-10.0,-10.5,-11.0,-11.0,-11.0,-11.0,-11.0,-10.5,-10.5,-9.5,-9.0,-9.0,-8.5,-8.5,-8.5,-8.5,-9.0,-9.0,-9.0,-9.5,-9.5,-10.0,-10.5,-10.5,-10.5,-10.5,-10.0,-9.5,-9.0,-8.5,-8.5,-8.0,-7.5,-7.5,-7.0,-6.5,-6.5,-6.5,-7.0,-7.5,-8.0,-8.0,-8.5,-8.5,-8.5,-8.5,-8.0,-7.5,-7.0,-6.5,-5.5,-5.0,-4.5,-4.0,-3.5,-3.5,-3.5,-3.5,-4.0,-4.5,-5.0,-6.0,-6.5,-7.0,-7.0,-7.0,-7.0,-7.0,-7.0,-6.5,-6.5,-6.0,-6.0,-6.0,-5.5,-6.0,-6.0,-6.5,-7.0,-7.0,-7.5,-8.0,-8.0,-8.5,-8.5,-8.0,-7.5,-7.0,-6.0,-5.5,-4.5,-4.0,-4.0,-4.0,-4.0,-4.0,-4.5,-4.5,-5.0,-5.5,-6.0,-6.5,-6.5,-7.0,-7.0,-7.0,-7.0,-7.0,-6.5,-6.5,-6.0,-5.5,-5.5,-5.0,-5.0,-5.5,-5.5,-6.0,-6.0,-6.5,-6.5,-6.5,-7.0,-7.0,-7.0,-7.0,-6.5,-6.0,-5.0,-4.0,-3.5,-3.0,-3.0,-3.0,-3.0,-3.0,-3.0,-3.5,-3.5,-4.0,-4.0,-4.5,-4.5,-4.5,-4.5,-4.5,-4.5,-4.5,-4.0,-4.0,-3.5,-3.0,-3.0,-3.0,-3.0,-3.0,-3.5,-3.5,-4.0,-4.5,-4.5,-4.5,-5.0,-5.0,-5.5,-5.5,-5.0,-5.0,-4.5,-4.5,-4.0,-4.0,-3.5,-3.5,-3.5,-3.5,-3.5,-4.0,-4.5,-5.0,-5.5,-6.0,-6.5,-7.0,-7.0,-7.0,-6.5,-6.5,-6.0,-5.5,-5.0,-5.0,-4.5,-4.5,-4.5,-4.5,-4.5,-4.5,-4.5,-4.5,-5.0,-5.0,-5.0,-4.5,-4.0,-3.0,-2.5,-1.5,-1.0,-0.5,0.0,0.5,1.0,1.5,1.5,2.0,1.5,1.5,1.0,0.5,0.0,-0.5,-0.5,-1.0,-1.0,-1.5,-1.5,-1.5,-1.5,-1.0,0.0,0.0
44.0,43.5,43.0,42.5,42.0,41.5,41.0,40.5,40.5,40.0,40.0,39.5,39.0,38.5,38.0,37.5,37.5,37.5,38.0,38.5,39.0,40.0,41.0,42.0,43.0,43.5,44.0,44.5,44.5,45.0,45.5,45.5,45.5,46.0,46.0,46.0,45.5,45.0,45.0,44.5,44.0,43.5,43.0,43.0,42.5,42.0,42.0,42.0,42.0,42.0,42.0,42.0,42.5,42.5,42.5,43.0,43.0,43.0,43.0,42.5,42.5,42.5,42.0,42.0,42.0,41.5,41.5,42.0,42.0,42.5,43.0,43.0,43.5,44.0,44.0,44.0,44.5,44.5,44.5,44.5,44.0,43.5,43.0,42.5,42.0,42.0,41.5,41.5,41.5,41.5,41.5,42.0,42.0,42.5,42.5,43.0,43.0,43.0,43.0,43.0,42.5,42.0,41.5,41.0,41.0,40.5,40.5,40.5,40.5,40.5,41.0,41.5,42.0,42.5,43.0,43.5,44.0,44.0,44.0,44.0,43.5,43.0,42.5,42.0,42.0,42.0,42.0,42.0,42.0,42.0,42.5,42.5,43.0,43.5,44.0,44.5,45.0,45.5,46.0,46.0,46.0,45.5,45.5,45.0,44.0,43.5,43.0,42.5,42.0,42.0,42.0,42.0,42.5,43.0,43.0,43.5,43.5,43.0,43.0,42.5,42.5,42.0,41.5,41.0,40.5,40.5,40.0,40.0,40.0,40.5,40.5,41.5,42.0,42.5,42.5,42.5,42.5,42.5,42.0,42.0,41.5,41.5,41.5,41.5,41.5,42.0,42.5,42.5,42.5,43.0,43.0,43.5,44.0,44.0,44.5,45.0,45.0,45.0,45.0,44.5,44.0,43.5,43.5,43.0,43.0,42.5,42.0,42.0,41.5,41.5,41.5,42.0,42.5,43.0,43.5,43.5,43.5,43.5,43.5,43.5,43.0,43.0,42.5,42.5,42.5,42.5,42.5,42.5,42.5,43.0,43.0,43.5,44.0,44.5,44.5,45.0,45.0,45.0,45.0,45.0,44.5,44.0,44.0,43.5,43.0,42.5,42.5,42.0,42.0,42.0,42.5,43.0,43.5,43.5,44.0,44.0,44.0,43.5,43.5,43.5,43.5,43.5,43.0,43.0,42.5,42.0,42.0,42.0,42.5,42.5,43.0,43.0,43.5,43.5,44.0,44.5,45.0,45.5,46.0,46.0,45.5,45.0,44.5,44.5,44.0,43.5,43.5,43.5,43.5,43.5,43.5,43.5,43.5,43.5,43.5,43.5,44.0,44.0,44.0,44.0,43.5,43.5,43.0,43.0,42.5,42.5,42.0,42.0,42.0,42.5,42.5,43.0,43.5,43.5,44.0,44.0,44.0,43.5,43.5,43.0,0.0,0.0
69.0,69.0,69.0,69.0,68.5,68.5,68.0,68.0,67.5,67.5,67.5,67.5,67.5,68.0,68.0,68.5,69.0,69.0,69.0,69.0,69.0,68.5,68.0,67.5,67.5,67.0,67.0,66.5,66.5,66.0,66.0,66.0,66.0,66.0,66.5,67.0,67.5,68.0,68.5,69.0,69.0,69.0,69.0,69.0,68.5,68.5,68.5,68.0,68.0,67.5,67.0,67.0,67.0,67.5,68.0,68.0,68.5,68.5,69.0,69.5,69.5,70.0,70.0,70.0,69.5,69.0,69.0,68.5,68.0,67.5,67.5,67.5,67.5,67.5,68.0,68.0,68.5,69.0,69.0,69.5,69.5,70.0,70.0,70.0,69.5,69.5,69.0,68.5,67.5,67.5,67.0,67.0,67.5,67.5,68.0,68.5,69.0,69.0,69.5,69.5,69.5,69.5,69.5,69.5,69.5,69.0,68.5,68.5,68.0,67.5,67.5,67.5,68.0,68.0,68.5,68.5,68.5,68.5,68.5,68.5,68.5,68.5,68.5,68.0,67.5,67.5,67.0,66.5,66.5,66.0,66.0,66.0,66.0,66.0,66.0,66.5,66.5,67.0,67.0,67.0,67.0,67.5,67.5,67.5,67.0,67.0,66.5,66.0,66.0,66.0,66.0,66.5,67.5,68.0,69.0,69.5,70.5,71.5,72.0,73.0,73.0,73.5,73.0,73.0,72.5,72.0,72.0,71.5,71.0,71.0,71.0,71.5,71.5,71.5,71.5,71.5,71.5,71.5,71.5,71.0,71.0,71.0,71.0,71.0,70.5,70.5,70.5,70.0,69.5,69.0,68.5,68.5,68.5,69.0,69.0,69.5,70.0,70.5,71.0,71.5,71.5,71.0,70.5,70.0,70.0,69.5,69.5,69.5,69.5,69.5,69.5,69.5,69.5,70.0,70.5,71.0,71.5,72.0,72.5,72.5,72.5,72.5,72.0,72.0,71.5,71.0,70.0,70.0,69.5,69.5,69.0,69.5,69.5,69.5,70.0,70.5,70.5,70.0,69.5,69.0,67.5,66.0,64.5,62.0,59.5,57.0,54.5,52.5,50.5,49.0,48.0,47.5,48.0,49.0,50.5,53.0,55.5,59.5,63.5,68.5,74.0,80.5,87.0,94.0,101.0,107.0,113.0,118.5,124.0,129.0,134.0,138.5,143.0,146.0,148.5,150.5,152.0,153.0,153.5,153.0,152.0,149.5,146.0,142.0,137.0,132.0,126.5,121.0,115.0,109.5,104.5,99.5,95.0,90.5,87.0,83.5,81.0,79.5,78.0,77.0,76.0,75.5,75.0,75.0,74.5,74.5,74.0,74.0,74.0,73.5,73.0,73.0,72.5,72.0,72.0,72.0,72.0,72.5,72.5,72.5,0.0,0.0
53.5,53.5,53.5,53.5,53.0,53.0,52.5,52.0,51.5,51.0,51.0,51.0,51.0,51.5,52.0,52.5,53.0,54.0,54.5,54.5,54.5,54.5,54.0,53.5,53.5,53.0,53.0,53.0,52.5,52.5,52.5,52.5,52.5,52.5,53.5,54.0,54.5,54.5,55.0,55.0,55.0,55.0,55.0,55.0,55.0,55.0,54.5,54.5,54.0,54.0,54.0,54.0,54.0,54.0,54.0,54.5,54.5,54.5,54.5,54.5,54.5,55.0,55.0,55.0,54.5,54.5,54.5,54.0,54.0,53.5,53.5,53.5,53.5,54.0,54.0,54.5,55.0,55.5,56.0,56.0,56.5,56.5,56.0,56.0,55.5,55.0,55.0,55.0,55.0,55.0,54.5,54.5,54.5,55.0,55.5,55.5,55.5,56.0,56.0,55.5,55.5,55.0,55.0,54.5,54.0,53.5,53.0,52.5,52.0,52.0,51.5,51.5,51.0,51.0,51.5,51.5,52.0,52.5,53.0,53.5,54.0,54.0,54.0,54.0,53.5,53.5,53.0,53.0,53.0,53.0,53.5,53.5,54.0,54.5,55.0,55.5,56.5,57.5,58.0,58.0,58.5,58.5,58.0,58.0,57.5,57.5,57.0,56.5,56.0,55.5,55.5,55.0,55.0,55.5,55.5,56.0,56.5,57.5,57.5,57.5,57.5,57.5,57.5,57.0,57.0,56.5,56.5,56.5,56.0,56.0,55.5,55.5,55.5,56.0,56.0,56.5,57.0,57.0,57.0,57.0,56.5,56.5,56.0,55.5,55.0,54.5,54.0,54.0,53.5,53.5,53.0,53.0,53.5,53.5,53.5,53.5,54.0,54.0,54.5,54.5,54.5,54.5,54.0,54.0,54.0,53.5,53.0,52.5,51.5,50.5,49.5,48.0,46.5,45.0,43.0,41.0,39.5,38.0,37.0,36.0,35.0,35.0,34.5,34.5,35.0,36.0,38.0,41.0,45.0,49.5,55.0,61.5,68.5,76.5,84.0,91.5,99.0,106.0,113.0,119.5,126.0,132.0,136.5,140.0,142.5,144.0,144.5,144.5,143.5,141.5,138.5,134.0,129.0,124.0,118.5,113.5,108.0,103.0,97.5,92.5,88.0,83.5,79.0,75.5,72.0,69.0,66.0,63.5,61.5,60.5,59.5,59.0,59.0,59.0,59.5,59.5,60.0,60.0,60.0,60.0,59.5,59.5,59.0,58.5,58.0,57.5,57.0,56.5,56.0,56.0,55.5,55.5,55.5,55.5,55.5,56.0,56.0,56.5,56.5,57.0,57.0,57.0,57.0,56.5,56.5,56.0,55.5,55.0,54.0,53.5,53.0,52.5,52.0,51.5,51.0,50.5,50.0,49.5,49.5,50.0,0.0,0.0
58.5,59.0,59.0,59.0,59.5,59.5,60.0,60.0,60.0,60.0,60.0,60.0,60.0,60.0,60.0,60.0,60.5,60.5,61.0,61.0,61.5,62.0,62.5,62.5,62.5,62.5,62.5,62.5,62.5,62.0,61.0,60.5,60.0,60.0,60.0,59.5,59.5,59.5,59.5,60.0,60.0,60.5,61.0,61.5,62.0,62.5,63.5,63.5,64.0,64.0,64.0,64.0,64.0,64.0,63.5,63.5,63.5,64.0,64.0,64.5,64.5,65.0,65.0,65.5,65.5,66.0,66.0,66.0,66.0,66.0,65.5,65.5,65.0,65.0,64.5,64.5,64.5,64.0,64.0,64.5,64.5,65.0,65.5,66.0,66.0,66.5,66.5,66.5,66.0,66.0,65.5,65.0,64.5,64.5,64.5,64.5,64.5,64.5,64.5,65.0,65.5,66.0,66.5,67.0,67.0,67.0,67.5,67.5,67.0,67.0,66.5,66.0,66.0,65.5,65.0,64.5,64.5,64.5,64.5,65.0,65.5,66.5,67.0,67.5,67.5,67.5,67.5,67.5,67.0,66.5,66.0,66.0,65.5,65.0,64.5,64.0,63.5,63.0,63.0,62.5,63.0,63.0,63.0,63.5,63.5,63.5,64.0,64.0,64.0,64.0,64.0,64.0,63.5,63.5,63.5,63.5,63.5,64.0,64.0,64.5,65.0,65.5,66.0,67.0,68.0,69.0,69.5,70.0,70.0,70.0,70.0,69.5,69.0,69.0,68.5,68.0,68.0,67.5,67.5,67.5,67.5,67.5,68.0,68.0,68.0,68.5,69.0,69.5,69.5,70.0,69.5,69.5,69.0,69.0,69.0,69.0,69.0,69.0,69.0,69.0,69.5,69.5,70.0,70.0,70.0,70.5,70.5,70.5,70.5,70.5,70.5,70.0,70.0,69.5,69.5,69.5,69.5,69.5,69.5,69.5,70.0,70.5,71.0,71.5,72.0,72.5,72.5,72.5,72.5,72.0,72.0,71.5,71.5,71.0,71.0,71.0,71.0,71.0,71.0,71.0,71.0,71.0,70.5,70.0,69.5,68.5,67.0,65.0,63.0,60.5,58.5,56.5,54.5,52.5,51.5,50.5,50.0,50.0,51.0,53.0,55.5,59.0,63.5,69.0,75.5,83.0,91.5,100.0,108.0,115.5,123.0,130.5,137.5,144.5,150.5,155.0,158.5,161.0,162.5,163.0,163.0,162.5,161.0,158.0,154.5,150.0,144.5,139.0,133.5,128.0,122.0,116.5,111.0,105.5,100.5,96.0,91.5,88.0,85.0,82.5,80.5,79.0,78.0,77.5,77.0,76.5,76.5,76.0,75.5,75.0,74.5,74.5,74.0,73.5,73.0,72.5,72.5,72.0,72.0,72.0,0.0,0.0
-13.0,-13.0,-13.5,-14.0,-14.0,-14.0,-14.0,-13.5,-13.0,-12.5,-12.0,-12.0,-11.5,-12.0,-12.0,-12.0,-12.0,-12.5,-13.0,-13.0,-13.5,-13.5,-14.0,-14.0,-14.0,-13.5,-13.0,-12.5,-12.0,-11.0,-10.5,-10.0,-10.0,-9.5,-9.5,-9.0,-9.0,-9.5,-9.5,-9.5,-10.0,-10.0,-10.5,-11.0,-11.5,-11.5,-12.0,-12.0,-12.0,-11.5,-11.0,-10.5,-10.5,-10.0,-9.5,-9.5,-10.0,-10.0,-10.5,-11.0,-11.5,-11.5,-12.0,-12.0,-12.0,-12.0,-12.0,-11.5,-11.0,-10.5,-10.5,-10.0,-10.0,-10.0,-10.0,-10.0,-10.0,-10.0,-10.0,-10.5,-10.5,-10.5,-10.5,-10.5,-10.0,-10.0,-10.0,-9.5,-9.0,-9.0,-8.5,-8.0,-8.0,-8.0,-8.0,-8.5,-8.5,-9.0,-9.0,-9.0,-9.5,-9.5,-9.5,-10.0,-10.0,-10.0,-9.5,-9.5,-9.0,-8.5,-8.0,-8.0,-8.0,-8.0,-7.5,-7.5,-7.5,-7.5,-8.0,-8.0,-8.0,-8.0,-8.0,-8.0,-8.0,-8.0,-7.5,-7.5,-7.0,-6.5,-6.0,-6.0,-5.5,-5.5,-5.5,-5.5,-5.5,-5.5,-6.0,-6.0,-6.5,-6.5,-6.5,-6.5,-6.5,-6.5,-6.0,-6.0,-5.5,-5.5,-5.0,-5.0,-4.5,-4.5,-4.5,-5.0,-5.0,-5.5,-6.0,-6.0,-6.5,-6.5,-7.0,-7.0,-7.0,-6.5,-6.5,-6.0,-5.5,-5.5,-5.0,-4.5,-4.5,-4.5,-4.5,-4.5,-4.5,-5.0,-5.0,-5.5,-5.5,-6.0,-6.0,-6.0,-6.0,-5.5,-5.0,-5.0,-5.0,-4.5,-4.5,-4.0,-4.0,-4.0,-4.0,-4.0,-4.5,-4.5,-5.0,-5.0,-5.5,-5.5,-6.0,-6.0,-6.0,-6.0,-6.0,-5.5,-5.0,-5.0,-4.5,-4.0,-3.5,-3.0,-3.0,-3.0,-3.0,-3.5,-4.0,-4.5,-5.0,-5.0,-5.5,-5.5,-5.0,-5.0,-4.5,-4.0,-3.5,-3.0,-2.5,-2.5,-2.0,-2.0,-2.0,-2.0,-2.5,-3.0,-3.0,-3.5,-4.0,-4.0,-4.5,-4.5,-4.5,-4.5,-4.5,-4.0,-3.5,-2.5,-2.0,-1.0,-0.5,-0.5,0.0,-0.5,-0.5,-1.0,-1.5,-1.5,-2.0,-2.5,-2.5,-2.5,-3.0,-3.0,-3.0,-3.0,-3.0,-2.5,-2.5,-2.0,-2.0,-1.5,-1.5,-2.0,-2.0,-2.5,-3.0,-3.5,-4.5,-5.0,-5.5,-6.0,-6.0,-6.0,-5.5,-5.5,-5.0,-5.0,-4.5,-4.0,-3.5,-3.5,-3.5,-3.0,-3.5,-3.5,-4.0,-4.5,-5.0,-5.5,-6.0,-6.5,-7.0,-7.0,-7.0,-6.5,-6.5,-6.5,-6.5,-6.0,-5.5,-4.0,-3.0,-1.5,-0.5,1.0,2.0,2.5,0.0,0.0
21.0,21.5,22.0,22.0,22.5,22.5,22.0,22.0,21.5,21.0,21.0,20.5,20.0,20.0,20.0,20.5,20.5,20.5,21.0,21.0,21.5,22.0,22.0,22.0,22.5,22.5,22.0,22.0,22.0,21.5,21.5,21.5,21.5,21.5,21.5,21.5,22.0,22.0,22.0,22.5,22.5,23.0,23.5,23.5,24.0,24.0,24.0,24.0,24.0,23.5,23.0,23.0,22.5,22.5,22.5,22.5,22.5,23.0,23.5,24.0,24.0,24.0,24.0,24.0,24.0,24.0,24.0,23.5,23.5,23.0,23.0,23.0,23.0,23.0,23.0,23.5,23.5,23.5,24.0,24.5,24.5,25.0,25.5,25.5,26.0,26.0,26.0,25.5,25.5,25.0,24.5,24.0,23.5,23.0,23.0,23.0,23.0,23.0,23.5,24.0,24.5,25.0,26.0,26.0,26.5,26.5,26.5,26.5,26.0,26.0,25.5,25.5,25.5,25.5,25.5,25.5,26.0,26.5,26.5,27.0,27.0,27.0,27.0,27.0,26.5,26.5,26.5,26.0,26.0,25.5,25.0,24.5,24.0,23.5,23.0,23.0,23.0,23.0,23.5,23.5,24.0,24.0,24.5,24.5,24.5,24.5,24.5,24.5,24.0,24.0,23.5,24.0,24.0,24.0,24.5,25.0,26.0,26.5,27.5,28.0,28.5,29.0,29.0,29.0,29.0,29.0,28.5,28.5,28.5,28.0,27.5,27.0,26.5,26.0,25.5,25.0,25.0,25.5,26.0,26.5,27.0,27.0,27.5,27.5,27.5,27.5,27.5,27.5,27.0,26.5,26.0,25.5,25.5,25.5,25.0,25.0,25.5,26.0,26.5,26.5,27.0,27.5,28.0,28.0,28.5,28.5,28.5,28.5,28.0,28.0,27.5,27.5,27.0,27.0,27.0,27.0,27.0,27.0,27.5,27.5,28.0,28.5,28.5,29.0,29.0,29.5,29.5,29.0,29.0,28.5,28.0,27.5,26.5,25.5,24.5,23.0,21.5,20.0,18.5,16.5,14.5,13.0,11.5,10.5,10.0,9.5,9.5,9.5,10.5,11.5,13.5,16.5,20.5,25.5,31.0,37.5,45.0,53.0,60.5,68.0,75.0,82.0,89.0,96.0,102.5,108.0,113.0,116.5,118.5,119.5,120.0,120.0,118.5,116.5,113.0,109.0,104.5,99.5,94.0,88.5,83.0,77.5,72.5,67.0,62.5,58.0,53.5,49.5,46.0,42.5,40.0,37.5,35.5,34.5,33.0,32.0,31.5,31.0,30.5,29.5,29.0,28.5,27.5,27.5,27.0,27.0,27.5,28.0,28.5,29.5,30.5,31.0,31.0,31.5,31.5,31.5,31.5,31.5,31.0,31.0,0.0,0.0
-3.0,-3.5,-3.5,-3.5,-3.5,-3.0,-2.5,-1.5,-1.0,-1.0,-1.0,-1.0,-1.5,-2.0,-2.5,-3.0,-4.0,-4.5,-5.0,-5.0,-5.0,-4.5,-4.0,-3.5,-3.0,-2.5,-2.0,-1.5,-1.5,-1.5,-1.5,-2.0,-2.5,-2.5,-3.0,-4.0,-4.0,-4.5,-4.5,-5.0,-4.5,-4.5,-4.5,-4.0,-4.0,-4.0,-4.0,-4.0,-4.0,-4.0,-4.0,-3.5,-3.5,-3.5,-4.0,-4.5,-5.0,-5.5,-6.0,-6.0,-6.5,-6.5,-6.5,-6.5,-6.5,-7.0,-7.0,-8.0,-9.0,-10.0,-12.0,-13.5,-16.0,-18.0,-20.0,-21.5,-23.0,-24.5,-25.5,-26.0,-26.0,-25.0,-23.5,-20.5,-17.0,-12.5,-7.5,-1.5,5.5,12.5,20.0,27.0,33.5,39.5,45.0,50.5,55.5,60.5,65.0,69.0,71.5,73.0,74.0,74.5,74.5,74.5,73.5,72.0,69.0,66.0,62.0,57.5,52.5,47.5,42.0,37.0,31.5,26.5,22.0,18.0,14.0,10.5,7.5,4.5,2.5,1.0,0.5,0.0,0.0,-0.5,-0.5,-1.0,-1.5,-2.0,-2.5,-2.5,-3.0,-3.5,-3.5,-4.0,-4.5,-4.0,-4.0,-3.5,-3.0,-2.5,-2.5,-2.0,-2.0,-2.5,-3.0,-3.0,-3.5,-4.0,-4.5,-5.0,-5.5,-5.5,-5.5,-5.5,-5.5,-5.5,-5.5,-5.5,-5.0,-5.0,-5.0,-4.5,-4.5,-5.0,-5.0,-5.0,-5.5,-5.5,-6.0,-6.5,-7.0,-7.0,-7.0,-7.0,-7.0,-7.0,-6.5,-6.0,-5.5,-4.5,-3.5,-3.0,-2.5,-2.0,-2.0,-2.0,-2.0,-2.5,-2.5,-3.0,-3.0,-3.5,-4.0,-4.0,-4.5,-5.0,-5.0,-5.0,-5.0,-4.5,-4.0,-4.0,-4.0,-4.0,-3.5,-3.5,-4.0,-4.0,-4.5,-5.0,-5.0,-5.5,-6.0,-6.0,-6.0,-6.0,-6.0,-5.5,-5.0,-5.0,-4.5,-4.0,-4.0,-4.0,-4.0,-4.0,-4.0,-4.0,-4.0,-4.5,-5.0,-5.5,-6.0,-6.5,-6.5,-6.5,-6.5,-6.5,-6.0,-6.0,-6.0,-5.5,-5.5,-6.0,-6.0,-6.0,-6.0,-6.0,-6.5,-6.5,-6.5,-6.5,-6.5,-6.5,-6.5,-6.0,-6.0,-5.5,-5.5,-5.5,-5.0,-5.0,-5.0,-5.0,-4.5,-4.5,-4.0,-4.5,-4.5,-5.0,-5.5,-5.5,-5.5,-5.5,-5.5,-5.0,-5.0,-4.5,-4.0,-3.5,-3.5,-3.0,-3.0,-2.5,-3.0,-3.5,-4.5,-5.5,-6.5,-7.5,-9.0,-10.0,-11.0,-11.5,-12.0,-11.5,-11.0,-10.0,-8.5,-7.0,-5.5,-4.5,-3.0,-2.0,-1.0,-0.5,0.0,0.0,0.0,0.0,-0.5,-1.0,-1.5,-2.0,0.0,0.0
55.0,54.5,54.5,54.5,54.5,54.5,54.0,54.0,54.0,54.0,54.0,53.5,53.5,53.5,54.0,54.5,55.0,55.0,55.5,56.0,56.0,56.0,55.5,55.0,54.5,54.0,54.0,53.5,53.5,53.0,53.0,53.0,53.0,53.5,53.5,53.5,53.5,54.0,54.0,54.0,54.0,54.0,53.5,53.0,52.5,52.0,51.5,51.0,50.5,50.0,49.5,49.5,49.5,50.0,50.0,50.5,51.0,51.0,51.5,51.5,52.0,52.0,51.5,51.5,51.0,50.0,49.5,49.5,49.5,49.0,49.5,49.5,50.0,50.5,51.0,51.5,51.5,51.5,52.0,52.0,51.5,51.5,51.5,51.5,51.0,51.0,50.5,50.0,50.0,49.5,49.5,49.5,49.5,49.5,50.0,50.0,50.0,50.5,50.5,50.5,50.0,49.5,49.0,48.5,48.0,47.5,47.5,47.0,47.5,48.0,48.5,49.0,49.5,49.5,49.5,49.5,49.5,49.5,49.5,49.5,49.0,49.0,48.5,48.0,47.5,47.5,47.5,48.0,48.0,48.0,48.0,48.0,48.0,48.0,48.0,48.0,48.0,48.0,47.5,47.5,47.5,47.5,47.5,47.5,47.0,47.0,47.5,47.5,48.0,48.0,48.0,48.5,48.5,49.0,49.0,49.5,49.5,50.0,50.0,50.0,49.5,49.0,48.5,47.5,47.0,46.0,46.0,45.5,45.5,45.0,45.0,44.5,44.5,44.5,44.5,44.5,45.0,45.5,46.0,46.0,46.0,46.0,46.0,45.5,45.5,45.0,44.5,44.0,44.0,44.0,43.5,43.5,44.0,44.0,44.5,44.5,45.0,45.5,46.0,46.0,46.5,46.0,46.0,45.5,45.5,45.5,45.5,46.0,46.0,46.5,47.0,47.5,48.0,48.5,49.0,49.0,49.5,49.5,49.5,50.0,50.0,50.0,50.0,49.0,48.5,48.0,47.5,47.0,46.5,46.5,46.0,46.0,46.5,46.5,46.5,47.0,47.0,47.5,47.5,47.5,47.5,47.5,47.5,47.0,46.5,46.0,46.0,45.5,45.5,45.5,45.5,45.5,45.5,45.5,46.0,46.0,46.0,46.5,46.5,46.5,46.5,46.5,46.0,46.0,45.5,45.0,44.5,44.0,44.0,44.0,44.5,44.5,45.0,45.5,45.5,46.0,46.5,46.5,46.5,46.5,46.0,46.0,45.0,44.5,44.0,43.0,42.5,42.5,42.5,43.0,43.0,43.5,44.5,45.0,45.5,46.0,46.0,46.0,46.0,46.0,45.5,45.5,45.0,44.5,44.0,43.5,43.0,43.0,42.5,43.0,43.0,43.5,44.0,44.0,44.5,45.0,45.5,45.5,46.0,46.0,0.0,0.0
36.5,36.0,36.0,35.5,35.5,35.5,36.0,36.0,36.0,36.0,35.5,35.0,34.0,32.0,30.5,28.0,25.5,23.0,20.5,18.5,17.0,15.5,14.5,14.5,14.5,15.0,16.5,18.5,21.5,25.5,30.5,36.0,42.5,49.0,56.5,64.0,71.0,77.5,84.0,89.5,95.5,101.0,106.0,110.5,114.0,116.0,117.5,118.0,118.0,118.0,117.5,116.0,113.5,110.0,106.0,101.5,96.0,90.5,85.0,79.0,73.5,68.5,63.5,59.0,54.5,51.0,47.5,45.0,43.0,41.0,40.0,39.0,38.5,38.0,38.0,38.0,38.0,37.5,37.5,37.0,37.0,36.5,36.0,36.0,35.5,35.5,35.5,35.5,35.5,35.5,35.5,36.0,36.0,36.0,36.0,36.0,36.0,35.5,35.5,35.0,35.0,34.5,34.5,34.0,33.5,33.5,33.0,33.0,33.0,33.5,33.5,33.5,34.0,34.0,34.0,34.5,34.0,34.0,33.5,33.5,33.5,33.0,33.0,33.0,33.0,33.5,33.5,34.0,34.5,35.0,35.5,36.0,36.0,36.0,36.0,36.0,36.0,36.0,35.5,35.5,35.0,34.5,34.5,34.5,34.5,34.5,35.0,35.0,35.0,35.0,35.5,35.5,36.0,36.0,36.5,36.5,36.5,36.0,36.0,35.5,35.5,35.0,35.0,34.5,34.5,34.5,34.5,34.5,35.0,35.5,36.0,36.5,36.5,37.0,37.0,37.0,37.0,37.0,37.0,36.5,36.5,36.0,35.5,35.0,35.0,34.5,34.5,35.0,35.0,35.5,35.5,36.0,36.0,36.5,36.5,37.0,37.0,36.5,36.5,36.0,35.5,35.0,35.0,35.0,35.0,35.5,35.5,36.0,36.5,37.0,37.5,38.0,38.0,38.5,38.5,38.5,38.5,38.0,38.0,37.5,37.0,37.0,37.0,36.5,36.5,36.5,36.5,36.5,37.0,37.0,37.5,37.5,38.0,38.0,38.0,38.0,37.5,37.5,37.0,37.0,36.5,36.0,36.0,36.0,35.5,35.5,35.5,35.5,36.0,36.5,37.0,37.5,38.0,38.5,38.5,39.0,39.0,39.5,39.5,39.5,39.5,39.5,39.0,38.5,38.5,38.0,38.0,38.0,38.0,38.0,38.5,39.0,39.5,39.5,40.0,40.0,39.5,39.5,39.0,38.5,38.5,38.0,37.5,37.0,37.0,37.0,37.0,37.0,37.5,38.0,39.0,39.5,39.5,40.0,40.0,40.0,40.0,40.0,39.5,39.5,39.0,39.0,39.0,39.0,39.0,39.0,39.0,39.0,39.5,39.5,39.5,39.5,39.5,39.0,38.5,38.0,37.5,36.5,35.5,34.5,0.0,0.0
44.5,44.5,45.0,45.0,45.5,45.5,46.0,45.5,45.5,45.0,44.5,44.0,44.0,43.5,43.5,43.5,43.5,44.0,44.0,44.5,44.5,45.0,45.5,46.0,46.5,46.5,46.5,46.5,46.5,46.0,46.0,45.5,45.5,45.0,45.0,44.5,44.5,44.5,45.0,45.5,45.5,46.0,46.0,46.5,46.5,46.5,46.5,46.5,46.0,45.5,45.5,45.0,44.5,44.0,43.5,43.0,43.0,43.0,43.5,43.5,44.0,44.5,44.5,45.0,45.0,45.0,45.0,45.0,45.0,45.0,44.5,44.5,44.0,44.0,43.5,43.5,43.5,43.5,43.5,43.5,43.5,44.0,44.0,44.0,44.0,44.0,44.0,43.5,43.0,42.5,42.0,41.0,40.0,39.5,39.0,38.5,38.5,38.5,38.5,39.0,39.0,39.5,39.5,40.0,40.5,40.5,40.5,40.5,40.5,40.5,40.5,41.0,41.0,41.0,41.0,41.0,41.0,41.5,42.5,43.0,43.5,44.0,44.0,44.5,44.5,45.0,45.0,45.0,44.5,44.0,43.5,43.0,42.0,41.5,41.0,41.0,40.5,40.5,41.0,41.0,41.5,42.0,42.0,42.5,43.0,43.0,43.5,43.5,43.5,43.5,43.0,43.0,43.0,43.0,43.0,43.0,43.0,43.5,43.5,44.0,44.5,45.0,45.0,45.5,46.0,45.5,45.5,45.0,44.5,44.0,43.5,43.0,42.5,42.0,42.0,42.0,41.5,41.5,42.0,42.0,42.5,42.5,43.0,43.0,43.5,43.5,43.0,43.0,43.0,42.5,42.0,41.5,41.0,40.5,40.0,39.0,38.5,37.5,36.5,35.5,34.0,33.0,31.5,30.0,28.5,27.0,26.0,25.0,24.5,24.5,24.5,25.5,27.0,29.0,32.0,36.0,40.5,46.0,52.5,59.5,67.0,74.0,81.0,87.5,94.0,100.5,106.5,111.5,116.0,119.0,121.0,122.0,122.5,122.5,122.0,121.5,120.0,117.5,114.5,111.0,107.0,102.5,97.5,92.5,88.0,83.0,78.5,74.0,69.5,65.0,61.0,57.5,54.0,51.5,49.5,48.0,47.5,47.5,47.5,47.5,47.5,48.0,48.0,48.5,48.5,48.0,48.0,47.5,47.0,47.0,46.5,46.0,46.0,45.5,45.0,45.0,44.5,44.5,44.5,44.5,45.0,45.0,45.0,45.0,45.0,45.0,45.0,44.5,44.5,44.5,44.0,44.0,43.5,43.5,43.0,43.0,43.0,43.0,43.0,43.5,43.5,44.0,44.0,44.0,44.0,43.5,43.5,43.5,43.5,43.0,42.5,42.0,41.5,41.5,41.5,41.5,41.5,41.5,42.0,42.5,0.0,0.0
66.0,66.5,67.0,67.0,67.5,68.0,68.0,68.0,68.0,68.0,68.0,67.5,67.5,67.0,67.0,67.0,66.5,66.5,66.5,66.5,67.0,67.0,67.5,68.0,68.5,68.5,68.5,68.5,68.5,68.5,68.5,68.0,68.0,67.5,67.5,67.5,67.0,67.0,66.5,66.5,66.5,67.0,67.0,67.5,68.0,68.0,68.5,68.5,68.5,68.0,68.0,68.0,67.5,67.5,67.0,66.5,66.5,66.5,66.5,66.5,67.0,67.0,67.5,68.0,68.5,69.0,69.5,69.5,70.0,70.0,69.5,69.0,69.0,68.5,68.0,67.5,67.0,66.5,66.5,66.5,66.5,67.0,67.0,67.5,67.5,67.5,67.5,67.5,67.5,67.0,66.5,66.5,66.0,65.5,65.5,65.0,64.5,64.0,64.0,64.0,64.0,64.0,64.5,64.5,65.0,65.5,65.5,65.5,65.5,65.5,65.0,64.5,64.0,63.5,63.0,62.5,62.0,61.5,61.0,60.5,60.0,60.5,61.0,62.0,63.0,64.0,65.0,66.0,67.0,67.5,68.0,68.5,68.5,68.5,68.5,68.5,69.0,69.0,69.0,69.5,69.5,69.5,69.5,70.0,70.5,71.0,71.0,71.5,71.0,70.5,70.0,69.5,68.5,67.5,67.0,66.5,66.0,66.0,66.0,66.5,67.0,67.5,68.0,68.0,68.5,69.0,69.5,69.5,69.5,69.5,69.5,69.0,68.5,68.5,68.0,68.0,67.5,67.5,67.5,67.5,67.5,68.0,68.0,68.5,69.0,69.0,69.5,69.5,69.5,69.5,69.0,68.5,68.0,67.5,67.5,67.0,67.0,67.0,67.0,67.0,67.0,67.0,67.5,67.5,68.0,68.0,68.5,68.0,68.0,67.5,67.0,66.5,65.5,64.5,63.0,61.0,58.5,56.0,54.0,52.0,50.0,49.0,48.5,48.0,48.0,48.5,49.0,50.0,51.5,53.5,56.0,59.0,63.0,68.0,73.5,79.5,86.5,93.5,100.0,106.5,112.5,118.0,123.5,129.0,134.0,138.0,141.0,143.0,144.0,144.5,144.0,143.0,141.0,138.5,135.5,131.5,127.5,123.0,118.5,113.5,109.0,104.5,100.0,95.5,91.5,88.0,84.5,81.0,78.0,75.5,73.5,71.5,70.0,69.0,68.0,67.0,66.5,66.0,65.5,65.0,64.5,64.5,64.5,65.0,65.0,65.0,65.0,64.5,64.5,64.0,63.5,62.5,62.0,61.5,61.0,60.5,60.5,60.0,60.5,60.5,61.0,61.0,61.5,61.5,62.0,62.0,62.5,63.0,63.5,63.5,64.0,64.0,64.0,64.0,63.5,63.5,63.0,62.5,62.5,62.0,0.0,0.0
45.0,45.0,45.0,45.0,45.0,45.5,46.0,46.5,47.0,47.0,47.0,47.0,47.0,46.5,46.5,46.5,46.5,46.0,46.0,45.5,45.5,45.0,44.5,44.5,45.0,45.0,45.5,46.0,46.0,46.5,46.5,47.0,47.0,47.0,46.5,46.5,46.0,45.5,45.5,45.0,45.0,45.0,45.0,45.5,45.5,45.5,45.5,46.0,46.0,46.0,46.5,46.5,47.0,47.0,47.0,46.5,46.5,46.0,46.0,45.5,45.5,45.5,45.5,45.5,46.0,46.0,46.5,47.0,47.5,47.5,48.0,48.0,48.5,48.5,48.0,48.0,47.5,47.0,46.5,46.5,46.0,46.0,46.0,46.0,46.5,46.5,47.0,47.0,47.5,47.5,47.5,47.5,48.0,47.5,47.5,47.0,47.0,46.5,46.0,46.0,45.5,45.5,45.5,45.5,45.5,46.0,46.5,47.0,47.5,48.0,48.0,47.5,47.5,47.5,47.0,47.0,46.5,46.5,46.0,46.0,46.0,46.0,46.0,46.0,46.5,46.5,46.5,46.5,46.5,47.0,47.5,47.5,47.5,47.5,47.5,47.0,46.5,46.5,46.0,45.5,45.0,44.5,44.5,44.5,44.5,45.0,45.0,45.5,46.0,46.5,47.0,47.5,48.0,48.0,48.0,47.5,47.0,46.5,46.0,45.5,45.5,45.5,45.5,45.5,46.0,46.5,47.0,47.5,48.0,48.5,49.0,49.0,49.0,49.0,48.5,48.0,48.0,47.5,47.0,46.5,46.0,45.5,45.5,45.0,45.0,45.5,45.5,46.0,46.5,47.0,47.0,47.5,47.5,47.5,47.5,47.5,47.5,47.0,46.5,46.5,46.0,45.5,45.5,45.5,45.5,45.5,46.0,46.0,46.5,46.5,47.0,47.0,47.0,47.0,46.5,46.0,45.5,44.5,44.0,43.5,43.0,43.0,43.0,43.0,42.5,42.5,42.5,43.0,43.0,43.0,43.0,43.0,42.5,42.0,42.0,41.5,41.0,41.0,40.5,40.0,40.0,39.5,39.5,39.5,40.0,40.5,41.0,41.5,42.0,43.0,43.5,44.5,45.0,45.5,46.0,46.0,45.5,45.5,45.0,44.5,44.5,44.0,44.0,44.0,44.0,44.0,44.0,44.0,43.5,43.0,42.5,42.0,41.5,41.0,41.0,41.0,41.5,42.0,43.0,44.0,45.0,45.5,46.5,47.0,47.5,48.0,48.5,48.5,48.5,48.5,48.5,48.0,47.5,47.0,46.5,45.5,45.0,44.5,44.5,44.0,44.0,43.5,43.5,43.5,44.0,44.0,44.5,44.5,45.0,45.0,45.0,45.0,45.0,44.5,44.0,43.5,43.5,43.0,42.5,42.0,0.0,0.0
27.5,27.5,27.5,27.0,26.5,26.0,25.5,25.0,25.0,25.5,25.5,25.5,25.5,26.0,26.0,26.0,26.0,26.0,26.0,26.5,26.5,27.0,27.0,27.0,26.5,26.5,26.0,26.0,26.0,25.5,25.5,25.5,25.5,26.0,26.5,26.5,26.5,27.0,27.0,27.0,26.5,26.5,26.0,25.5,25.0,24.5,24.0,24.0,24.0,24.5,25.0,26.0,26.5,28.0,29.0,30.0,30.5,31.0,31.5,32.0,32.5,33.0,33.0,32.5,32.0,31.0,30.0,29.0,28.5,28.0,27.5,27.0,27.0,27.5,28.0,28.5,29.0,29.5,30.0,30.5,30.5,31.0,31.0,31.0,30.5,30.5,30.0,29.5,29.0,28.5,28.0,28.0,28.0,28.0,28.5,29.0,29.5,29.5,30.0,30.0,30.0,30.0,29.5,29.0,28.5,28.0,27.5,27.0,26.5,26.5,27.0,27.0,27.5,28.0,28.0,28.0,28.5,28.5,28.5,28.5,28.5,29.0,29.5,29.5,29.5,29.5,29.0,28.5,28.0,28.0,27.5,27.5,27.0,27.0,27.0,27.5,27.5,28.0,28.0,28.0,27.5,27.0,26.5,26.0,26.0,25.5,25.0,24.5,24.5,24.0,24.0,24.0,24.0,24.5,25.0,26.0,26.5,27.5,28.0,28.0,28.5,28.5,28.5,28.5,29.0,29.0,29.0,29.0,29.0,29.0,28.5,28.5,28.5,28.5,29.0,29.0,29.5,29.5,30.0,30.0,30.0,30.0,30.0,29.5,29.0,28.5,28.0,28.0,28.0,28.0,28.0,28.0,28.0,28.5,29.0,29.5,30.0,30.5,31.0,31.0,31.0,31.0,31.0,30.5,30.0,29.5,29.0,28.0,27.5,27.0,26.5,26.5,26.5,26.5,26.5,27.0,27.0,27.5,28.0,28.5,29.0,29.0,29.5,29.5,29.0,28.5,28.0,27.0,26.0,25.5,24.5,24.5,24.0,24.0,24.5,25.0,25.5,26.0,26.5,26.0,25.0,23.5,21.5,19.0,15.5,12.5,9.5,7.0,5.5,4.0,3.0,2.5,2.5,2.5,3.5,5.0,7.5,11.0,15.0,20.0,25.5,31.0,38.0,45.0,52.0,59.0,65.0,71.0,76.5,81.5,86.5,90.5,94.0,97.0,99.0,100.0,101.0,101.0,101.0,100.0,98.5,96.5,93.5,89.5,85.0,80.0,75.0,69.5,64.0,59.0,54.0,49.5,45.0,41.5,38.5,35.5,33.0,31.0,29.0,28.0,27.0,26.5,26.0,25.5,25.0,24.5,24.0,23.0,23.0,22.5,22.5,22.5,22.0,22.0,21.5,22.0,22.0,22.0,22.0,22.0,0.0,0.0
5.5,5.5,6.0,7.5,8.5,10.0,11.0,12.0,13.0,13.0,13.5,13.5,13.5,13.0,13.0,13.0,13.5,13.5,13.5,13.5,13.0,12.5,11.5,11.0,10.0,9.5,9.5,9.0,9.0,9.0,9.0,9.0,9.0,9.5,10.0,10.0,10.0,10.5,10.5,11.0,11.0,11.0,11.0,11.0,10.5,10.5,10.0,9.5,9.0,8.5,8.5,8.5,8.5,8.5,8.5,9.0,9.5,9.5,10.0,10.5,10.5,10.0,9.5,9.0,9.0,8.5,8.0,8.0,7.5,7.5,7.5,7.5,7.5,7.5,7.5,7.5,7.5,7.5,7.5,8.0,8.0,8.0,7.5,7.0,6.5,5.5,4.5,3.0,1.0,-1.0,-3.0,-5.0,-6.5,-8.5,-10.0,-11.0,-11.5,-12.0,-12.5,-12.5,-12.5,-12.0,-11.0,-9.0,-6.5,-3.0,1.0,6.0,11.5,17.5,24.0,30.5,37.5,43.5,50.0,55.5,61.5,66.5,71.5,75.0,78.0,79.0,80.0,80.0,79.5,79.0,77.5,76.0,73.0,69.5,65.0,60.5,55.5,51.0,46.0,41.5,37.0,33.0,29.0,25.5,22.0,18.5,15.0,12.0,9.5,7.5,6.0,5.0,4.0,3.5,3.5,3.5,4.0,4.0,4.0,4.5,4.5,4.0,4.0,3.5,3.0,2.5,2.0,1.5,1.0,1.0,0.5,0.0,0.0,0.0,0.0,0.0,0.5,1.0,2.0,2.5,2.5,2.5,2.5,2.5,2.0,1.5,1.0,0.5,0.0,-0.5,-0.5,-1.0,-1.0,-0.5,-0.5,-0.5,-0.5,-0.5,0.0,0.0,-0.5,-0.5,-0.5,-0.5,-1.0,-1.5,-2.0,-2.5,-3.5,-4.0,-4.0,-4.5,-4.5,-4.5,-4.5,-4.5,-4.0,-3.5,-3.0,-2.5,-2.0,-1.5,-1.0,-0.5,-0.5,-0.5,-1.0,-1.5,-2.5,-3.0,-3.0,-3.0,-3.0,-3.0,-3.0,-3.0,-3.0,-2.5,-2.5,-2.0,-1.5,-1.5,-1.5,-1.5,-1.5,-2.0,-2.0,-2.5,-3.0,-3.5,-4.0,-4.0,-4.5,-4.5,-4.5,-4.5,-4.5,-4.0,-4.0,-3.5,-3.0,-3.0,-2.5,-2.5,-2.5,-2.5,-3.0,-3.5,-3.5,-4.0,-4.5,-4.5,-5.0,-5.0,-5.0,-5.0,-4.5,-4.5,-4.0,-4.0,-3.5,-3.0,-3.0,-2.5,-2.5,-3.0,-3.0,-3.5,-4.0,-4.5,-4.5,-5.0,-5.5,-6.0,-6.0,-6.0,-5.5,-5.0,-4.5,-4.0,-4.0,-3.5,-3.5,-3.5,-3.5,-4.0,-4.0,-4.5,-5.0,-5.5,-6.0,-6.0,-6.0,-6.0,-6.0,-6.0,-6.5,-6.5,-6.5,-6.5,-6.5,-6.0,-6.0,-6.0,0.0,0.0
13.5,13.0,13.0,12.5,12.5,12.5,13.0,13.0,13.0,13.0,12.5,12.0,12.0,11.5,11.5,11.0,10.5,10.0,9.5,9.0,8.5,8.0,8.0,7.5,7.0,6.5,6.5,6.5,6.0,6.0,5.5,5.5,5.5,5.5,6.0,7.5,8.5,10.0,11.0,12.0,13.0,13.0,13.5,13.5,13.5,13.0,13.0,13.0,13.5,13.5,13.5,13.5,13.0,12.5,11.5,11.0,10.0,9.5,9.5,9.0,9.0,9.0,9.0,9.0,9.0,9.5,10.0,10.0,10.0,10.5,10.5,11.0,11.0,11.0,11.0,11.0,10.5,10.5,10.0,9.5,9.0,8.5,8.5,8.5,8.5,8.5,8.5,9.0,9.5,9.5,10.0,10.5,10.5,10.0,9.5,9.0,9.0,8.5,8.0,8.0,7.5,7.5,7.5,7.5,7.5,7.5,7.5,7.5,7.5,7.5,7.5,8.0,8.0,8.0,7.5,7.0,6.5,5.5,4.5,3.0,1.0,-1.0,-3.0,-5.0,-6.5,-8.5,-10.0,-11.0,-11.5,-12.0,-12.5,-12.5,-12.5,-12.0,-11.0,-9.0,-6.5,-3.0,1.0,6.0,11.5,17.5,24.0,30.5,37.5,43.5,50.0,55.5,61.5,66.5,71.5,75.0,78.0,79.0,80.0,80.0,79.5,79.0,77.5,76.0,73.0,69.5,65.0,60.5,55.5,51.0,46.0,41.5,37.0,33.0,29.0,25.5,22.0,18.5,15.0,12.0,9.5,7.5,6.0,5.0,4.0,3.5,3.5,3.5,4.0,4.0,4.0,4.5,4.5,4.0,4.0,3.5,3.0,2.5,2.0,1.5,1.0,1.0,0.5,0.0,0.0,0.0,0.0,0.0,0.5,1.0,2.0,2.5,2.5,2.5,2.5,2.5,2.0,1.5,1.0,0.5,0.0,-0.5,-0.5,-1.0,-1.0,-0.5,-0.5,-0.5,-0.5,-0.5,0.0,0.0,-0.5,-0.5,-0.5,-0.5,-1.0,-1.5,-2.0,-2.5,-3.5,-4.0,-4.0,-4.5,-4.5,-4.5,-4.5,-4.5,-4.0,-3.5,-3.0,-2.5,-2.0,-1.5,-1.0,-0.5,-0.5,-0.5,-1.0,-1.5,-2.5,-3.0,-3.0,-3.0,-3.0,-3.0,-3.0,-3.0,-3.0,-2.5,-2.5,-2.0,-1.5,-1.5,-1.5,-1.5,-1.5,-2.0,-2.0,-2.5,-3.0,-3.5,-4.0,-4.0,-4.5,-4.5,-4.5,-4.5,-4.5,-4.0,-4.0,-3.5,-3.0,-3.0,-2.5,-2.5,-2.5,-2.5,-3.0,-3.5,-3.5,-4.0,-4.5,-4.5,-5.0,-5.0,-5.0,-5.0,-4.5,-4.5,-4.0,-4.0,-3.5,-3.0,-3.0,-2.5,-2.5,-3.0,-3.0,-3.5,-4.0,-4.5,-4.5,-5.0,0.0,0.0
60.0,60.0,60.0,60.5,60.5,61.0,61.5,61.5,62.0,62.0,62.5,62.5,62.5,62.5,62.5,62.0,61.5,61.0,61.0,60.5,60.5,60.0,60.0,60.0,60.0,60.0,60.0,60.0,60.0,60.5,60.5,60.5,60.5,60.0,60.0,59.5,59.5,59.0,59.0,59.0,59.0,59.0,59.0,59.5,59.5,60.0,60.0,60.5,61.0,61.5,62.0,62.5,62.5,62.5,62.5,62.0,61.5,61.0,60.5,60.0,60.0,60.0,60.5,61.0,61.0,61.5,62.0,62.0,62.5,62.5,63.0,63.0,63.0,63.0,62.5,62.5,62.0,61.5,61.0,60.5,60.5,60.5,60.5,60.5,61.0,61.0,61.5,62.0,62.0,62.5,62.5,62.5,62.0,61.5,61.0,60.5,60.0,59.5,59.5,59.0,59.0,59.0,59.0,59.0,59.5,60.0,60.5,61.0,61.0,61.5,61.5,61.5,61.5,61.5,61.5,61.0,60.5,60.0,59.5,59.5,59.0,59.0,59.0,59.5,59.5,60.0,60.0,60.5,61.0,61.0,61.5,62.0,62.0,62.0,62.0,62.0,62.0,62.0,61.5,61.5,61.0,61.0,61.0,61.0,61.5,61.5,61.5,62.0,62.0,62.0,62.0,62.0,62.0,62.0,61.5,61.5,61.0,61.0,60.5,60.0,60.0,59.5,60.0,60.0,60.5,61.0,61.5,62.0,62.0,62.5,62.5,63.0,63.0,63.0,63.0,62.5,62.0,61.5,61.0,61.0,60.5,60.0,60.0,59.5,60.0,60.0,60.5,60.5,61.0,61.5,62.0,62.0,62.0,62.0,62.0,61.5,61.0,60.5,60.0,60.0,60.0,60.0,60.5,60.5,60.5,61.0,61.5,62.0,62.5,62.5,62.5,62.5,62.5,62.5,62.0,61.5,61.0,60.5,60.5,60.0,59.5,59.5,59.5,59.5,59.5,59.5,59.5,59.5,60.0,60.5,61.0,61.5,61.5,62.0,62.0,61.5,61.5,61.0,60.5,60.5,60.0,59.5,59.5,59.5,60.0,60.5,61.0,62.0,62.5,62.5,63.0,63.0,63.0,63.5,63.5,63.0,62.5,62.0,61.5,61.0,60.5,60.5,60.5,60.5,61.0,61.5,62.0,62.0,62.5,63.0,63.0,63.5,63.5,63.0,63.0,63.0,62.5,62.5,62.5,62.0,62.0,62.0,62.0,62.0,62.0,62.5,63.0,63.5,63.5,64.0,64.0,64.5,64.5,64.5,64.5,64.5,64.0,63.5,63.0,62.5,62.0,62.0,62.0,62.5,63.0,63.5,63.5,64.0,64.0,64.5,64.5,64.5,64.0,63.5,62.5,61.5,60.5,59.0,58.0,57.0,0.0,0.0
0.5,1.0,1.5,1.5,1.5,1.5,0.5,-1.0,-2.5,-4.5,-6.5,-9.5,-12.0,-14.5,-16.5,-18.5,-19.5,-20.0,-20.5,-20.0,-19.5,-18.5,-17.0,-14.5,-11.0,-7.5,-2.5,2.5,8.5,15.0,21.5,28.5,35.0,41.0,47.5,54.0,60.0,66.5,72.5,77.5,81.5,84.5,86.5,87.5,88.0,87.5,86.0,83.5,79.5,74.5,69.0,63.5,57.5,52.0,46.5,41.0,35.5,31.0,26.5,22.0,18.5,15.5,13.0,11.0,9.5,8.0,7.0,6.5,5.5,4.5,4.0,3.5,3.0,2.5,2.0,2.0,1.5,1.0,1.0,1.0,1.5,1.5,1.5,1.5,1.5,1.0,1.0,1.0,0.5,0.5,0.5,0.0,0.0,0.0,0.0,-0.5,-0.5,0.0,0.0,0.5,1.0,1.0,1.5,2.0,2.0,2.0,2.0,1.5,1.5,1.0,1.0,0.5,0.5,0.5,0.5,0.0,0.0,0.5,0.5,1.0,1.0,1.5,1.5,2.0,2.0,2.5,2.5,3.0,3.0,3.0,3.0,3.0,3.0,2.5,2.0,2.0,2.0,2.0,2.0,2.0,2.5,2.5,3.0,3.0,3.0,3.5,3.5,3.5,3.5,3.0,3.0,2.5,2.0,1.5,1.5,1.0,1.0,1.0,1.5,1.5,2.0,2.0,2.5,3.0,3.5,4.0,4.0,4.5,4.0,4.0,3.5,3.0,2.5,2.5,2.0,2.0,2.0,2.5,2.5,3.0,3.0,3.5,4.0,4.5,4.5,5.0,5.0,5.0,5.0,5.0,4.5,4.5,4.0,4.0,3.5,3.5,3.5,3.5,4.0,4.5,5.0,5.5,5.5,6.0,6.5,6.5,6.5,6.5,7.0,6.5,6.5,6.5,6.0,5.5,5.0,4.5,4.5,4.5,4.5,4.5,5.0,5.0,5.5,6.0,6.0,6.5,6.5,6.5,6.0,6.0,6.0,5.5,5.0,4.5,4.5,4.0,4.0,4.0,4.5,5.0,5.0,5.5,6.0,6.0,6.0,6.0,6.0,6.5,6.5,6.5,6.5,6.5,6.5,6.5,6.5,6.5,6.5,6.5,6.5,7.0,7.5,7.5,8.0,8.5,9.0,9.0,9.0,8.5,8.5,7.5,7.0,6.5,6.0,5.5,5.5,5.5,5.0,5.0,5.0,5.5,5.5,6.0,6.0,6.5,6.5,6.5,6.5,6.5,6.5,6.0,5.5,5.5,5.0,5.0,4.5,4.5,4.5,4.5,4.5,5.0,5.0,5.5,6.0,6.0,6.0,6.0,6.0,5.5,5.0,4.5,4.0,4.0,3.5,3.5,3.0,3.0,3.0,3.0,3.0,3.5,0.0,0.0
31.0,32.5,34.0,35.5,37.0,38.0,39.0,40.0,41.0,41.0,41.0,41.0,40.5,39.5,39.0,38.5,38.0,37.0,36.5,36.0,35.5,35.0,35.0,34.5,35.0,35.0,35.0,35.0,35.0,35.0,35.0,35.0,35.0,35.0,35.0,35.0,35.5,35.5,36.0,36.0,35.5,35.5,35.5,35.5,35.5,35.5,35.5,36.0,36.0,36.5,36.5,37.0,37.0,36.5,36.5,36.0,35.5,35.0,35.0,34.5,34.5,34.5,35.0,35.5,36.0,36.5,37.5,38.0,38.5,38.5,38.5,38.0,38.0,37.5,37.5,37.0,37.0,37.0,36.5,36.5,36.5,36.0,36.0,36.0,36.0,36.0,36.0,36.5,36.5,37.0,37.0,37.0,37.0,36.5,36.5,36.0,35.5,35.0,34.5,34.0,33.5,33.5,34.0,34.5,35.5,36.0,36.5,37.0,37.5,37.5,38.0,38.0,38.0,37.5,37.5,37.0,37.0,36.5,36.5,36.0,35.5,35.0,34.5,34.0,34.0,33.5,33.5,33.5,33.5,33.5,34.0,34.0,34.0,34.5,34.5,34.5,34.0,33.5,33.5,33.0,32.5,32.0,32.0,31.5,31.5,31.5,31.5,31.5,31.5,32.0,32.0,32.0,32.0,32.0,32.0,32.0,32.0,32.0,32.0,32.5,32.5,32.5,32.5,32.5,33.0,33.0,33.5,33.5,34.0,34.5,34.5,35.0,35.5,35.5,36.0,36.0,36.0,35.5,35.0,34.5,34.0,33.5,33.0,33.0,32.5,32.5,32.0,32.5,32.5,32.5,33.0,33.0,33.5,33.5,33.5,33.5,33.5,33.5,33.0,33.0,32.5,32.5,32.0,31.5,31.5,31.5,31.5,31.5,31.5,32.0,32.5,33.0,33.5,33.5,34.0,34.0,34.0,34.0,33.5,33.5,33.0,32.5,32.5,32.5,32.5,32.5,32.5,32.5,33.0,33.5,34.0,34.5,35.0,35.0,35.5,35.5,35.5,35.0,34.5,34.0,33.0,32.0,30.5,29.5,28.0,26.5,25.0,23.0,21.5,19.5,17.5,16.0,14.5,13.5,13.0,12.5,12.5,13.0,14.0,15.5,18.5,22.0,26.5,32.0,38.0,45.5,53.0,60.5,67.5,74.5,80.5,87.0,92.5,97.5,102.5,106.0,109.0,110.5,111.5,111.5,111.5,110.5,108.5,106.0,103.0,99.0,94.5,90.5,86.0,81.5,77.0,72.5,68.0,63.5,59.5,55.5,51.5,47.5,44.0,41.0,38.5,36.5,35.5,34.5,34.0,34.0,34.0,34.0,34.5,34.5,34.5,34.5,34.5,34.5,34.0,33.5,33.0,32.5,32.0,31.5,0.0,0.0
89.0,89.5,89.5,90.0,90.5,91.0,91.5,91.5,91.5,91.5,91.5,91.0,90.5,90.0,89.5,89.0,89.0,88.5,88.5,88.0,88.5,88.5,89.0,89.5,90.0,90.0,90.5,90.5,91.0,90.5,90.5,90.0,90.0,89.5,89.0,88.5,88.0,87.5,87.0,87.0,87.0,87.5,87.5,87.5,88.0,88.0,88.0,88.0,88.0,88.0,88.0,87.5,87.0,86.5,86.0,86.0,85.5,85.5,85.5,85.5,86.0,86.0,86.5,86.5,87.0,87.0,87.5,87.5,87.5,87.5,87.0,86.5,86.0,85.5,85.0,84.5,84.0,83.5,83.5,83.5,83.5,83.5,84.0,84.5,85.0,85.0,85.0,85.0,85.0,84.5,84.0,84.0,83.5,83.0,82.5,82.0,82.0,81.5,82.0,82.5,83.0,84.0,84.5,85.5,86.5,87.0,88.0,88.5,89.0,89.5,89.5,89.5,89.0,89.0,88.5,88.5,88.0,87.5,87.5,87.5,87.5,88.0,88.0,88.5,88.5,88.5,88.5,88.5,88.5,88.0,87.5,87.0,86.5,86.0,86.0,85.5,85.5,85.5,85.5,85.5,86.0,86.0,86.5,87.0,87.5,88.0,88.0,88.5,88.5,88.5,88.5,88.5,88.5,88.0,88.0,87.5,87.5,87.5,87.5,87.5,88.0,88.5,89.0,89.5,89.5,90.0,90.0,90.5,91.0,91.0,90.5,90.5,90.0,89.5,89.0,89.0,88.5,88.5,88.5,88.5,89.0,89.5,90.0,90.0,90.5,90.5,90.5,90.5,90.0,89.5,88.5,87.5,86.0,84.5,82.5,80.5,78.0,75.5,73.5,71.5,70.0,69.5,69.0,69.5,70.0,71.0,72.5,74.5,77.0,80.5,84.5,89.0,94.5,100.0,106.5,113.0,119.5,126.0,132.5,138.5,145.0,151.0,157.5,163.0,167.0,170.5,172.0,173.0,173.5,173.0,172.0,170.0,167.5,163.5,159.0,154.5,149.5,144.5,139.5,134.0,129.0,124.5,120.0,115.5,112.0,108.5,105.5,102.5,100.0,98.0,96.0,94.5,93.5,92.5,91.5,91.0,90.5,90.0,90.0,89.5,89.5,90.0,90.0,90.0,90.5,90.5,90.5,90.0,90.0,89.5,89.5,89.0,88.5,88.0,87.5,87.0,86.5,86.0,85.5,85.5,85.5,85.5,86.0,86.5,86.5,87.0,87.5,87.5,87.5,87.5,87.5,87.0,86.5,86.5,86.5,86.5,86.5,87.0,87.0,87.5,87.5,87.5,88.0,88.0,88.0,87.5,87.0,86.5,86.0,85.5,84.5,83.5,82.5,81.5,81.0,80.5,80.5,81.5,82.5,84.0,0.0,0.0
25.0,25.0,25.0,25.0,24.5,24.5,24.0,24.0,23.5,23.5,23.5,23.0,23.0,23.0,22.5,22.0,22.0,21.5,21.0,20.5,20.0,20.0,20.0,20.0,21.0,21.5,22.5,23.5,24.5,25.5,26.5,27.0,27.5,27.5,28.0,28.0,28.0,28.0,28.0,27.5,27.0,26.5,26.0,25.0,24.5,24.0,23.5,23.5,23.0,22.5,22.5,22.0,21.5,21.5,21.5,21.5,22.0,22.5,22.5,23.0,23.0,23.0,23.0,23.0,22.5,22.0,21.5,21.5,21.5,21.5,21.5,21.5,22.0,22.0,22.5,22.5,23.0,23.5,23.5,24.0,24.0,24.5,24.5,24.0,24.0,23.5,23.5,23.5,23.0,22.5,22.5,22.5,22.5,22.5,23.0,23.5,24.0,24.0,24.5,24.5,24.5,24.5,24.5,24.5,24.0,23.5,23.5,23.0,23.0,22.5,22.5,22.5,22.5,23.0,23.5,23.5,24.0,24.0,24.0,24.0,24.0,24.0,24.0,24.0,24.0,24.0,23.5,23.5,23.5,23.5,23.5,23.5,23.5,23.5,23.5,23.5,24.0,24.0,24.0,24.5,24.5,24.5,24.5,24.0,23.5,23.0,22.5,22.0,22.0,22.0,22.0,22.0,22.5,22.5,23.0,23.5,24.0,25.0,25.0,25.5,25.5,26.0,26.0,25.5,25.5,25.0,25.0,24.5,24.0,24.0,24.0,24.0,24.5,24.5,25.0,25.0,25.5,25.5,26.0,26.0,26.0,26.0,25.5,25.5,25.0,24.5,24.0,23.5,23.0,23.0,23.0,23.0,23.0,23.5,24.0,24.5,25.0,25.5,26.0,26.0,26.0,26.0,26.0,25.5,25.5,25.0,25.0,25.0,25.0,25.5,25.5,26.0,26.5,27.0,27.0,27.5,28.0,28.0,28.5,28.5,29.0,29.0,28.5,28.5,28.0,27.5,26.5,26.5,26.0,25.5,25.5,25.5,25.5,25.5,26.0,26.5,27.0,27.0,27.5,28.0,28.0,28.5,28.5,28.5,28.5,28.0,27.5,27.0,26.5,26.0,25.5,25.5,25.5,26.0,26.5,27.0,27.5,28.0,28.0,28.5,28.0,28.0,27.5,27.5,27.0,27.0,27.0,26.5,26.5,26.0,26.0,25.5,25.0,25.0,25.0,25.0,25.0,25.0,25.0,25.0,25.0,24.5,24.5,24.5,24.0,24.0,24.0,24.0,24.0,24.0,24.0,24.0,24.5,25.5,26.5,27.5,28.5,29.5,30.0,30.5,30.5,30.5,30.5,30.0,29.5,29.0,28.5,28.0,27.5,27.5,27.5,27.5,27.5,27.5,28.0,28.5,29.0,29.0,29.5,29.5,0.0,0.0
56.5,55.5,55.0,54.0,53.5,53.0,53.0,53.0,53.5,54.0,54.5,55.0,55.5,56.5,57.5,58.0,58.5,58.5,58.5,58.0,58.0,57.5,56.5,56.0,55.0,54.0,53.5,52.5,52.0,51.5,51.5,51.5,51.5,51.5,52.0,52.0,52.5,53.0,53.0,53.5,53.5,53.5,53.0,53.0,52.5,52.0,51.5,51.5,51.0,51.0,50.5,50.5,50.5,50.5,50.5,50.5,50.5,50.5,51.0,51.0,51.0,51.0,51.0,51.0,50.5,50.5,50.5,50.0,50.0,49.5,49.5,49.0,49.0,49.0,49.5,49.5,50.0,50.5,50.5,50.5,50.5,50.5,50.5,50.0,50.0,49.5,49.5,49.5,49.5,49.5,49.0,49.0,48.5,48.5,48.5,49.0,49.0,49.5,49.0,49.0,49.0,49.0,49.0,49.0,49.0,49.0,48.5,48.0,48.0,47.5,47.5,47.0,47.0,47.0,47.0,47.5,48.0,49.0,49.5,50.0,50.0,50.0,49.5,49.0,48.5,48.0,47.5,47.0,46.5,46.0,46.0,45.5,46.0,46.5,47.0,47.5,48.0,48.5,48.5,49.0,49.0,48.5,48.5,48.0,47.5,47.0,46.5,45.5,45.0,45.0,44.5,44.5,44.5,44.5,45.0,45.5,46.0,46.5,47.0,47.5,48.0,48.0,48.5,48.0,48.0,48.0,48.0,48.0,47.5,47.0,46.5,46.0,46.0,46.0,46.5,47.0,47.5,48.0,48.0,48.5,48.5,48.5,48.5,48.5,48.5,48.0,47.5,47.0,46.5,46.0,45.5,45.0,45.0,45.0,45.5,46.0,46.0,46.0,46.0,46.0,46.0,46.0,46.0,46.0,45.5,45.0,44.5,44.5,44.0,44.0,44.0,44.0,44.0,43.5,43.5,43.5,43.5,43.5,43.5,43.5,43.0,43.0,43.0,42.5,42.5,42.5,42.5,42.5,42.5,42.5,42.5,43.0,43.0,43.0,43.5,43.5,43.0,43.0,43.0,43.0,43.0,43.5,43.5,43.5,43.5,43.5,43.5,43.5,43.5,43.0,43.0,42.5,42.5,42.5,43.0,43.0,43.5,43.5,43.5,43.5,43.0,43.0,42.5,42.5,42.0,42.0,42.0,42.0,42.0,41.5,41.5,41.0,41.0,40.5,41.0,41.0,41.5,42.0,42.0,42.5,42.5,42.5,42.5,42.5,42.0,41.5,41.0,41.0,40.5,40.0,39.5,39.5,39.5,40.0,40.0,40.5,41.0,41.5,41.5,41.5,41.5,41.5,41.5,41.0,40.5,40.5,40.5,40.0,40.0,39.5,39.0,39.0,38.5,38.5,38.5,39.0,39.0,39.5,39.5,40.0,0.0,0.0
72.0,71.5,71.0,70.5,70.0,69.5,69.5,69.0,69.0,69.5,69.5,69.5,70.0,70.0,70.5,70.5,71.0,71.5,72.0,72.5,72.5,73.0,73.0,73.0,73.0,72.5,72.5,72.5,72.5,72.5,73.0,73.5,74.0,74.0,74.5,75.0,75.5,75.5,76.0,76.0,76.0,75.5,75.5,75.0,74.5,74.0,74.0,73.5,73.5,73.0,73.0,73.5,73.5,74.0,74.5,75.0,75.0,75.0,75.0,75.0,74.5,74.0,74.0,73.5,73.5,73.5,73.5,74.0,74.0,74.0,74.0,74.5,75.0,75.0,75.5,76.0,76.5,77.0,77.0,77.0,76.5,76.5,76.5,76.0,76.0,75.5,75.0,74.5,74.5,74.5,74.5,75.0,75.5,76.0,76.0,76.0,76.5,76.5,77.0,77.0,77.0,77.0,77.0,76.5,76.5,76.5,76.0,75.5,75.5,75.5,76.0,76.5,77.0,77.5,78.0,78.5,78.5,78.5,78.5,78.5,78.5,78.0,77.5,77.5,77.5,77.0,77.0,76.5,76.5,76.5,76.5,76.5,77.0,77.5,78.0,78.5,78.5,79.0,79.5,79.5,79.5,79.5,79.0,78.5,78.0,77.5,77.0,77.0,77.0,77.0,77.5,78.0,78.5,79.0,79.0,79.5,79.5,79.5,79.5,79.0,79.0,79.0,78.5,78.5,78.5,78.0,78.0,78.0,78.0,78.0,78.5,79.0,79.5,79.5,80.0,80.5,80.5,81.0,81.0,80.5,80.5,80.0,80.0,79.5,79.0,78.5,78.5,78.0,78.5,78.5,79.0,79.0,79.5,79.5,79.5,79.5,79.5,80.0,79.5,79.5,79.0,78.5,78.0,77.5,77.0,76.5,76.5,76.5,76.5,77.0,77.0,77.5,77.5,78.0,78.5,78.5,79.0,79.5,80.0,80.5,81.5,82.0,82.5,82.5,82.5,82.0,82.0,82.0,82.0,82.0,82.5,83.0,83.5,83.5,83.5,83.5,83.5,83.5,83.5,83.5,83.0,83.0,82.5,81.5,81.0,80.0,79.0,78.0,77.5,77.0,76.5,76.5,77.0,78.0,79.0,80.0,81.5,82.5,84.0,85.0,86.0,86.5,86.5,86.0,86.0,85.5,85.0,84.5,84.0,84.0,83.5,83.0,83.0,82.5,82.5,82.5,82.5,82.5,82.5,82.5,82.5,82.5,82.0,81.5,81.0,81.0,80.5,80.5,80.0,80.0,80.0,80.5,80.5,80.5,80.5,80.5,80.0,79.5,78.0,76.5,75.0,72.5,70.5,68.0,66.0,64.0,62.0,61.0,60.0,60.0,60.0,60.5,61.5,63.5,66.0,69.5,73.5,79.0,84.5,91.0,0.0,0.0
62.0,62.0,62.0,62.0,62.0,62.0,62.0,62.0,61.5,61.0,60.5,60.0,60.0,59.5,60.0,60.0,60.5,61.0,61.5,61.5,62.0,62.5,63.0,63.5,64.0,64.0,63.5,63.5,63.0,62.5,62.0,61.5,61.0,60.5,60.0,60.0,60.0,60.0,60.0,60.0,60.5,60.5,61.0,61.0,61.0,60.5,60.0,59.5,59.5,59.0,58.5,58.0,57.5,57.0,56.5,56.5,56.5,57.0,57.5,58.5,59.0,59.5,60.0,60.5,61.0,61.5,62.0,62.0,62.0,62.0,62.0,62.0,62.5,62.5,63.0,63.0,63.5,63.5,64.0,64.0,64.5,65.0,65.5,65.5,65.5,65.5,65.5,65.0,64.5,64.0,63.5,62.5,62.0,61.5,61.5,61.5,61.5,62.0,63.0,63.5,64.0,64.5,64.5,64.5,64.5,64.5,64.5,64.5,64.5,64.0,64.0,63.5,63.0,62.5,62.5,62.0,62.5,62.5,63.0,64.0,64.5,65.5,65.5,66.0,66.0,66.0,65.5,65.5,65.0,65.0,64.5,64.5,64.0,64.0,64.5,64.5,64.5,64.5,65.0,65.5,66.0,66.5,67.0,67.0,67.5,67.0,67.0,66.5,66.0,66.0,65.5,64.5,64.0,63.0,61.5,60.0,58.5,57.0,55.0,53.5,52.0,50.5,49.5,48.5,48.5,48.5,49.0,50.0,51.5,53.5,56.0,59.5,63.5,68.5,74.5,81.0,88.5,95.5,103.0,110.0,116.5,123.0,129.5,136.0,142.0,146.5,150.0,152.5,153.5,154.0,153.5,152.5,151.0,148.0,145.0,141.0,136.5,132.0,127.5,123.0,118.0,113.0,108.0,103.5,99.0,95.0,91.0,87.5,84.0,81.5,79.0,77.0,75.0,73.5,73.0,72.5,72.0,72.0,72.0,72.0,72.5,72.5,72.5,72.5,72.5,72.5,72.0,71.5,71.0,70.5,70.5,70.0,70.0,70.0,69.5,69.5,69.0,69.0,69.0,69.5,69.5,70.0,71.0,71.0,71.5,71.5,71.0,70.5,70.0,69.5,69.0,68.5,68.0,68.0,67.5,67.5,67.5,67.5,67.5,68.0,68.5,69.0,69.5,69.5,69.5,69.5,69.0,69.0,68.5,68.0,67.5,67.0,66.5,66.5,66.5,66.5,66.0,66.0,66.0,66.0,66.0,66.0,66.0,66.5,66.5,66.5,66.5,66.5,66.5,66.0,66.0,65.5,65.5,65.0,65.0,65.0,65.0,65.0,65.0,65.5,65.5,65.5,65.5,66.0,66.0,66.0,66.0,66.0,65.5,65.0,65.0,65.0,64.5,64.5,64.5,64.0,64.0,64.5,64.5,65.0,0.0,0.0
46.0,46.0,46.5,46.5,47.0,47.5,47.5,48.0,48.0,48.0,48.0,47.5,47.0,46.5,46.0,46.0,46.0,46.5,47.0,47.5,47.5,47.5,47.5,47.5,47.5,47.5,47.5,47.5,47.0,46.5,46.0,45.0,44.5,44.5,44.5,44.5,44.5,45.0,45.5,45.5,46.0,46.5,47.0,47.5,47.5,47.5,47.5,47.0,46.5,45.5,45.0,44.0,42.5,41.5,40.0,39.0,37.5,36.0,34.5,32.5,31.0,29.0,27.5,26.5,25.5,24.5,24.0,24.0,24.5,25.5,27.5,30.0,33.5,38.0,43.0,49.0,56.0,63.5,71.0,78.5,85.5,92.5,99.0,105.5,112.0,117.0,121.0,123.5,125.0,125.0,125.0,124.5,123.5,121.5,119.0,116.0,112.5,108.0,103.5,98.5,94.0,89.0,84.0,79.0,74.5,69.5,65.5,61.5,57.5,54.0,51.5,49.0,47.0,45.5,44.5,44.0,43.5,43.5,43.5,43.5,44.0,44.0,44.0,44.0,44.0,43.5,43.0,43.0,42.5,42.0,41.5,41.0,41.0,40.5,40.5,40.5,40.5,41.0,41.0,41.0,41.0,41.0,41.0,40.5,40.5,40.5,40.5,40.5,40.5,40.0,40.0,39.5,39.5,39.5,39.0,39.0,39.0,39.0,39.5,39.5,40.0,40.0,40.0,40.5,40.5,40.5,40.5,40.5,40.5,40.5,40.5,40.5,40.5,40.0,40.0,40.0,40.0,40.0,40.5,41.0,41.0,41.5,41.5,41.5,41.0,40.5,40.0,39.5,39.5,39.0,39.0,38.5,38.5,38.5,38.5,38.5,39.0,39.5,40.0,40.0,40.5,40.5,40.5,40.5,40.0,40.0,39.5,39.0,38.5,38.5,38.0,38.0,37.5,37.5,37.5,37.5,38.0,38.5,39.0,39.5,40.0,40.5,40.5,41.0,40.5,40.5,40.0,39.5,39.0,38.5,38.5,38.0,38.0,37.5,37.5,37.5,38.0,38.5,39.0,39.0,39.5,39.5,39.5,39.5,39.5,39.0,39.0,39.0,38.5,38.0,37.5,37.0,36.5,36.0,35.5,35.5,35.5,35.5,36.0,36.5,36.5,37.0,37.5,38.0,38.0,38.0,38.0,37.5,37.0,36.5,36.0,35.5,35.0,34.5,34.5,34.5,34.5,34.5,35.0,35.5,35.5,36.0,36.5,37.0,37.0,37.0,36.5,36.5,36.0,35.0,34.5,34.0,34.0,33.5,33.5,33.0,33.0,33.0,33.0,33.5,33.5,34.0,34.5,34.5,34.5,34.5,35.0,35.0,35.0,34.5,34.5,34.0,34.0,34.0,33.5,33.5,33.5,34.0,34.5,35.0,0.0,0.0
42.0,41.5,41.0,41.0,40.5,40.0,39.5,39.0,39.0,39.0,39.5,39.5,40.0,40.0,40.0,40.5,40.5,40.5,40.5,40.5,40.0,39.5,39.0,38.5,38.0,37.5,37.0,37.0,37.0,36.5,36.5,37.0,37.0,37.5,38.0,38.0,38.5,38.5,39.0,39.0,39.0,38.5,38.5,38.5,38.0,37.5,37.0,37.0,36.5,36.5,37.0,37.0,37.5,37.5,37.5,37.5,37.0,37.0,37.0,37.0,36.5,36.0,36.0,35.5,35.5,35.0,34.5,34.0,34.0,33.5,34.0,34.0,34.5,34.5,34.5,34.5,34.5,35.0,35.0,35.0,35.0,35.0,35.5,35.5,35.5,35.5,35.5,35.5,35.5,36.0,36.5,37.5,38.0,39.0,39.5,40.0,40.0,40.0,40.0,40.0,39.5,39.5,39.0,38.5,38.0,38.0,37.5,37.0,37.0,36.5,36.5,37.0,37.0,37.0,37.0,37.5,38.0,38.5,38.5,38.5,38.5,38.5,38.5,38.5,38.0,38.0,37.5,37.5,37.5,37.5,37.5,37.5,38.0,38.0,38.0,38.5,38.5,38.5,38.5,38.5,38.0,38.0,38.0,37.5,37.5,37.0,37.0,36.5,36.5,36.5,36.5,37.0,37.0,37.0,37.5,38.0,38.0,38.5,39.0,39.0,39.0,39.0,38.5,38.0,37.5,36.5,36.0,36.0,35.5,35.5,35.5,35.0,35.0,34.0,33.0,31.5,30.0,28.0,26.0,24.0,21.5,19.5,18.0,17.0,16.0,15.5,16.0,16.5,18.0,20.0,23.0,26.5,31.0,36.5,42.5,49.5,56.5,63.5,70.5,77.0,83.0,89.0,95.0,100.5,105.0,109.0,111.5,113.5,114.0,114.5,115.0,115.0,114.0,112.5,110.0,106.5,102.5,98.0,93.0,87.5,82.0,76.5,71.0,65.5,60.5,56.0,52.0,48.0,45.5,43.0,41.0,39.5,38.5,38.0,38.0,38.0,38.5,38.5,38.5,38.0,38.0,37.5,37.5,37.0,36.5,36.0,35.5,35.0,34.5,34.5,34.0,34.0,34.0,34.5,34.5,34.5,35.0,35.0,34.5,34.5,34.5,34.0,33.5,33.0,32.5,32.5,32.0,31.5,31.5,31.5,31.5,31.5,32.0,32.5,33.0,33.5,33.5,33.5,33.5,33.5,33.5,33.0,33.0,33.0,32.5,32.5,32.0,32.0,32.0,32.0,32.0,32.0,32.5,33.0,33.0,33.0,33.0,32.5,32.0,31.5,30.5,29.5,28.5,27.5,26.5,25.5,25.0,25.0,25.5,26.5,27.5,29.0,30.0,31.5,33.0,34.0,35.0,35.5,36.0,36.0,0.0,0.0
63.5,63.5,64.0,64.5,64.5,64.5,64.5,65.0,65.0,65.5,65.5,65.5,65.5,65.0,64.5,64.0,63.5,63.0,62.5,62.0,62.0,61.5,61.5,61.5,61.5,61.5,61.5,61.5,61.5,61.5,61.5,61.5,61.5,61.0,61.0,60.5,60.0,60.0,60.0,60.0,60.0,60.0,60.5,60.5,61.0,61.5,61.5,62.0,62.0,62.5,62.5,62.5,62.5,62.5,62.0,61.5,61.0,61.0,60.5,60.5,60.0,60.0,60.0,60.0,60.0,60.0,60.0,60.0,60.5,60.5,60.5,60.5,60.0,60.0,59.5,59.5,59.0,59.0,59.0,59.0,59.0,59.0,59.5,59.5,60.0,60.0,60.5,61.0,61.5,62.0,62.5,62.5,62.5,62.5,62.0,61.5,61.0,60.5,60.0,60.0,60.0,60.5,61.0,61.0,61.5,62.0,62.0,62.5,62.5,63.0,63.0,63.0,63.0,62.5,62.5,62.0,61.5,61.0,60.5,60.5,60.5,60.5,60.5,61.0,61.0,61.5,62.0,62.0,62.5,62.5,62.5,62.0,61.5,61.0,60.5,60.0,59.5,59.5,59.0,59.0,59.0,59.0,59.0,59.5,60.0,60.5,61.0,61.0,61.5,61.5,61.5,61.5,61.5,61.5,61.0,60.5,60.0,59.5,59.5,59.0,59.0,59.0,59.5,59.5,60.0,60.0,60.5,61.0,61.0,61.5,62.0,62.0,62.0,62.0,62.0,62.0,62.0,61.5,61.5,61.0,61.0,61.0,61.0,61.5,61.5,61.5,62.0,62.0,62.0,62.0,62.0,62.0,62.0,61.5,61.5,61.0,61.0,60.5,60.0,60.0,59.5,60.0,60.0,60.5,61.0,61.5,62.0,62.0,62.5,62.5,63.0,63.0,63.0,63.0,62.5,62.0,61.5,61.0,61.0,60.5,60.0,60.0,59.5,60.0,60.0,60.5,60.5,61.0,61.5,62.0,62.0,62.0,62.0,62.0,61.5,61.0,60.5,60.0,60.0,60.0,60.0,60.5,60.5,60.5,61.0,61.5,62.0,62.5,62.5,62.5,62.5,62.5,62.5,62.0,61.5,61.0,60.5,60.5,60.0,59.5,59.5,59.5,59.5,59.5,59.5,59.5,59.5,60.0,60.5,61.0,61.5,61.5,62.0,62.0,61.5,61.5,61.0,60.5,60.5,60.0,59.5,59.5,59.5,60.0,60.5,61.0,62.0,62.5,62.5,63.0,63.0,63.0,63.5,63.5,63.0,62.5,62.0,61.5,61.0,60.5,60.5,60.5,60.5,61.0,61.5,62.0,62.0,62.5,63.0,63.0,63.5,63.5,63.0,63.0,63.0,62.5,62.5,62.5,62.0,62.0,0.0,0.0
94.0,95.0,95.0,95.0,94.5,93.0,90.5,87.5,83.5,79.0,74.5,69.0,64.0,59.0,54.0,49.0,44.5,40.5,37.0,34.0,31.0,28.5,26.0,24.5,23.0,21.5,21.0,20.5,20.0,19.5,19.0,18.5,18.5,18.0,18.0,17.5,17.0,17.0,17.0,17.0,17.0,17.5,17.5,17.5,17.5,17.5,17.0,17.0,16.5,16.0,15.5,15.0,14.5,14.5,14.0,14.0,14.5,15.0,15.5,16.0,16.0,16.5,16.5,16.0,16.0,15.5,15.0,14.5,14.0,14.0,13.5,13.0,12.5,12.5,12.0,12.0,12.0,12.0,12.0,12.5,13.0,13.5,13.5,14.0,14.5,14.5,14.0,14.0,13.5,13.0,13.0,12.0,11.5,11.5,11.5,11.5,11.5,12.0,13.0,13.5,14.0,14.5,15.0,15.5,16.0,16.0,16.0,16.0,15.5,15.0,15.0,15.0,15.0,15.0,15.0,15.0,15.0,15.5,15.5,15.5,15.5,16.0,16.0,16.0,16.0,15.5,15.5,15.0,14.5,14.0,13.5,13.5,13.0,13.0,12.5,12.5,13.0,13.0,14.0,14.5,15.5,16.0,16.0,16.0,16.0,16.0,16.0,15.5,15.5,15.5,15.0,15.0,15.0,15.0,15.0,15.0,15.0,15.0,15.0,15.0,15.5,15.5,16.0,16.0,16.0,16.0,15.5,15.5,15.0,14.0,13.5,13.0,12.5,12.0,11.5,11.5,12.0,12.0,12.5,13.0,13.0,13.5,13.5,13.5,14.0,14.0,14.0,13.5,13.5,13.0,13.0,13.0,13.0,13.5,13.5,14.0,14.0,14.5,15.0,15.0,15.0,15.0,15.0,15.0,14.5,14.5,14.5,14.0,14.0,14.0,13.5,13.5,13.5,13.5,13.5,14.0,14.0,14.5,15.0,15.5,16.0,16.0,16.5,16.5,17.0,17.0,17.0,16.5,16.0,15.0,14.5,13.5,13.0,12.5,12.0,12.0,12.5,12.5,12.5,13.0,13.0,13.5,13.5,14.0,14.0,13.5,13.0,12.5,12.0,11.5,11.5,11.5,11.5,12.0,12.5,13.0,13.5,13.5,14.0,14.0,14.0,14.0,14.0,14.5,14.5,14.5,14.5,14.5,14.0,13.5,13.5,13.5,13.0,13.0,13.5,13.5,13.5,14.0,14.0,14.0,14.0,14.0,13.5,13.0,12.5,11.5,10.5,10.0,9.0,8.5,8.0,8.5,9.0,10.0,11.0,12.5,13.5,15.0,16.0,17.0,18.0,18.5,19.0,19.0,19.0,18.5,18.5,17.5,17.0,16.0,15.5,14.5,14.0,14.0,14.0,14.0,14.0,14.0,14.0,14.5,0.0,0.0
30.5,30.0,30.5,31.0,32.5,34.0,35.5,37.0,38.0,39.0,40.0,41.0,41.0,41.0,41.0,40.5,39.5,39.0,38.5,38.0,37.0,36.5,36.0,35.5,35.0,35.0,34.5,35.0,35.0,35.0,35.0,35.0,35.0,35.0,35.0,35.0,35.0,35.0,35.0,35.5,35.5,36.0,36.0,35.5,35.5,35.5,35.5,35.5,35.5,35.5,36.0,36.0,36.5,36.5,37.0,37.0,36.5,36.5,36.0,35.5,35.0,35.0,34.5,34.5,34.5,35.0,35.5,36.0,36.5,37.5,38.0,38.5,38.5,38.5,38.0,38.0,37.5,37.5,37.0,37.0,37.0,36.5,36.5,36.5,36.0,36.0,36.0,36.0,36.0,36.0,36.5,36.5,37.0,37.0,37.0,37.0,36.5,36.5,36.0,35.5,35.0,34.5,34.0,33.5,33.5,34.0,34.5,35.5,36.0,36.5,37.0,37.5,37.5,38.0,38.0,38.0,37.5,37.5,37.0,37.0,36.5,36.5,36.0,35.5,35.0,34.5,34.0,34.0,33.5,33.5,33.5,33.5,33.5,34.0,34.0,34.0,34.5,34.5,34.5,34.0,33.5,33.5,33.0,32.5,32.0,32.0,31.5,31.5,31.5,31.5,31.5,31.5,32.0,32.0,32.0,32.0,32.0,32.0,32.0,32.0,32.0,32.0,32.5,32.5,32.5,32.5,32.5,33.0,33.0,33.5,33.5,34.0,34.5,34.5,35.0,35.5,35.5,36.0,36.0,36.0,35.5,35.0,34.5,34.0,33.5,33.0,33.0,32.5,32.5,32.0,32.5,32.5,32.5,33.0,33.0,33.5,33.5,33.5,33.5,33.5,33.5,33.0,33.0,32.5,32.5,32.0,31.5,31.5,31.5,31.5,31.5,31.5,32.0,32.5,33.0,33.5,33.5,34.0,34.0,34.0,34.0,33.5,33.5,33.0,32.5,32.5,32.5,32.5,32.5,32.5,32.5,33.0,33.5,34.0,34.5,35.0,35.0,35.5,35.5,35.5,35.0,34.5,34.0,33.0,32.0,30.5,29.5,28.0,26.5,25.0,23.0,21.5,19.5,17.5,16.0,14.5,13.5,13.0,12.5,12.5,13.0,14.0,15.5,18.5,22.0,26.5,32.0,38.0,45.5,53.0,60.5,67.5,74.5,80.5,87.0,92.5,97.5,102.5,106.0,109.0,110.5,111.5,111.5,111.5,110.5,108.5,106.0,103.0,99.0,94.5,90.5,86.0,81.5,77.0,72.5,68.0,63.5,59.5,55.5,51.5,47.5,44.0,41.0,38.5,36.5,35.5,34.5,34.0,34.0,34.0,34.0,34.5,34.5,34.5,34.5,34.5,34.5,34.0,33.5,33.0,0.0,0.0
47.5,47.5,47.0,46.5,46.5,46.5,46.5,46.5,46.5,46.0,46.0,46.0,46.5,46.5,47.0,47.0,47.0,47.5,47.5,47.5,47.5,47.5,47.0,46.5,46.0,45.5,45.5,45.5,45.5,46.0,46.5,47.0,47.0,47.5,47.5,48.0,48.5,48.5,48.5,49.0,48.5,48.5,48.5,48.0,47.5,47.0,46.5,46.5,46.0,46.5,47.0,47.5,48.0,48.5,49.0,49.0,49.0,49.0,49.5,49.5,49.5,49.5,49.0,48.5,48.5,48.0,48.0,47.5,47.5,47.5,48.0,48.0,48.5,49.0,49.0,49.5,49.5,49.5,50.0,50.0,50.0,50.0,50.0,50.0,50.0,50.0,49.5,49.5,49.5,49.5,50.0,50.0,50.5,51.0,51.5,51.5,51.5,51.5,51.5,51.5,51.0,51.0,50.5,50.0,49.5,49.0,48.5,48.0,48.0,48.0,48.0,48.5,48.5,49.0,49.0,49.5,49.5,49.5,49.5,49.0,49.0,49.0,48.5,48.0,47.5,47.0,46.5,45.5,45.5,45.0,45.5,45.5,45.5,46.0,46.5,47.0,47.0,47.5,47.5,47.5,47.0,46.5,46.0,45.5,45.0,44.5,44.0,44.0,44.0,44.5,45.0,45.5,46.5,47.0,47.5,48.0,48.5,49.0,49.5,50.0,50.0,50.0,50.0,49.5,49.0,49.0,48.5,48.0,48.0,48.0,48.0,48.5,49.0,49.5,50.5,51.0,51.0,51.5,51.0,51.0,50.5,50.5,50.0,49.5,49.0,49.0,48.5,48.5,49.0,49.0,49.0,49.5,49.5,50.0,50.5,50.5,50.5,51.0,51.0,51.0,51.0,51.0,50.5,50.0,49.5,49.0,48.5,48.5,48.0,48.0,48.0,48.0,48.5,49.5,50.0,51.0,51.5,52.0,52.0,52.0,51.5,51.5,51.0,50.5,50.5,50.0,50.0,49.5,49.5,50.0,50.0,50.5,50.5,51.0,51.5,52.0,52.0,52.5,52.0,51.5,50.5,49.0,47.5,46.0,44.0,41.5,39.5,37.5,35.5,34.0,32.5,31.5,31.0,31.0,31.5,33.0,34.5,37.0,39.5,43.0,47.0,51.0,56.0,62.0,68.0,74.5,81.0,87.0,93.0,99.0,105.5,111.5,117.0,122.0,126.0,129.0,130.5,131.0,131.5,131.0,130.0,128.0,125.0,121.5,117.0,112.0,107.0,101.5,96.0,91.0,86.0,81.5,77.0,73.0,69.5,66.0,63.0,60.5,58.5,57.0,55.5,54.5,54.0,53.5,53.0,53.0,53.0,52.5,52.5,52.5,52.0,52.0,51.5,51.0,51.0,50.5,50.0,49.5,48.5,48.0,0.0,0.0
34.0,34.0,33.5,33.0,33.0,32.5,32.5,32.5,32.5,32.5,33.0,33.5,34.0,34.5,34.5,35.0,35.0,35.0,35.0,35.5,35.5,35.5,35.5,35.0,35.0,35.0,35.0,35.0,35.0,35.0,35.0,35.0,35.0,35.5,36.0,36.0,36.5,37.0,37.0,37.0,37.0,37.0,36.5,36.5,36.5,36.0,36.0,36.0,35.5,35.5,35.5,35.5,36.0,36.5,37.0,37.5,37.5,38.0,37.5,37.5,37.5,37.5,37.0,37.5,37.5,37.5,37.5,37.5,37.5,37.5,37.5,37.5,38.0,38.0,39.0,39.5,40.0,40.5,40.5,40.5,40.5,40.5,40.5,40.0,40.0,39.5,39.0,39.0,38.5,38.5,38.5,38.5,38.5,38.5,39.0,39.0,39.5,40.0,40.0,40.5,40.5,40.5,40.0,40.0,39.5,39.5,39.0,39.0,39.5,39.5,40.0,40.5,41.0,41.5,42.5,43.0,43.5,44.0,44.5,44.5,44.0,44.0,43.5,43.0,43.0,42.5,42.5,43.0,43.0,43.5,43.5,43.5,43.5,44.0,44.5,45.0,45.5,45.5,46.0,45.5,45.5,45.0,44.5,44.0,44.0,43.5,43.5,43.0,43.0,43.5,44.0,44.0,44.5,45.0,45.5,46.0,46.5,47.0,47.0,47.0,46.5,46.5,46.5,46.0,46.0,46.0,45.5,46.0,46.0,46.0,46.5,46.5,47.0,47.0,47.5,47.5,48.0,48.0,48.0,48.5,48.0,48.0,47.5,47.0,47.0,46.5,46.0,46.0,45.5,45.5,46.0,46.0,46.5,47.0,48.0,48.5,49.0,49.5,49.5,49.5,49.5,49.5,49.0,49.0,48.5,48.5,48.5,48.0,48.0,48.0,48.0,48.5,49.0,49.5,50.0,50.0,50.5,50.5,50.5,50.0,50.0,49.5,49.5,49.5,49.5,49.0,49.0,48.5,48.5,48.0,48.0,48.0,48.5,48.5,49.0,49.0,49.5,49.5,50.0,49.5,49.5,49.5,49.0,49.0,49.0,48.5,48.5,49.0,49.0,49.5,50.0,50.5,51.0,52.0,52.0,52.5,52.5,53.0,53.0,53.0,52.5,52.0,51.5,51.0,50.5,50.0,49.5,49.5,49.5,49.0,49.0,49.5,49.5,50.0,50.5,50.5,50.5,50.5,50.0,50.0,49.5,49.5,49.0,49.0,48.5,48.0,47.5,47.0,46.5,46.5,46.5,46.0,46.0,46.5,46.5,47.0,47.0,47.5,47.5,47.5,47.5,47.0,46.5,46.0,45.5,45.0,44.5,44.0,44.0,44.5,45.0,45.5,46.0,47.0,48.0,48.5,49.0,49.5,50.0,49.5,0.0,0.0
43.5,43.0,42.5,41.0,39.5,38.0,36.0,34.0,32.0,30.0,28.0,26.5,25.0,24.0,23.5,23.0,22.5,22.5,23.0,24.5,26.5,29.5,33.5,38.5,45.0,52.0,59.0,66.5,73.0,79.5,86.0,93.0,100.5,108.0,115.5,122.0,127.5,131.5,134.0,135.5,136.5,136.0,135.0,132.5,129.0,124.5,119.5,114.0,108.5,102.5,97.0,91.5,85.5,80.0,74.5,69.5,64.5,60.5,56.5,53.5,51.0,48.5,47.0,46.0,45.5,45.0,45.0,45.0,45.5,46.0,46.0,46.0,45.5,44.5,44.0,43.5,43.0,42.5,42.5,42.0,42.0,42.0,42.0,42.0,42.0,42.0,42.0,42.5,43.0,43.0,43.5,43.5,43.5,43.0,43.0,42.5,42.0,41.5,41.0,41.0,40.5,40.5,40.5,40.5,40.5,41.0,41.5,41.5,42.0,42.5,42.5,43.0,43.0,43.0,42.5,42.5,42.0,41.5,41.0,40.5,40.0,40.0,39.5,40.0,40.0,40.5,41.0,41.5,42.0,42.0,42.0,42.0,42.0,42.0,41.5,41.5,41.0,40.5,40.0,39.5,39.0,39.0,39.0,39.0,39.0,39.5,40.0,40.0,40.5,40.5,41.0,41.5,41.5,41.5,41.0,40.5,40.0,39.5,38.5,38.0,38.0,37.5,37.5,38.0,38.0,38.5,38.5,39.0,39.5,40.0,40.5,41.0,41.5,41.5,41.5,41.5,41.5,41.0,40.5,40.5,40.0,40.0,40.0,40.0,40.5,40.5,41.0,41.0,41.5,41.5,41.0,41.0,41.0,41.0,40.5,40.5,40.0,40.0,40.0,39.5,39.5,39.5,39.0,39.0,39.5,39.5,40.0,40.5,41.0,41.0,41.5,42.0,42.0,42.0,42.0,41.5,41.5,41.0,40.5,40.5,40.0,40.0,40.0,40.0,40.0,40.5,40.5,41.0,41.5,41.5,42.0,42.0,42.0,41.5,41.5,41.0,40.5,40.0,40.0,39.5,39.5,39.5,39.5,40.0,40.0,40.5,41.5,42.0,42.5,43.0,43.5,43.5,44.0,44.0,44.0,44.0,43.5,43.5,43.5,43.0,43.0,42.5,42.5,42.5,42.5,43.0,43.0,43.5,44.0,44.0,44.5,44.5,44.5,44.0,44.0,43.5,43.5,43.0,42.5,41.5,41.0,40.5,40.5,41.0,41.0,41.5,42.0,42.0,42.5,43.0,43.0,43.5,43.5,43.5,43.0,43.0,43.0,43.0,43.0,43.0,43.0,43.0,43.5,43.5,43.5,43.5,44.0,44.5,45.0,45.5,46.0,46.0,46.0,46.0,46.0,46.0,46.0,46.0,45.5,45.5,0.0,0.0
61.0,61.0,61.5,62.0,62.0,62.0,62.0,62.0,62.0,62.0,62.0,62.0,61.5,61.5,61.5,61.5,61.5,61.5,61.5,61.5,61.5,62.0,62.5,63.0,63.5,64.0,64.5,65.0,65.0,65.5,65.0,65.0,64.5,64.0,63.5,63.0,63.0,63.0,63.0,63.5,63.5,64.0,64.5,65.0,65.0,65.5,65.0,65.0,65.0,64.5,64.5,64.0,64.0,64.0,63.5,63.5,63.5,63.0,63.5,63.5,64.0,64.5,65.0,65.5,66.5,67.0,67.5,67.5,68.0,68.0,68.0,67.5,67.0,67.0,67.0,66.5,66.5,66.0,66.0,66.0,66.0,65.5,65.5,65.5,65.5,66.0,66.0,66.0,66.0,66.0,66.0,66.0,65.5,65.5,65.0,65.0,64.5,64.5,64.5,64.5,64.5,65.0,65.5,66.0,66.5,67.0,67.0,67.0,67.0,67.0,67.0,66.5,66.0,66.0,65.5,65.0,65.0,65.0,64.5,65.0,65.0,65.0,65.5,66.0,66.5,66.5,66.5,66.5,66.5,66.5,66.0,65.5,65.0,64.5,64.5,64.0,63.5,63.5,63.5,64.0,64.0,64.5,64.5,64.5,64.5,65.0,65.0,65.0,65.5,65.5,65.5,65.5,65.5,65.0,64.5,64.5,64.5,64.5,64.5,64.0,64.0,64.0,64.5,64.5,64.5,64.5,64.5,64.5,64.5,64.5,64.5,64.5,64.0,64.0,63.5,63.5,63.5,63.5,63.5,64.0,64.0,64.5,65.0,65.0,65.0,65.0,65.0,65.0,65.0,65.0,65.0,64.5,64.5,64.0,63.5,63.5,63.5,63.5,63.0,63.5,63.5,63.5,63.5,64.0,64.0,64.0,64.5,64.5,64.5,64.5,64.5,64.0,64.0,63.5,63.0,63.0,63.0,63.0,63.0,63.0,63.5,63.5,64.0,64.5,65.0,65.0,65.5,65.5,66.0,66.0,66.0,65.5,65.0,64.5,64.0,63.5,63.5,63.0,63.0,63.0,63.0,63.5,64.0,64.5,65.0,65.0,65.5,65.5,65.5,65.5,65.5,65.0,65.0,65.0,64.5,64.5,64.5,64.5,65.0,65.5,65.5,66.0,66.5,67.0,67.5,67.5,68.0,68.0,68.0,67.5,67.0,66.5,66.0,65.5,65.0,64.0,63.5,62.5,62.0,61.0,60.5,60.0,60.0,60.5,61.5,62.5,64.0,65.5,67.0,68.0,69.0,69.5,69.5,70.0,69.5,69.5,69.0,68.5,68.0,67.5,67.0,67.0,67.0,66.5,66.5,66.5,66.5,66.5,66.0,66.0,65.5,65.0,64.0,63.5,63.0,62.5,62.0,62.0,61.5,61.5,0.0,0.0
71.0,71.0,71.0,71.5,71.5,71.5,71.5,71.5,71.5,72.0,72.0,72.0,72.5,72.5,72.5,72.0,71.5,71.0,70.5,70.5,70.0,70.0,70.0,70.0,70.0,70.0,70.5,70.5,71.0,71.5,72.0,72.0,72.0,72.0,72.0,71.5,71.5,71.0,70.5,70.5,70.0,70.0,70.0,70.0,70.0,70.0,70.5,71.0,71.5,71.5,72.0,72.0,72.5,72.5,72.5,72.5,72.0,71.5,71.0,70.5,70.0,69.0,68.5,68.5,68.5,68.5,68.5,68.5,69.0,69.0,69.0,69.0,69.0,69.0,69.5,69.5,69.5,69.0,69.0,69.0,69.0,68.5,68.5,68.5,68.5,69.0,69.0,69.5,70.0,70.0,70.0,70.5,70.5,70.5,70.5,70.0,69.5,69.0,68.5,68.0,67.5,67.5,67.0,67.0,66.5,66.5,66.5,67.0,67.0,67.5,68.0,68.5,68.5,69.0,69.0,69.0,69.0,68.5,68.5,68.0,68.0,67.5,67.5,67.5,67.5,67.5,68.0,68.0,68.5,69.0,69.0,69.0,69.0,69.0,68.5,68.0,67.5,67.5,67.0,67.0,66.5,66.5,66.0,66.0,66.0,66.0,66.0,66.5,67.0,67.5,68.0,68.5,69.0,69.0,69.0,69.0,69.0,68.5,68.5,68.5,68.0,68.0,67.5,67.0,67.0,67.0,67.5,68.0,68.0,68.5,68.5,69.0,69.5,69.5,70.0,70.0,70.0,69.5,69.0,69.0,68.5,68.0,67.5,67.5,67.5,67.5,67.5,68.0,68.0,68.5,69.0,69.0,69.5,69.5,70.0,70.0,70.0,69.5,69.5,69.0,68.5,67.5,67.5,67.0,67.0,67.5,67.5,68.0,68.5,69.0,69.0,69.5,69.5,69.5,69.5,69.5,69.5,69.5,69.0,68.5,68.5,68.0,67.5,67.5,67.5,68.0,68.0,68.5,68.5,68.5,68.5,68.5,68.5,68.5,68.5,68.5,68.0,67.5,67.5,67.0,66.5,66.5,66.0,66.0,66.0,66.0,66.0,66.0,66.5,66.5,67.0,67.0,67.0,67.0,67.5,67.5,67.5,67.0,67.0,66.5,66.0,66.0,66.0,66.0,66.5,67.5,68.0,69.0,69.5,70.5,71.5,72.0,73.0,73.0,73.5,73.0,73.0,72.5,72.0,72.0,71.5,71.0,71.0,71.0,71.5,71.5,71.5,71.5,71.5,71.5,71.5,71.5,71.0,71.0,71.0,71.0,71.0,70.5,70.5,70.5,70.0,69.5,69.0,68.5,68.5,68.5,69.0,69.0,69.5,70.0,70.5,71.0,71.5,71.5,71.0,70.5,70.0,70.0,69.5,69.5,0.0,0.0
79.0,79.0,79.0,79.0,79.0,79.0,78.5,78.5,78.5,78.5,78.5,78.5,78.5,78.5,78.5,78.5,78.0,78.0,77.5,77.0,77.0,76.5,76.0,76.0,76.0,76.0,76.5,77.0,77.5,78.0,79.0,80.0,81.0,82.0,83.0,83.5,83.5,83.5,83.5,83.5,83.5,83.5,83.5,83.0,83.0,82.0,81.5,81.0,80.0,79.5,79.0,79.0,78.5,78.5,78.5,78.5,78.5,78.5,79.0,79.0,79.5,79.5,79.5,79.0,79.0,79.0,78.5,78.5,78.0,77.5,77.5,77.0,77.0,77.0,77.0,77.0,77.5,78.0,78.5,79.0,79.5,80.0,80.5,80.5,80.5,80.5,80.0,79.5,79.5,79.0,79.0,79.0,78.5,78.5,78.5,79.0,79.0,79.0,79.0,79.0,79.5,79.5,79.5,79.5,79.5,80.0,80.0,79.5,79.5,79.0,79.0,78.5,78.5,78.5,79.0,79.0,79.5,80.0,80.5,81.0,81.5,81.5,81.5,81.5,81.5,81.0,81.0,81.0,80.5,80.5,80.0,79.5,79.0,79.0,78.5,78.0,78.0,78.5,78.5,79.0,79.5,79.5,80.0,80.0,80.0,80.0,80.0,79.5,79.5,79.0,79.0,78.5,78.5,79.0,79.0,79.0,79.5,79.5,80.0,80.5,81.5,81.5,82.0,82.0,82.0,82.0,81.5,81.5,81.5,81.0,81.0,81.0,81.0,81.0,81.0,81.0,81.5,81.5,82.0,82.5,83.0,83.5,83.5,83.5,83.5,83.5,83.5,83.5,83.5,83.0,83.0,82.5,82.5,82.5,82.5,82.5,83.0,83.0,83.5,83.5,84.0,84.5,84.5,85.0,85.0,85.0,84.5,84.5,84.0,83.5,83.0,82.5,82.5,82.0,82.0,82.0,82.0,82.5,82.5,83.0,83.5,84.0,84.5,84.5,85.0,85.0,84.5,84.0,83.5,83.5,83.0,83.0,83.0,83.0,83.5,84.0,84.5,84.5,85.0,85.5,86.0,86.0,86.5,86.5,87.0,87.0,86.5,86.5,86.5,86.0,86.0,86.0,85.5,85.5,85.0,85.5,85.5,85.5,85.5,85.5,85.5,86.0,86.0,86.5,86.5,86.5,86.5,86.0,85.5,85.0,85.0,84.5,85.0,85.0,85.0,85.5,85.5,86.0,86.0,86.5,87.0,87.5,88.0,88.0,88.0,88.0,88.0,88.0,88.0,88.0,87.5,87.5,87.5,87.0,87.0,87.0,87.0,87.5,88.0,88.5,89.0,89.5,89.5,90.0,90.0,89.5,89.5,89.0,89.0,89.0,88.5,88.0,88.0,87.5,87.5,87.5,87.5,88.0,88.5,89.0,0.0,0.0
67.5,74.0,81.0,88.5,95.5,102.5,109.0,115.0,121.5,127.5,134.0,140.0,145.5,149.5,152.0,153.5,154.0,154.0,153.5,152.5,150.5,147.5,143.5,139.0,134.5,129.5,124.5,119.0,114.0,108.5,103.5,99.0,94.5,90.5,87.0,84.0,81.0,78.0,76.0,74.5,73.0,72.0,71.5,71.0,70.5,70.0,69.5,69.0,68.5,68.5,68.5,68.5,68.5,68.5,68.5,68.5,68.5,68.5,68.5,68.5,68.0,67.5,67.0,66.5,66.0,66.0,66.0,66.0,66.0,66.0,66.0,66.0,66.0,66.0,66.0,66.0,66.5,66.5,66.5,66.0,66.0,65.5,65.5,65.0,65.0,64.5,64.5,64.5,64.0,64.0,64.0,64.0,64.5,64.5,65.0,65.0,65.0,65.0,65.0,65.0,64.5,64.5,64.0,64.0,63.5,63.5,63.5,63.0,63.5,63.5,64.0,64.0,64.5,64.5,65.0,65.0,65.5,65.5,65.5,65.5,65.5,65.0,65.0,64.5,64.5,64.0,64.0,64.0,63.5,63.5,63.5,63.5,63.5,63.5,64.0,64.0,64.0,64.0,63.5,63.5,63.0,62.5,62.0,61.5,61.0,61.0,60.5,60.5,60.0,60.0,60.5,60.5,61.0,61.0,61.5,62.0,62.0,62.0,62.5,62.5,62.5,62.5,62.5,62.0,62.0,61.5,61.5,61.0,61.0,60.5,60.5,61.0,61.0,61.5,62.0,62.0,62.0,62.0,62.0,62.0,62.0,62.0,62.0,61.5,61.5,61.5,61.5,61.5,61.5,61.5,61.5,61.5,62.0,62.5,63.0,63.5,64.0,64.5,65.0,65.0,65.5,65.0,65.0,64.5,64.0,63.5,63.0,63.0,63.0,63.0,63.5,63.5,64.0,64.5,65.0,65.0,65.5,65.0,65.0,65.0,64.5,64.5,64.0,64.0,64.0,63.5,63.5,63.5,63.0,63.5,63.5,64.0,64.5,65.0,65.5,66.5,67.0,67.5,67.5,68.0,68.0,68.0,67.5,67.0,67.0,67.0,66.5,66.5,66.0,66.0,66.0,66.0,65.5,65.5,65.5,65.5,66.0,66.0,66.0,66.0,66.0,66.0,66.0,65.5,65.5,65.0,65.0,64.5,64.5,64.5,64.5,64.5,65.0,65.5,66.0,66.5,67.0,67.0,67.0,67.0,67.0,67.0,66.5,66.0,66.0,65.5,65.0,65.0,65.0,64.5,65.0,65.0,65.0,65.5,66.0,66.5,66.5,66.5,66.5,66.5,66.5,66.0,65.5,65.0,64.5,64.5,64.0,63.5,63.5,63.5,64.0,64.0,64.5,64.5,64.5,64.5,65.0,65.0,65.0,65.5,0.0,0.0
89.0,89.0,89.0,89.5,89.5,90.0,90.5,91.0,91.5,91.5,91.5,91.5,91.5,91.0,90.5,90.0,89.5,89.0,89.0,88.5,88.5,88.0,88.5,88.5,89.0,89.5,90.0,90.0,90.5,90.5,91.0,90.5,90.5,90.0,90.0,89.5,89.0,88.5,88.0,87.5,87.0,87.0,87.0,87.5,87.5,87.5,88.0,88.0,88.0,88.0,88.0,88.0,88.0,87.5,87.0,86.5,86.0,86.0,85.5,85.5,85.5,85.5,86.0,86.0,86.5,86.5,87.0,87.0,87.5,87.5,87.5,87.5,87.0,86.5,86.0,85.5,85.0,84.5,84.0,83.5,83.5,83.5,83.5,83.5,84.0,84.5,85.0,85.0,85.0,85.0,85.0,84.5,84.0,84.0,83.5,83.0,82.5,82.0,82.0,81.5,82.0,82.5,83.0,84.0,84.5,85.5,86.5,87.0,88.0,88.5,89.0,89.5,89.5,89.5,89.0,89.0,88.5,88.5,88.0,87.5,87.5,87.5,87.5,88.0,88.0,88.5,88.5,88.5,88.5,88.5,88.5,88.0,87.5,87.0,86.5,86.0,86.0,85.5,85.5,85.5,85.5,85.5,86.0,86.0,86.5,87.0,87.5,88.0,88.0,88.5,88.5,88.5,88.5,88.5,88.5,88.0,88.0,87.5,87.5,87.5,87.5,87.5,88.0,88.5,89.0,89.5,89.5,90.0,90.0,90.5,91.0,91.0,90.5,90.5,90.0,89.5,89.0,89.0,88.5,88.5,88.5,88.5,89.0,89.5,90.0,90.0,90.5,90.5,90.5,90.5,90.0,89.5,88.5,87.5,86.0,84.5,82.5,80.5,78.0,75.5,73.5,71.5,70.0,69.5,69.0,69.5,70.0,71.0,72.5,74.5,77.0,80.5,84.5,89.0,94.5,100.0,106.5,113.0,119.5,126.0,132.5,138.5,145.0,151.0,157.5,163.0,167.0,170.5,172.0,173.0,173.5,173.0,172.0,170.0,167.5,163.5,159.0,154.5,149.5,144.5,139.5,134.0,129.0,124.5,120.0,115.5,112.0,108.5,105.5,102.5,100.0,98.0,96.0,94.5,93.5,92.5,91.5,91.0,90.5,90.0,90.0,89.5,89.5,90.0,90.0,90.0,90.5,90.5,90.5,90.0,90.0,89.5,89.5,89.0,88.5,88.0,87.5,87.0,86.5,86.0,85.5,85.5,85.5,85.5,86.0,86.5,86.5,87.0,87.5,87.5,87.5,87.5,87.5,87.0,86.5,86.5,86.5,86.5,86.5,87.0,87.0,87.5,87.5,87.5,88.0,88.0,88.0,87.5,87.0,86.5,86.0,85.5,84.5,83.5,82.5,81.5,81.0,80.5,80.5,81.5,0.0,0.0
48.0,48.5,48.5,49.0,49.0,49.0,49.0,48.5,48.5,48.0,47.5,47.0,47.0,47.0,46.5,47.0,47.0,47.0,47.5,48.0,48.5,49.0,49.0,49.5,49.5,50.0,50.0,49.5,49.5,50.0,50.0,50.0,50.0,50.0,50.0,50.0,50.0,50.0,50.5,50.5,51.0,51.0,51.5,51.5,51.5,51.5,51.5,51.5,51.0,51.0,50.5,50.5,50.0,50.0,50.0,50.0,50.0,50.5,50.5,50.5,51.0,51.5,51.5,51.5,52.0,52.0,52.0,52.0,52.0,51.5,51.0,50.5,50.0,49.5,49.0,49.0,49.0,49.5,50.0,50.5,51.0,51.0,51.5,51.5,51.5,51.5,51.5,51.5,51.5,51.0,50.5,50.5,50.0,49.5,49.0,49.0,49.0,49.5,49.5,50.0,50.0,50.5,51.0,51.5,51.5,51.5,51.5,51.5,51.5,51.5,51.0,51.0,50.5,50.0,49.5,49.5,49.5,49.5,49.5,50.0,50.0,50.0,50.5,50.5,50.5,51.0,51.0,50.5,50.5,50.5,50.5,50.5,50.5,50.5,50.5,50.5,50.5,50.5,50.5,50.5,50.5,51.0,51.5,52.0,52.5,52.5,53.0,53.0,53.0,53.0,52.5,52.5,52.0,52.0,52.0,52.5,52.5,52.5,52.5,52.5,52.5,53.0,53.0,53.5,54.0,54.0,54.0,54.0,53.5,53.5,53.5,53.0,53.0,52.5,52.5,52.5,52.5,53.0,53.5,53.5,54.0,54.0,54.5,54.5,54.5,54.5,54.5,54.5,54.5,54.5,54.5,54.0,54.0,53.5,53.0,52.5,52.0,52.0,52.0,52.0,52.5,52.5,52.5,53.0,53.0,53.0,53.0,52.5,52.5,52.0,52.0,52.0,51.5,51.5,51.5,51.5,52.0,52.5,52.5,53.0,53.5,53.5,54.0,54.0,54.5,54.5,54.5,54.0,54.0,53.5,53.0,52.5,52.0,52.0,51.5,51.5,51.5,51.5,52.0,52.0,52.5,52.5,53.0,53.0,53.5,53.5,53.5,53.5,53.5,53.5,53.5,53.5,53.5,53.5,53.0,53.0,53.0,53.0,53.5,53.5,54.0,54.0,54.5,55.0,55.0,55.5,55.5,55.0,55.0,54.5,54.0,53.5,53.0,52.5,52.0,52.0,52.0,52.0,52.5,53.0,53.5,54.0,54.0,54.5,54.5,55.0,55.0,54.5,54.5,54.0,54.0,54.0,54.0,54.0,54.0,54.0,54.5,54.5,54.5,54.5,55.0,55.0,55.0,55.0,55.5,56.0,56.0,56.5,56.5,56.0,55.5,55.0,54.5,54.0,54.0,53.5,53.5,53.5,53.5,53.5,0.0,0.0
53.5,53.5,53.0,52.5,51.5,50.5,49.5,48.5,47.5,46.5,46.0,45.5,45.0,45.0,45.0,45.0,45.5,45.5,46.0,46.5,47.0,47.0,47.0,46.5,46.0,45.5,45.5,45.0,45.0,45.0,45.0,45.5,45.5,45.5,45.5,45.5,46.0,46.0,46.5,47.0,47.5,48.0,48.0,48.0,48.0,47.5,47.0,46.5,45.5,45.0,44.5,44.5,44.5,44.5,45.0,45.0,45.5,46.0,46.0,46.5,46.5,46.5,46.5,46.0,46.0,46.0,45.5,45.0,44.5,44.0,43.5,43.5,43.5,44.0,44.0,44.0,44.0,44.5,44.5,45.0,45.0,45.5,45.5,45.5,45.0,44.5,44.5,44.0,44.0,43.5,43.0,43.0,43.0,43.0,43.5,44.0,44.0,44.5,45.0,45.5,46.0,46.0,46.0,46.0,45.5,45.5,45.0,44.5,44.0,43.5,43.5,43.5,43.5,43.5,43.5,43.5,44.0,44.5,44.5,45.0,45.5,45.5,45.5,45.5,45.0,45.0,44.5,44.5,45.0,45.0,45.0,45.0,45.0,45.0,45.5,46.0,46.5,47.0,47.0,47.0,47.0,47.0,46.5,46.5,46.5,46.5,46.0,46.0,45.5,45.5,45.0,44.5,44.5,45.0,45.0,45.5,46.0,46.0,46.5,46.5,47.0,47.0,47.0,46.5,46.5,46.0,45.5,45.5,45.0,45.0,45.0,45.0,45.5,45.5,45.5,45.5,46.0,46.0,46.0,46.5,46.5,47.0,47.0,47.0,46.5,46.5,46.0,46.0,45.5,45.5,45.5,45.5,45.5,46.0,46.0,46.5,47.0,47.5,47.5,48.0,48.0,48.5,48.5,48.0,48.0,47.5,47.0,46.5,46.5,46.0,46.0,46.0,46.0,46.5,46.5,47.0,47.0,47.5,47.5,47.5,47.5,48.0,47.5,47.5,47.0,47.0,46.5,46.0,46.0,45.5,45.5,45.5,45.5,45.5,46.0,46.5,47.0,47.5,48.0,48.0,47.5,47.5,47.5,47.0,47.0,46.5,46.5,46.0,46.0,46.0,46.0,46.0,46.0,46.5,46.5,46.5,46.5,46.5,47.0,47.5,47.5,47.5,47.5,47.5,47.0,46.5,46.5,46.0,45.5,45.0,44.5,44.5,44.5,44.5,45.0,45.0,45.5,46.0,46.5,47.0,47.5,48.0,48.0,48.0,47.5,47.0,46.5,46.0,45.5,45.5,45.5,45.5,45.5,46.0,46.5,47.0,47.5,48.0,48.5,49.0,49.0,49.0,49.0,48.5,48.0,48.0,47.5,47.0,46.5,46.0,45.5,45.5,45.0,45.0,45.5,45.5,46.0,46.5,47.0,47.0,0.0,0.0
46.5,46.5,47.0,47.0,47.5,47.5,47.5,47.5,47.0,46.5,46.0,45.5,45.0,44.5,44.0,44.0,44.5,45.0,45.5,46.0,47.0,48.0,48.5,49.0,49.5,50.0,49.5,49.5,49.0,49.0,48.5,48.5,48.0,48.0,48.0,48.0,48.0,48.0,48.0,48.0,48.0,47.5,46.5,46.0,45.5,45.0,44.5,44.0,44.0,44.0,44.5,45.0,46.0,47.0,47.5,48.5,50.0,50.5,51.5,52.0,52.5,52.5,52.5,52.5,52.5,52.0,51.5,51.0,50.0,49.0,48.0,47.5,46.5,46.0,46.0,45.5,45.5,45.5,45.5,46.0,46.0,46.5,47.0,47.0,47.0,47.0,47.0,47.0,46.5,46.5,46.5,46.0,46.0,46.0,46.0,46.0,46.0,46.0,46.0,46.0,46.5,46.5,47.0,47.0,46.5,46.0,44.5,43.0,41.0,38.5,36.0,33.5,30.5,28.5,26.5,25.0,24.5,24.0,24.0,24.5,26.0,27.5,30.0,33.5,37.0,41.5,47.0,53.0,59.5,66.5,73.5,80.0,86.5,92.5,99.0,105.5,112.0,118.0,122.5,126.5,129.0,131.0,132.0,133.0,132.5,131.5,129.0,125.0,120.0,114.5,108.5,102.5,96.0,90.0,84.0,78.5,73.5,68.5,64.5,61.0,58.0,55.5,53.5,51.5,50.0,49.0,48.0,47.5,47.0,46.5,46.0,46.0,45.5,45.0,44.5,44.5,44.5,44.5,44.5,45.0,45.5,45.5,45.5,45.5,45.5,45.5,45.0,45.0,44.5,44.0,44.0,43.5,43.0,42.5,42.0,42.0,42.0,42.0,42.0,42.5,42.5,43.0,43.0,43.0,43.0,43.0,43.0,42.5,42.5,42.0,41.5,41.5,41.0,40.5,40.5,40.5,40.0,40.5,40.5,40.5,41.0,41.5,42.0,42.5,43.0,43.5,43.5,43.5,43.5,43.0,42.5,42.0,41.5,41.5,41.0,41.0,41.0,41.5,41.5,41.5,42.0,42.0,42.5,42.5,42.5,42.5,42.5,42.0,41.5,41.5,41.0,40.5,40.5,40.5,40.0,40.0,40.0,40.5,40.5,41.0,41.0,41.5,41.5,42.0,42.0,42.5,42.5,42.5,42.5,42.0,41.5,41.5,41.0,40.5,40.0,40.0,39.5,39.5,40.0,40.5,40.5,41.0,41.5,41.5,41.5,41.5,41.0,41.0,40.5,40.5,40.0,40.0,40.0,39.5,39.5,39.5,39.5,39.5,40.0,40.5,40.5,41.0,41.5,42.0,42.0,42.5,42.0,42.0,41.5,41.0,41.0,40.5,40.0,40.0,40.5,40.5,40.5,41.0,41.5,41.5,0.0,0.0
26.5,26.0,25.5,26.0,26.0,26.0,26.5,26.5,26.5,26.5,26.5,27.0,27.0,27.0,26.5,26.5,26.5,26.0,25.5,25.5,25.0,25.0,24.5,24.5,24.0,24.0,24.5,24.5,25.0,25.5,25.5,26.0,26.5,26.5,26.5,26.5,26.5,26.0,26.0,26.0,25.5,25.5,26.0,26.0,26.5,27.0,27.5,27.5,28.0,28.5,28.5,28.5,28.5,28.5,28.5,28.5,28.5,28.0,27.5,27.0,26.5,26.5,26.0,25.5,25.5,25.5,25.5,25.5,26.0,26.0,26.5,27.0,27.0,27.0,27.5,27.0,27.0,26.5,26.5,26.0,26.0,25.5,25.5,25.0,25.0,25.5,26.0,26.5,27.0,27.5,28.0,28.0,28.0,28.0,27.5,27.5,27.0,26.5,26.5,26.0,26.0,26.0,25.5,25.5,25.5,25.5,26.0,26.0,26.5,26.5,27.0,27.5,27.5,28.0,28.0,27.5,27.0,27.0,26.5,26.0,26.0,25.5,25.5,25.5,25.5,25.5,25.5,25.5,26.0,26.0,26.5,27.0,27.5,27.5,28.0,28.0,27.5,27.5,27.0,26.5,26.0,25.5,25.0,24.5,24.5,24.5,24.5,24.5,24.5,24.5,24.5,24.5,24.5,24.0,23.5,23.0,22.0,22.0,21.5,21.0,21.0,20.5,20.5,20.0,20.0,20.5,20.5,21.0,22.0,22.5,23.0,23.5,24.0,24.5,24.5,25.0,25.5,26.0,26.5,26.5,26.5,26.5,26.5,26.0,26.0,25.5,25.5,25.5,26.0,26.0,26.0,26.0,26.0,25.5,25.5,25.0,25.0,24.5,24.5,24.0,24.0,24.0,24.0,23.5,23.5,24.0,24.0,24.5,25.0,25.5,26.0,26.0,26.5,26.5,26.5,26.5,26.5,26.5,26.5,26.0,26.0,25.5,25.5,25.5,25.5,25.5,26.0,26.5,26.5,27.0,27.5,27.5,28.0,28.0,28.5,28.0,28.0,27.5,27.0,27.0,26.5,26.5,26.5,26.5,26.5,26.5,27.0,27.0,27.0,27.0,27.0,27.0,26.5,25.5,24.0,22.5,20.5,18.0,15.5,13.0,10.0,8.0,6.0,4.5,3.5,3.0,3.0,3.5,5.0,7.5,10.5,14.5,19.5,25.0,31.5,38.5,46.0,53.5,60.5,67.5,74.0,81.0,88.0,94.5,101.0,107.0,111.5,115.5,118.0,120.0,121.0,120.5,119.5,116.5,112.5,107.0,100.5,93.5,86.5,79.5,73.0,66.5,61.0,56.0,51.5,48.0,45.0,43.0,41.0,39.5,38.0,37.0,36.0,35.5,35.0,34.5,34.5,33.5,33.0,31.5,0.0,0.0
11.0,10.5,10.5,10.0,10.0,10.5,10.5,11.0,11.5,11.5,12.0,12.0,12.0,12.0,11.5,11.5,11.5,11.0,11.0,10.5,10.5,10.5,10.5,10.5,11.0,11.0,11.0,11.0,11.0,11.5,11.5,12.0,12.0,12.5,13.0,13.0,13.0,12.5,12.5,12.0,11.5,11.5,11.0,11.0,11.0,11.0,11.0,11.5,11.5,12.0,12.0,12.5,12.5,12.5,12.5,12.0,11.5,11.0,10.5,10.0,9.5,9.5,9.0,9.0,9.5,9.5,10.0,10.5,11.0,11.5,12.0,13.0,13.5,14.0,14.0,14.0,14.0,13.5,13.0,12.0,11.5,11.0,11.0,11.0,11.0,11.5,12.0,12.0,12.5,12.5,12.5,12.5,12.5,12.5,12.5,12.0,12.0,12.0,12.0,11.5,11.5,11.5,11.5,11.0,11.5,11.5,12.0,12.5,13.0,13.5,14.0,14.5,15.0,15.0,15.0,15.0,14.5,14.5,14.0,13.5,13.0,12.5,12.0,12.0,12.0,12.5,13.0,13.5,14.0,14.5,14.5,14.5,14.5,14.0,14.0,14.0,13.5,13.5,13.0,13.0,12.5,12.5,12.5,12.5,12.5,13.0,13.0,13.5,14.0,14.5,14.5,15.0,15.0,15.0,15.5,15.5,15.5,15.0,15.0,15.0,15.0,14.5,14.5,14.5,15.0,15.0,15.5,16.0,16.5,16.5,17.0,17.5,17.5,17.5,17.5,17.5,17.0,17.0,16.5,16.0,15.5,15.0,15.0,14.5,14.5,14.5,14.5,14.5,15.0,15.5,16.0,16.0,16.0,16.0,16.0,15.5,15.5,15.0,15.0,14.5,14.5,14.5,14.5,14.5,14.5,14.5,14.5,15.0,15.5,16.0,16.5,17.0,17.0,17.5,17.5,17.5,17.5,17.0,16.5,16.0,16.0,16.0,16.0,16.0,16.0,16.0,16.5,16.5,16.5,17.0,17.0,17.5,18.0,18.0,18.0,18.0,18.0,17.5,16.5,16.0,16.0,15.5,15.5,15.5,16.0,16.0,16.5,17.0,17.5,18.0,18.5,19.0,19.5,20.0,20.0,19.5,19.0,19.0,18.5,18.0,18.0,18.0,18.0,18.0,18.0,18.0,18.5,18.5,18.5,19.0,19.0,19.0,19.0,19.0,19.0,18.5,18.5,18.5,18.0,18.0,18.0,17.5,17.5,17.5,17.5,18.0,18.5,19.0,19.5,20.0,20.5,21.0,21.0,21.5,21.5,21.5,21.5,21.5,21.0,21.0,21.0,20.5,20.5,20.5,20.0,20.0,20.0,20.0,20.0,20.0,20.5,20.5,21.0,21.0,21.0,21.0,20.5,20.0,19.5,19.5,0.0,0.0
49.0,49.0,48.5,48.0,47.5,47.0,46.5,46.5,46.0,46.0,46.0,46.0,46.5,46.5,47.0,47.5,48.0,48.0,48.5,48.5,48.0,47.5,47.0,46.5,46.0,45.5,45.5,45.0,45.0,44.5,45.0,45.0,45.5,46.0,46.5,46.5,46.5,46.5,46.5,46.5,46.5,46.0,45.5,45.0,45.0,44.5,44.5,44.0,44.0,44.0,44.5,44.5,44.5,44.5,45.0,45.0,45.0,45.5,46.0,46.0,46.0,46.0,45.5,45.0,44.5,44.0,43.5,43.0,42.5,42.5,42.5,43.0,43.0,43.5,43.5,44.0,44.5,44.5,45.0,45.5,45.5,45.5,45.5,45.0,45.0,44.5,44.5,44.5,44.5,44.0,44.0,44.0,44.5,44.5,45.0,45.5,46.0,46.5,47.0,47.5,47.5,47.5,47.0,47.0,47.0,46.5,46.5,46.5,46.0,46.0,46.5,46.5,47.0,47.0,47.0,47.0,47.0,47.0,47.0,47.0,47.5,47.5,47.5,47.0,47.0,47.0,46.5,46.5,46.5,46.5,47.0,47.0,47.5,48.0,48.0,48.5,48.5,49.0,49.0,49.5,49.5,49.5,49.5,49.0,48.5,48.5,48.0,47.5,47.5,48.0,48.0,48.5,48.5,49.0,49.0,48.5,48.5,48.0,48.0,48.0,48.0,48.0,47.5,47.5,47.5,47.0,47.0,47.0,47.0,47.0,47.5,47.5,48.0,48.0,48.0,48.5,48.5,48.5,49.0,49.0,49.5,49.5,49.0,49.0,48.5,48.0,47.5,47.5,47.5,47.5,47.5,48.0,48.0,48.5,48.5,48.5,48.0,48.0,48.0,48.0,48.0,48.0,48.0,48.0,48.0,48.0,48.0,48.0,48.0,48.0,48.0,48.0,48.0,48.5,48.5,49.0,49.0,49.0,49.0,49.0,48.5,48.5,48.0,48.0,48.0,47.5,47.0,46.5,46.0,46.0,46.0,46.0,46.0,46.0,46.0,46.0,46.0,46.0,45.5,45.5,45.0,45.0,44.5,44.5,44.5,44.0,43.5,43.5,43.0,42.5,42.5,42.5,43.0,43.0,43.5,43.5,44.0,43.5,43.5,43.0,43.0,42.5,41.5,41.0,40.5,40.0,39.0,38.5,38.0,38.0,38.0,38.0,38.5,39.0,39.5,40.0,40.5,41.0,41.5,42.0,42.0,42.0,42.0,42.0,42.5,43.0,43.5,44.0,44.0,44.0,44.5,44.5,45.0,45.0,45.5,45.5,45.5,45.5,45.5,45.0,44.5,44.0,44.0,43.5,43.5,43.0,42.5,42.5,42.0,42.0,42.0,42.0,42.0,42.5,43.0,43.0,43.5,44.0,44.0,44.0,0.0,0.0
41.0,41.5,41.5,41.5,41.5,41.0,41.0,40.5,39.5,39.0,38.0,37.5,37.0,36.5,36.5,36.0,36.0,36.0,36.5,37.0,37.5,37.5,38.0,38.0,38.5,39.0,39.0,39.0,39.0,39.0,39.0,38.5,38.5,38.0,38.0,38.0,37.5,37.5,37.5,37.5,37.5,38.0,38.0,38.5,39.0,40.0,40.5,40.5,41.0,41.0,41.0,41.0,41.0,41.0,41.0,41.0,41.0,40.5,40.5,40.5,40.5,41.0,41.5,42.0,42.0,42.0,42.0,42.0,41.5,41.0,41.0,40.5,40.0,40.0,40.0,40.0,39.5,39.5,40.0,40.0,40.0,40.5,41.0,41.0,41.5,41.5,41.5,41.5,41.5,41.5,41.5,41.5,41.5,41.5,41.5,41.5,42.0,42.0,42.5,42.5,43.0,43.5,44.0,44.5,45.0,45.0,45.5,45.5,45.5,45.5,45.0,45.0,44.5,44.0,43.5,43.5,43.5,44.0,44.5,45.0,45.5,46.5,47.0,47.5,48.0,48.5,48.5,49.0,49.0,49.0,48.5,48.5,48.5,48.5,48.0,48.0,48.0,47.5,48.0,48.0,48.5,49.0,49.5,50.0,50.5,50.5,51.0,50.5,50.5,50.0,50.0,49.5,49.5,49.0,49.0,49.0,49.0,49.0,49.0,49.5,50.0,50.5,51.0,51.0,51.5,52.0,52.0,52.0,52.0,51.5,51.5,51.5,51.0,50.5,50.5,50.0,50.0,50.0,50.0,50.5,50.5,51.0,51.0,51.5,51.5,52.0,52.0,52.5,52.5,52.5,52.5,53.0,53.0,53.0,53.0,53.0,52.5,52.5,52.5,52.5,53.0,53.5,54.0,54.5,54.5,54.5,54.5,55.0,55.0,55.0,54.5,54.5,54.0,53.5,53.5,53.5,53.5,53.5,53.5,53.5,54.0,54.0,54.5,55.0,55.5,55.5,56.0,56.0,56.0,55.5,55.5,55.5,55.5,55.5,55.5,55.5,55.0,55.0,55.0,55.5,55.5,56.0,56.0,56.5,56.5,56.5,57.0,57.0,57.5,57.0,57.0,57.0,56.5,56.5,57.0,57.0,57.5,57.5,58.0,58.5,59.0,59.5,60.0,60.5,61.0,61.0,61.0,61.0,60.5,60.5,60.0,59.5,59.0,58.5,58.0,58.0,58.0,58.0,58.0,58.0,58.5,58.5,58.5,59.0,59.0,59.0,58.5,58.5,58.5,58.0,58.0,57.5,57.0,57.0,57.0,57.0,56.5,56.5,56.5,56.5,56.5,57.0,57.5,58.5,59.0,59.5,60.0,60.5,61.0,61.0,61.0,60.5,60.5,60.5,61.0,61.0,61.0,61.0,61.0,61.0,0.0,0.0
53.0,53.0,53.0,52.5,52.5,52.5,52.5,52.5,52.5,53.5,54.0,54.5,54.5,55.0,55.0,55.0,55.0,55.0,55.0,55.0,55.0,54.5,54.5,54.0,54.0,54.0,54.0,54.0,54.0,54.0,54.5,54.5,54.5,54.5,54.5,54.5,55.0,55.0,55.0,54.5,54.5,54.5,54.0,54.0,53.5,53.5,53.5,53.5,54.0,54.0,54.5,55.0,55.5,56.0,56.0,56.5,56.5,56.0,56.0,55.5,55.0,55.0,55.0,55.0,55.0,54.5,54.5,54.5,55.0,55.5,55.5,55.5,56.0,56.0,55.5,55.5,55.0,55.0,54.5,54.0,53.5,53.0,52.5,52.0,52.0,51.5,51.5,51.0,51.0,51.5,51.5,52.0,52.5,53.0,53.5,54.0,54.0,54.0,54.0,53.5,53.5,53.0,53.0,53.0,53.0,53.5,53.5,54.0,54.5,55.0,55.5,56.5,57.5,58.0,58.0,58.5,58.5,58.0,58.0,57.5,57.5,57.0,56.5,56.0,55.5,55.5,55.0,55.0,55.5,55.5,56.0,56.5,57.5,57.5,57.5,57.5,57.5,57.5,57.0,57.0,56.5,56.5,56.5,56.0,56.0,55.5,55.5,55.5,56.0,56.0,56.5,57.0,57.0,57.0,57.0,56.5,56.5,56.0,55.5,55.0,54.5,54.0,54.0,53.5,53.5,53.0,53.0,53.5,53.5,53.5,53.5,54.0,54.0,54.5,54.5,54.5,54.5,54.0,54.0,54.0,53.5,53.0,52.5,51.5,50.5,49.5,48.0,46.5,45.0,43.0,41.0,39.5,38.0,37.0,36.0,35.0,35.0,34.5,34.5,35.0,36.0,38.0,41.0,45.0,49.5,55.0,61.5,68.5,76.5,84.0,91.5,99.0,106.0,113.0,119.5,126.0,132.0,136.5,140.0,142.5,144.0,144.5,144.5,143.5,141.5,138.5,134.0,129.0,124.0,118.5,113.5,108.0,103.0,97.5,92.5,88.0,83.5,79.0,75.5,72.0,69.0,66.0,63.5,61.5,60.5,59.5,59.0,59.0,59.0,59.5,59.5,60.0,60.0,60.0,60.0,59.5,59.5,59.0,58.5,58.0,57.5,57.0,56.5,56.0,56.0,55.5,55.5,55.5,55.5,55.5,56.0,56.0,56.5,56.5,57.0,57.0,57.0,57.0,56.5,56.5,56.0,55.5,55.0,54.0,53.5,53.0,52.5,52.0,51.5,51.0,50.5,50.0,49.5,49.5,50.0,51.0,52.0,53.0,54.0,55.0,56.0,56.5,57.0,57.0,57.0,57.0,57.0,56.5,56.5,56.5,56.0,56.0,55.5,55.5,55.0,54.5,54.0,53.5,53.0,52.5,0.0,0.0
12.0,12.5,13.0,13.0,13.0,12.5,12.5,12.0,11.5,11.5,11.0,11.0,11.0,11.0,11.0,11.5,11.5,12.0,12.0,12.5,12.5,12.5,12.5,12.0,11.5,11.0,10.5,10.0,9.5,9.5,9.0,9.0,9.5,9.5,10.0,10.5,11.0,11.5,12.0,13.0,13.5,14.0,14.0,14.0,14.0,13.5,13.0,12.0,11.5,11.0,11.0,11.0,11.0,11.5,12.0,12.0,12.5,12.5,12.5,12.5,12.5,12.5,12.5,12.0,12.0,12.0,12.0,11.5,11.5,11.5,11.5,11.0,11.5,11.5,12.0,12.5,13.0,13.5,14.0,14.5,15.0,15.0,15.0,15.0,14.5,14.5,14.0,13.5,13.0,12.5,12.0,12.0,12.0,12.5,13.0,13.5,14.0,14.5,14.5,14.5,14.5,14.0,14.0,14.0,13.5,13.5,13.0,13.0,12.5,12.5,12.5,12.5,12.5,13.0,13.0,13.5,14.0,14.5,14.5,15.0,15.0,15.0,15.5,15.5,15.5,15.0,15.0,15.0,15.0,14.5,14.5,14.5,15.0,15.0,15.5,16.0,16.5,16.5,17.0,17.5,17.5,17.5,17.5,17.5,17.0,17.0,16.5,16.0,15.5,15.0,15.0,14.5,14.5,14.5,14.5,14.5,15.0,15.5,16.0,16.0,16.0,16.0,16.0,15.5,15.5,15.0,15.0,14.5,14.5,14.5,14.5,14.5,14.5,14.5,14.5,15.0,15.5,16.0,16.5,17.0,17.0,17.5,17.5,17.5,17.5,17.0,16.5,16.0,16.0,16.0,16.0,16.0,16.0,16.0,16.5,16.5,16.5,17.0,17.0,17.5,18.0,18.0,18.0,18.0,18.0,17.5,16.5,16.0,16.0,15.5,15.5,15.5,16.0,16.0,16.5,17.0,17.5,18.0,18.5,19.0,19.5,20.0,20.0,19.5,19.0,19.0,18.5,18.0,18.0,18.0,18.0,18.0,18.0,18.0,18.5,18.5,18.5,19.0,19.0,19.0,19.0,19.0,19.0,18.5,18.5,18.5,18.0,18.0,18.0,17.5,17.5,17.5,17.5,18.0,18.5,19.0,19.5,20.0,20.5,21.0,21.0,21.5,21.5,21.5,21.5,21.5,21.0,21.0,21.0,20.5,20.5,20.5,20.0,20.0,20.0,20.0,20.0,20.0,20.5,20.5,21.0,21.0,21.0,21.0,20.5,20.0,19.5,19.5,19.0,19.0,19.0,19.0,19.0,19.5,20.0,20.5,21.0,21.0,21.0,21.0,21.5,21.5,21.5,21.5,21.0,20.5,20.5,20.0,20.0,19.5,19.0,19.0,19.0,19.0,19.5,20.0,20.5,21.5,22.0,22.0,0.0,0.0
33.5,33.5,34.0,34.0,34.0,34.5,34.5,34.5,35.0,35.5,36.0,36.5,37.0,37.0,37.0,37.0,36.5,36.0,36.0,35.5,35.5,35.5,36.0,36.0,36.0,36.0,35.5,35.0,34.0,32.0,30.5,28.0,25.5,23.0,20.5,18.5,17.0,15.5,14.5,14.5,14.5,15.0,16.5,18.5,21.5,25.5,30.5,36.0,42.5,49.0,56.5,64.0,71.0,77.5,84.0,89.5,95.5,101.0,106.0,110.5,114.0,116.0,117.5,118.0,118.0,118.0,117.5,116.0,113.5,110.0,106.0,101.5,96.0,90.5,85.0,79.0,73.5,68.5,63.5,59.0,54.5,51.0,47.5,45.0,43.0,41.0,40.0,39.0,38.5,38.0,38.0,38.0,38.0,37.5,37.5,37.0,37.0,36.5,36.0,36.0,35.5,35.5,35.5,35.5,35.5,35.5,35.5,36.0,36.0,36.0,36.0,36.0,36.0,35.5,35.5,35.0,35.0,34.5,34.5,34.0,33.5,33.5,33.0,33.0,33.0,33.5,33.5,33.5,34.0,34.0,34.0,34.5,34.0,34.0,33.5,33.5,33.5,33.0,33.0,33.0,33.0,33.5,33.5,34.0,34.5,35.0,35.5,36.0,36.0,36.0,36.0,36.0,36.0,36.0,35.5,35.5,35.0,34.5,34.5,34.5,34.5,34.5,35.0,35.0,35.0,35.0,35.5,35.5,36.0,36.0,36.5,36.5,36.5,36.0,36.0,35.5,35.5,35.0,35.0,34.5,34.5,34.5,34.5,34.5,35.0,35.5,36.0,36.5,36.5,37.0,37.0,37.0,37.0,37.0,37.0,36.5,36.5,36.0,35.5,35.0,35.0,34.5,34.5,35.0,35.0,35.5,35.5,36.0,36.0,36.5,36.5,37.0,37.0,36.5,36.5,36.0,35.5,35.0,35.0,35.0,35.0,35.5,35.5,36.0,36.5,37.0,37.5,38.0,38.0,38.5,38.5,38.5,38.5,38.0,38.0,37.5,37.0,37.0,37.0,36.5,36.5,36.5,36.5,36.5,37.0,37.0,37.5,37.5,38.0,38.0,38.0,38.0,37.5,37.5,37.0,37.0,36.5,36.0,36.0,36.0,35.5,35.5,35.5,35.5,36.0,36.5,37.0,37.5,38.0,38.5,38.5,39.0,39.0,39.5,39.5,39.5,39.5,39.5,39.0,38.5,38.5,38.0,38.0,38.0,38.0,38.0,38.5,39.0,39.5,39.5,40.0,40.0,39.5,39.5,39.0,38.5,38.5,38.0,37.5,37.0,37.0,37.0,37.0,37.0,37.5,38.0,39.0,39.5,39.5,40.0,40.0,40.0,40.0,40.0,39.5,39.5,39.0,39.0,39.0,39.0,0.0,0.0
79.5,79.0,79.0,79.0,78.5,78.5,78.0,77.5,77.5,77.0,77.0,77.0,77.0,77.0,77.5,78.0,78.5,79.0,79.5,80.0,80.5,80.5,80.5,80.5,80.0,79.5,79.5,79.0,79.0,79.0,78.5,78.5,78.5,79.0,79.0,79.0,79.0,79.0,79.5,79.5,79.5,79.5,79.5,80.0,80.0,79.5,79.5,79.0,79.0,78.5,78.5,78.5,79.0,79.0,79.5,80.0,80.5,81.0,81.5,81.5,81.5,81.5,81.5,81.0,81.0,81.0,80.5,80.5,80.0,79.5,79.0,79.0,78.5,78.0,78.0,78.5,78.5,79.0,79.5,79.5,80.0,80.0,80.0,80.0,80.0,79.5,79.5,79.0,79.0,78.5,78.5,79.0,79.0,79.0,79.5,79.5,80.0,80.5,81.5,81.5,82.0,82.0,82.0,82.0,81.5,81.5,81.5,81.0,81.0,81.0,81.0,81.0,81.0,81.0,81.5,81.5,82.0,82.5,83.0,83.5,83.5,83.5,83.5,83.5,83.5,83.5,83.5,83.0,83.0,82.5,82.5,82.5,82.5,82.5,83.0,83.0,83.5,83.5,84.0,84.5,84.5,85.0,85.0,85.0,84.5,84.5,84.0,83.5,83.0,82.5,82.5,82.0,82.0,82.0,82.0,82.5,82.5,83.0,83.5,84.0,84.5,84.5,85.0,85.0,84.5,84.0,83.5,83.5,83.0,83.0,83.0,83.0,83.5,84.0,84.5,84.5,85.0,85.5,86.0,86.0,86.5,86.5,87.0,87.0,86.5,86.5,86.5,86.0,86.0,86.0,85.5,85.5,85.0,85.5,85.5,85.5,85.5,85.5,85.5,86.0,86.0,86.5,86.5,86.5,86.5,86.0,85.5,85.0,85.0,84.5,85.0,85.0,85.0,85.5,85.5,86.0,86.0,86.5,87.0,87.5,88.0,88.0,88.0,88.0,88.0,88.0,88.0,88.0,87.5,87.5,87.5,87.0,87.0,87.0,87.0,87.5,88.0,88.5,89.0,89.5,89.5,90.0,90.0,89.5,89.5,89.0,89.0,89.0,88.5,88.0,88.0,87.5,87.5,87.5,87.5,88.0,88.5,89.0,89.5,90.0,90.0,90.5,90.5,90.5,90.5,90.0,89.5,89.5,89.0,89.0,89.0,88.5,89.0,89.0,89.0,89.5,90.0,90.0,90.5,90.5,91.0,91.0,91.0,91.0,91.0,90.5,90.0,89.5,89.0,88.5,88.5,88.5,88.5,89.0,89.5,90.0,90.5,91.0,91.0,91.5,91.5,91.5,92.0,92.0,92.0,92.0,92.0,91.5,91.5,91.0,91.0,91.0,91.0,91.5,91.5,92.0,92.5,92.5,93.0,93.0,0.0,0.0
22.0,22.0,22.5,23.0,23.5,23.5,24.0,24.5,25.0,24.5,24.5,24.0,24.0,23.5,23.0,23.0,22.5,22.0,22.0,22.0,22.5,23.0,23.5,24.0,24.5,25.0,25.5,25.5,26.0,26.0,26.0,26.0,26.0,25.5,25.0,25.0,24.5,24.5,24.0,24.0,24.0,24.5,24.5,25.0,25.5,26.0,26.5,26.5,27.0,27.0,27.0,27.0,26.5,26.0,26.0,25.5,25.5,25.5,25.5,25.5,25.5,25.5,26.0,26.0,26.0,26.5,27.0,27.5,27.5,28.0,27.5,27.5,27.0,27.0,26.5,26.5,26.0,26.0,26.0,26.0,26.0,26.0,26.5,27.0,27.5,28.0,28.0,28.5,29.0,29.0,29.0,29.0,29.0,28.5,28.5,28.0,28.0,28.0,28.0,28.0,28.5,28.5,28.5,29.0,29.5,30.0,30.5,31.0,31.5,32.0,32.0,32.0,32.0,31.5,31.0,30.5,30.0,30.0,29.5,29.5,29.5,30.0,30.5,31.0,31.5,32.0,32.5,33.0,33.0,33.5,33.5,33.5,33.5,33.5,33.5,33.0,33.0,32.5,32.5,32.5,32.5,32.5,33.0,33.5,33.5,34.0,34.5,34.5,35.0,35.0,35.5,35.0,35.0,34.5,34.5,34.0,33.5,33.0,32.5,32.0,32.5,32.5,33.0,33.0,33.5,34.0,34.5,35.0,35.5,36.0,36.0,36.0,36.0,36.0,36.0,36.0,35.5,35.5,35.0,35.0,35.0,35.5,36.0,36.5,37.0,37.5,37.5,38.0,38.5,38.5,39.0,39.0,38.5,38.5,38.0,37.5,37.5,37.0,36.5,36.0,36.0,36.0,36.0,36.5,36.5,37.0,37.5,37.5,38.0,38.0,38.0,38.0,37.5,37.5,37.0,36.5,36.0,35.5,35.0,35.0,35.5,35.5,36.0,36.0,36.5,36.5,37.0,37.5,37.5,37.5,37.5,37.0,37.0,37.0,36.5,36.5,36.0,36.0,36.0,36.0,36.0,36.0,36.0,36.5,36.5,37.0,37.5,38.0,38.5,38.5,38.5,38.5,38.5,38.0,37.5,37.5,37.0,37.0,36.5,36.5,36.5,37.0,38.0,38.5,39.5,40.0,40.5,41.0,41.0,41.5,41.0,41.0,40.5,40.0,40.0,39.5,39.5,39.0,39.0,39.0,39.5,39.5,40.0,40.5,40.5,41.0,42.0,42.0,42.5,42.0,42.0,42.0,41.5,41.5,41.5,41.0,40.5,40.5,40.0,40.0,40.0,40.0,40.0,40.0,40.5,41.0,41.5,42.0,42.0,42.5,42.5,42.5,42.5,42.0,42.0,41.5,41.5,41.5,41.0,41.0,0.0,0.0
35.0,34.5,34.0,33.5,33.0,33.0,32.5,32.5,32.5,33.0,33.5,34.5,36.0,37.0,38.0,38.5,39.0,39.0,38.5,38.0,37.5,37.0,36.5,36.0,36.0,36.0,36.0,35.5,35.0,34.5,34.5,34.0,34.0,33.5,33.0,33.0,33.0,33.0,33.5,34.0,34.0,34.0,34.5,34.5,35.0,35.5,36.0,37.0,37.5,38.0,38.5,39.0,38.5,38.5,38.0,37.5,37.0,36.5,36.0,36.0,36.0,35.5,35.5,35.5,35.5,35.5,35.5,36.0,36.5,36.5,37.0,37.5,37.5,37.5,38.0,38.0,37.5,37.5,37.0,36.5,36.0,36.0,35.5,35.5,36.0,36.0,36.5,36.5,37.0,37.5,37.5,38.0,38.0,37.5,37.0,36.5,36.0,35.5,35.0,34.5,34.0,33.5,33.5,34.0,34.0,34.0,34.5,34.5,34.5,35.0,35.5,36.0,36.5,37.0,37.0,37.0,37.0,36.5,36.0,36.0,35.5,35.5,35.5,36.0,36.0,36.0,36.0,35.5,35.0,34.0,32.0,30.5,28.0,25.5,23.0,20.5,18.5,17.0,15.5,14.5,14.5,14.5,15.0,16.5,18.5,21.5,25.5,30.5,36.0,42.5,49.0,56.5,64.0,71.0,77.5,84.0,89.5,95.5,101.0,106.0,110.5,114.0,116.0,117.5,118.0,118.0,118.0,117.5,116.0,113.5,110.0,106.0,101.5,96.0,90.5,85.0,79.0,73.5,68.5,63.5,59.0,54.5,51.0,47.5,45.0,43.0,41.0,40.0,39.0,38.5,38.0,38.0,38.0,38.0,37.5,37.5,37.0,37.0,36.5,36.0,36.0,35.5,35.5,35.5,35.5,35.5,35.5,35.5,36.0,36.0,36.0,36.0,36.0,36.0,35.5,35.5,35.0,35.0,34.5,34.5,34.0,33.5,33.5,33.0,33.0,33.0,33.5,33.5,33.5,34.0,34.0,34.0,34.5,34.0,34.0,33.5,33.5,33.5,33.0,33.0,33.0,33.0,33.5,33.5,34.0,34.5,35.0,35.5,36.0,36.0,36.0,36.0,36.0,36.0,36.0,35.5,35.5,35.0,34.5,34.5,34.5,34.5,34.5,35.0,35.0,35.0,35.0,35.5,35.5,36.0,36.0,36.5,36.5,36.5,36.0,36.0,35.5,35.5,35.0,35.0,34.5,34.5,34.5,34.5,34.5,35.0,35.5,36.0,36.5,36.5,37.0,37.0,37.0,37.0,37.0,37.0,36.5,36.5,36.0,35.5,35.0,35.0,34.5,34.5,35.0,35.0,35.5,35.5,36.0,36.0,36.5,36.5,37.0,37.0,36.5,36.5,36.0,35.5,35.0,35.0,0.0,0.0
30.0,28.0,26.5,25.0,23.5,22.5,21.5,21.0,21.0,21.5,22.0,23.5,26.0,29.5,33.5,38.5,44.5,51.0,58.0,65.0,72.0,79.0,85.5,92.5,99.5,106.0,112.0,117.0,121.0,123.5,125.0,126.0,126.5,126.5,125.5,124.0,121.5,118.5,114.5,110.0,105.5,100.5,95.5,90.0,84.5,79.0,74.0,69.5,65.0,61.5,58.0,55.0,52.5,50.5,49.0,48.0,47.5,47.0,47.5,47.5,48.0,48.5,48.5,49.0,49.0,48.5,48.0,47.5,47.5,47.0,46.5,46.5,46.0,46.0,46.0,45.5,45.5,46.0,46.0,46.0,46.5,46.5,47.0,47.0,47.5,47.5,47.5,47.0,46.5,46.0,45.5,45.0,45.0,45.0,44.5,44.5,44.5,44.5,45.0,45.5,45.5,46.0,46.5,46.5,46.5,46.5,46.0,46.0,45.5,45.5,45.0,45.0,45.0,45.0,45.0,45.5,45.5,46.0,46.0,46.0,46.0,46.5,46.5,47.0,47.0,47.0,46.5,46.5,46.0,45.5,45.5,45.0,45.0,45.0,45.0,45.5,45.5,46.0,46.0,46.5,46.5,47.0,47.0,47.5,47.5,47.0,47.0,47.0,46.5,46.0,46.0,46.0,46.0,46.0,46.0,45.5,45.5,45.0,45.0,45.0,45.5,45.5,45.5,45.5,45.5,45.5,45.0,44.5,44.5,44.0,43.5,43.5,43.5,43.5,44.0,44.0,44.5,45.0,45.0,45.5,46.0,46.0,46.5,46.5,46.5,46.5,46.0,45.5,45.5,45.0,44.5,44.0,43.5,43.0,42.5,42.5,42.5,42.5,43.0,43.0,43.0,43.0,43.0,43.0,43.0,43.0,43.0,42.5,42.5,42.0,41.5,41.0,41.0,40.5,40.5,40.5,41.0,41.5,42.0,42.5,43.0,43.0,43.5,44.0,44.0,44.0,44.0,44.0,44.0,43.5,43.5,43.0,42.5,42.0,42.0,42.0,42.5,42.5,43.0,43.5,43.5,44.0,44.0,44.5,44.5,44.5,44.5,44.5,44.5,44.5,44.5,44.5,44.5,44.5,44.5,44.5,44.5,45.0,45.0,45.5,45.5,46.0,46.0,46.5,46.5,46.5,46.5,46.0,46.0,45.5,45.0,44.5,43.5,43.0,43.0,43.0,43.5,44.5,44.5,45.0,45.5,45.5,46.0,46.0,46.0,46.0,45.5,44.5,43.5,42.5,41.5,41.0,40.0,39.5,38.5,38.5,38.5,38.5,39.5,41.0,42.5,44.0,45.5,47.0,48.0,49.0,49.5,50.0,49.5,49.5,48.5,48.0,47.0,46.5,46.0,45.5,45.5,45.5,46.0,46.0,0.0,0.0
59.0,59.0,59.0,59.0,59.0,58.5,58.0,58.0,57.5,57.5,57.5,57.5,57.5,58.0,58.0,58.5,59.0,59.0,59.5,59.5,59.5,59.0,59.0,58.5,58.5,58.0,57.5,57.5,57.0,56.5,56.0,55.0,54.5,53.5,53.0,52.5,52.0,52.0,52.5,53.0,54.0,55.5,56.5,57.5,58.5,59.5,60.5,61.5,62.0,62.5,62.5,62.0,61.5,61.0,60.5,60.0,59.0,58.5,57.5,57.0,56.5,55.5,55.0,54.5,54.0,53.0,51.5,50.5,48.5,47.0,45.0,42.5,40.5,38.5,37.0,36.5,36.0,36.0,36.0,37.0,38.0,40.0,42.0,45.5,49.0,53.5,58.5,63.5,70.0,77.0,84.0,90.5,97.0,103.0,108.5,114.0,119.5,124.5,128.5,131.5,133.5,135.0,135.5,136.0,135.5,134.0,132.0,129.0,125.5,121.0,116.5,111.5,106.5,101.5,96.5,91.5,87.0,82.5,78.5,75.0,71.5,68.5,66.0,64.0,62.5,61.0,60.5,60.5,60.0,60.0,59.5,59.0,58.5,58.0,58.0,57.5,57.5,57.0,57.0,57.0,57.0,56.5,56.5,56.5,56.5,56.0,55.5,55.0,54.5,54.0,53.5,53.5,53.0,53.0,53.0,53.0,53.0,53.5,53.5,54.0,54.0,54.0,53.5,53.5,53.5,53.5,53.0,53.0,53.0,53.0,53.0,53.0,53.0,52.5,52.5,52.5,52.5,53.0,53.5,53.5,54.0,54.0,54.0,53.5,53.5,53.5,53.5,53.5,53.0,53.0,52.5,52.5,52.0,52.0,52.0,52.0,52.0,52.5,53.0,53.5,53.5,54.0,53.5,53.5,53.5,53.5,53.0,53.0,53.5,53.0,53.0,52.5,52.5,52.5,52.0,52.0,52.5,52.5,52.5,53.0,53.5,54.0,54.5,54.5,54.5,54.5,54.5,54.5,54.5,54.0,54.0,53.5,53.0,53.0,53.0,53.0,53.5,53.5,54.0,54.0,54.0,54.5,54.5,54.5,55.0,54.5,54.5,54.0,54.0,53.5,53.5,53.5,53.5,54.0,54.5,55.0,55.0,55.5,55.5,55.5,55.5,56.0,56.5,56.5,57.0,57.0,56.5,56.5,56.0,56.0,55.5,55.0,54.5,54.0,54.0,54.5,54.5,55.0,55.5,56.0,56.5,57.0,57.0,57.0,57.0,56.5,56.0,55.5,55.0,54.5,54.0,54.0,53.5,53.5,53.5,54.0,54.5,55.0,56.0,56.5,57.5,58.0,58.5,59.0,58.5,58.5,58.0,58.0,57.5,57.5,57.0,57.0,57.0,57.0,57.0,57.0,57.0,57.5,58.0,58.0,0.0,0.0
55.5,55.0,54.0,53.5,53.0,52.5,52.0,51.5,51.0,50.5,50.0,49.5,49.5,50.0,51.0,52.0,53.0,54.0,55.0,56.0,56.5,57.0,57.0,57.0,57.0,57.0,56.5,56.5,56.5,56.0,56.0,55.5,55.5,55.0,54.5,54.0,53.5,53.0,52.5,52.5,52.0,52.0,51.5,51.0,51.0,50.5,50.5,50.5,50.5,51.0,51.5,52.0,52.5,52.5,52.5,52.5,52.5,52.5,52.5,52.0,51.5,51.0,50.5,50.0,50.0,50.0,50.0,50.5,50.5,51.0,51.0,51.5,51.0,51.0,51.0,51.0,51.0,50.5,50.5,50.0,49.5,49.0,48.0,47.5,47.5,47.0,47.0,47.5,47.5,48.0,48.0,48.0,48.5,48.5,48.5,48.5,48.5,48.5,48.0,48.0,48.0,47.5,47.0,46.5,46.5,46.5,46.5,46.5,47.0,47.0,47.5,48.0,48.0,48.0,48.0,48.0,48.0,48.0,47.5,47.0,47.0,46.5,46.5,46.0,46.0,46.0,46.0,46.5,46.5,47.0,47.5,48.0,48.5,48.5,49.0,49.0,49.0,48.5,48.0,48.0,47.5,47.0,46.5,46.0,45.5,45.5,45.5,45.5,46.0,46.0,46.5,47.0,47.5,48.0,48.0,48.5,49.0,49.0,48.5,48.5,48.0,48.0,48.0,48.0,47.5,47.5,47.0,47.0,47.5,47.5,48.0,48.5,48.5,49.0,49.0,49.0,49.0,49.0,48.5,48.5,48.0,47.5,47.0,47.0,47.0,47.0,47.0,47.0,47.5,47.5,47.5,48.0,48.0,48.0,48.0,48.0,48.0,47.5,47.5,47.0,46.5,46.5,46.0,45.5,45.0,45.0,45.0,45.0,45.5,45.5,46.0,46.5,47.0,47.0,47.0,47.0,46.5,46.5,46.0,46.0,46.0,45.5,45.5,45.0,44.5,44.5,44.5,44.5,45.0,45.5,46.0,46.5,47.0,47.5,47.5,47.5,48.0,47.5,47.5,47.0,46.5,46.0,46.0,46.0,46.0,46.0,46.0,46.5,47.0,47.5,48.0,48.5,49.0,49.5,50.0,50.0,50.0,50.0,49.5,49.5,49.0,48.5,48.0,48.0,47.5,47.5,47.0,47.5,47.5,48.0,48.0,48.5,48.5,48.5,48.5,48.5,48.0,48.0,47.5,47.0,46.5,46.5,46.5,47.0,47.0,47.5,47.5,47.5,47.5,47.5,48.0,48.5,48.5,48.5,49.0,49.0,48.5,48.5,48.0,48.0,47.5,47.0,47.0,46.5,46.5,46.5,46.5,47.0,47.0,47.5,47.5,47.5,47.5,48.0,48.0,48.0,48.0,48.0,48.0,47.5,0.0,0.0
26.5,26.5,27.0,27.0,27.5,28.0,28.0,28.5,28.5,29.0,29.0,28.5,28.0,27.5,26.5,26.0,25.5,25.0,25.0,25.0,25.0,25.5,25.5,26.0,26.0,26.5,26.5,27.0,27.0,27.0,27.5,27.5,27.5,27.0,26.5,26.5,26.0,25.5,26.0,26.0,26.0,26.5,26.5,26.5,26.5,26.5,27.0,27.0,27.0,26.5,26.5,26.5,26.0,25.5,25.5,25.0,25.0,24.5,24.5,24.0,24.0,24.5,24.5,25.0,25.5,25.5,26.0,26.5,26.5,26.5,26.5,26.5,26.0,26.0,26.0,25.5,25.5,26.0,26.0,26.5,27.0,27.5,27.5,28.0,28.5,28.5,28.5,28.5,28.5,28.5,28.5,28.5,28.0,27.5,27.0,26.5,26.5,26.0,25.5,25.5,25.5,25.5,25.5,26.0,26.0,26.5,27.0,27.0,27.0,27.5,27.0,27.0,26.5,26.5,26.0,26.0,25.5,25.5,25.0,25.0,25.5,26.0,26.5,27.0,27.5,28.0,28.0,28.0,28.0,27.5,27.5,27.0,26.5,26.5,26.0,26.0,26.0,25.5,25.5,25.5,25.5,26.0,26.0,26.5,26.5,27.0,27.5,27.5,28.0,28.0,27.5,27.0,27.0,26.5,26.0,26.0,25.5,25.5,25.5,25.5,25.5,25.5,25.5,26.0,26.0,26.5,27.0,27.5,27.5,28.0,28.0,27.5,27.5,27.0,26.5,26.0,25.5,25.0,24.5,24.5,24.5,24.5,24.5,24.5,24.5,24.5,24.5,24.5,24.0,23.5,23.0,22.0,22.0,21.5,21.0,21.0,20.5,20.5,20.0,20.0,20.5,20.5,21.0,22.0,22.5,23.0,23.5,24.0,24.5,24.5,25.0,25.5,26.0,26.5,26.5,26.5,26.5,26.5,26.0,26.0,25.5,25.5,25.5,26.0,26.0,26.0,26.0,26.0,25.5,25.5,25.0,25.0,24.5,24.5,24.0,24.0,24.0,24.0,23.5,23.5,24.0,24.0,24.5,25.0,25.5,26.0,26.0,26.5,26.5,26.5,26.5,26.5,26.5,26.5,26.0,26.0,25.5,25.5,25.5,25.5,25.5,26.0,26.5,26.5,27.0,27.5,27.5,28.0,28.0,28.5,28.0,28.0,27.5,27.0,27.0,26.5,26.5,26.5,26.5,26.5,26.5,27.0,27.0,27.0,27.0,27.0,27.0,26.5,25.5,24.0,22.5,20.5,18.0,15.5,13.0,10.0,8.0,6.0,4.5,3.5,3.0,3.0,3.5,5.0,7.5,10.5,14.5,19.5,25.0,31.5,38.5,46.0,53.5,60.5,67.5,74.0,81.0,88.0,94.5,101.0,0.0,0.0
42.5,42.5,43.0,43.0,43.0,43.0,43.0,43.5,43.5,43.0,43.0,43.0,42.5,42.5,42.0,42.0,42.0,42.0,42.0,42.5,42.5,43.0,43.0,43.5,44.0,44.5,44.5,45.0,45.0,45.0,44.5,44.5,44.5,44.0,43.5,43.5,43.0,43.0,43.0,43.0,43.5,43.5,44.0,44.5,44.5,45.0,45.0,45.0,45.0,45.0,45.0,44.5,44.0,44.0,43.5,43.0,43.0,43.0,43.0,43.0,43.5,43.5,44.0,44.5,45.0,45.5,45.5,46.0,46.0,46.0,45.5,45.0,44.5,44.0,44.0,43.5,43.5,44.0,44.0,44.0,44.5,44.5,45.0,45.0,45.5,45.5,45.5,45.5,45.5,45.5,45.0,44.5,44.5,44.0,44.0,44.0,43.5,43.5,43.5,43.5,43.5,43.5,44.0,44.5,44.5,45.0,45.0,45.5,45.5,45.5,45.0,45.0,44.5,44.5,44.0,44.0,44.0,44.0,44.0,44.0,44.5,45.0,45.5,46.0,46.0,46.5,46.5,47.0,46.5,46.5,46.0,45.5,45.0,44.5,44.5,44.0,43.5,43.5,43.5,43.5,43.5,44.0,44.5,44.5,45.0,45.0,45.0,45.0,44.5,44.0,43.5,43.5,43.0,42.5,42.5,42.0,41.0,41.0,40.5,40.5,41.0,41.0,41.5,41.5,42.0,42.0,42.0,42.5,42.5,42.5,42.5,43.0,43.0,42.5,42.5,42.5,42.5,43.0,43.5,44.0,44.5,45.0,45.5,46.0,46.0,46.5,46.5,46.5,46.0,46.0,46.0,45.5,45.0,44.5,44.5,44.0,44.0,44.0,44.0,44.0,44.5,44.5,45.0,45.5,46.0,47.0,47.0,47.0,47.0,47.0,46.5,46.0,45.5,45.0,44.5,44.0,44.0,44.0,44.0,44.0,44.0,44.5,45.0,45.5,46.0,46.0,46.5,46.5,46.5,46.5,47.0,47.0,47.0,47.0,47.0,46.5,46.5,46.0,46.0,46.5,46.5,47.0,47.5,47.5,47.5,47.5,47.5,47.5,47.5,47.5,47.5,47.5,47.0,47.0,47.0,46.5,45.5,45.0,44.0,43.0,41.5,40.5,39.0,37.5,36.5,35.0,33.5,32.5,31.5,31.0,31.0,31.0,32.0,33.0,35.0,38.0,41.5,45.5,50.5,56.5,63.5,71.0,78.5,85.5,92.5,99.0,106.0,112.0,118.5,124.0,128.5,132.0,133.5,134.5,135.0,134.5,133.5,131.5,129.0,125.5,121.5,117.0,112.5,107.5,103.0,98.0,92.5,87.5,82.5,78.0,73.5,69.0,65.5,62.0,59.0,56.5,54.5,53.5,53.0,52.5,0.0,0.0
29.5,28.5,28.0,28.0,28.5,29.0,30.0,31.0,32.5,33.5,34.5,35.5,36.0,37.0,37.0,37.5,37.5,37.0,36.5,35.5,34.5,33.0,32.0,31.0,30.5,30.0,30.0,30.0,30.0,30.5,30.5,31.0,31.5,32.0,32.0,32.0,32.5,32.0,32.0,32.0,31.5,31.0,30.5,30.5,30.0,30.0,29.5,29.5,30.0,30.0,30.5,31.0,31.5,31.5,32.0,32.0,32.5,32.5,32.5,32.5,32.0,31.5,31.5,31.0,31.0,30.5,30.5,30.5,30.5,30.5,31.0,31.0,31.5,31.5,32.0,32.0,31.5,31.5,31.0,31.0,31.0,31.0,31.0,31.0,31.0,31.0,31.0,31.0,31.0,31.0,31.5,31.5,32.0,32.0,32.0,32.0,32.0,32.0,32.0,31.5,31.0,30.5,30.0,29.5,29.0,28.5,28.5,28.0,28.5,28.5,29.0,29.0,29.5,29.5,29.5,29.5,29.5,29.5,29.5,29.5,29.5,29.0,28.5,28.0,27.5,27.0,26.5,26.5,26.5,27.0,27.0,27.5,27.5,27.5,27.5,27.5,27.5,27.5,27.0,27.0,26.5,26.0,25.5,25.5,25.0,25.0,25.0,25.0,25.5,26.0,26.5,27.0,27.5,27.5,28.0,28.0,28.0,28.0,28.0,28.0,28.0,27.5,27.5,27.5,27.0,26.5,26.5,26.5,26.5,26.5,26.5,27.0,27.0,27.5,27.5,27.5,28.0,27.5,27.5,27.0,26.5,25.5,25.0,24.5,24.5,24.0,24.0,24.0,24.0,24.0,24.0,24.5,24.5,24.5,24.5,24.5,24.5,24.5,24.5,24.5,25.0,25.0,24.5,24.5,24.0,24.0,24.0,24.5,24.5,25.0,25.5,26.0,26.0,26.5,26.5,26.5,26.5,26.5,26.0,26.0,25.5,25.0,24.5,24.0,23.5,23.0,23.0,23.0,23.0,23.5,24.0,24.0,24.5,25.0,25.0,25.5,25.5,25.5,25.5,25.5,25.0,24.5,24.5,24.0,24.0,24.0,23.5,23.5,23.5,24.0,24.0,24.5,25.0,25.0,25.5,25.5,25.5,26.0,25.5,25.5,25.0,25.0,24.5,24.0,24.0,23.5,23.0,23.0,23.0,23.0,23.0,23.0,23.0,23.0,23.5,23.5,23.5,23.5,23.5,23.5,23.0,22.5,22.5,22.0,22.0,22.0,22.0,22.5,23.0,23.5,24.0,24.5,24.5,24.5,24.5,24.5,24.5,24.0,24.0,24.0,23.5,23.5,23.0,22.5,22.0,21.5,21.0,20.5,20.5,20.5,20.5,21.0,21.5,22.0,22.5,23.0,23.0,23.0,23.0,22.5,0.0,0.0
44.0,43.5,43.5,43.5,44.0,44.0,44.0,44.0,44.5,44.5,45.0,45.0,45.5,45.5,45.5,45.0,44.5,44.5,44.0,44.0,43.5,43.0,43.0,43.0,43.0,43.5,44.0,44.0,44.5,45.0,45.5,46.0,46.0,46.0,46.0,45.5,45.5,45.0,44.5,44.0,43.5,43.5,43.5,43.5,43.5,43.5,43.5,44.0,44.5,44.5,45.0,45.5,45.5,45.5,45.5,45.0,45.0,44.5,44.5,45.0,45.0,45.0,45.0,45.0,45.0,45.5,46.0,46.5,47.0,47.0,47.0,47.0,47.0,46.5,46.5,46.5,46.5,46.0,46.0,45.5,45.5,45.0,44.5,44.5,45.0,45.0,45.5,46.0,46.0,46.5,46.5,47.0,47.0,47.0,46.5,46.5,46.0,45.5,45.5,45.0,45.0,45.0,45.0,45.5,45.5,45.5,45.5,46.0,46.0,46.0,46.5,46.5,47.0,47.0,47.0,46.5,46.5,46.0,46.0,45.5,45.5,45.5,45.5,45.5,46.0,46.0,46.5,47.0,47.5,47.5,48.0,48.0,48.5,48.5,48.0,48.0,47.5,47.0,46.5,46.5,46.0,46.0,46.0,46.0,46.5,46.5,47.0,47.0,47.5,47.5,47.5,47.5,48.0,47.5,47.5,47.0,47.0,46.5,46.0,46.0,45.5,45.5,45.5,45.5,45.5,46.0,46.5,47.0,47.5,48.0,48.0,47.5,47.5,47.5,47.0,47.0,46.5,46.5,46.0,46.0,46.0,46.0,46.0,46.0,46.5,46.5,46.5,46.5,46.5,47.0,47.5,47.5,47.5,47.5,47.5,47.0,46.5,46.5,46.0,45.5,45.0,44.5,44.5,44.5,44.5,45.0,45.0,45.5,46.0,46.5,47.0,47.5,48.0,48.0,48.0,47.5,47.0,46.5,46.0,45.5,45.5,45.5,45.5,45.5,46.0,46.5,47.0,47.5,48.0,48.5,49.0,49.0,49.0,49.0,48.5,48.0,48.0,47.5,47.0,46.5,46.0,45.5,45.5,45.0,45.0,45.5,45.5,46.0,46.5,47.0,47.0,47.5,47.5,47.5,47.5,47.5,47.5,47.0,46.5,46.5,46.0,45.5,45.5,45.5,45.5,45.5,46.0,46.0,46.5,46.5,47.0,47.0,47.0,47.0,46.5,46.0,45.5,44.5,44.0,43.5,43.0,43.0,43.0,43.0,42.5,42.5,42.5,43.0,43.0,43.0,43.0,43.0,42.5,42.0,42.0,41.5,41.0,41.0,40.5,40.0,40.0,39.5,39.5,39.5,40.0,40.5,41.0,41.5,42.0,43.0,43.5,44.5,45.0,45.5,46.0,46.0,45.5,45.5,45.0,44.5,0.0,0.0
61.0,61.0,60.5,60.5,61.0,61.5,61.5,62.0,61.5,61.5,61.0,61.0,60.5,60.5,60.5,60.0,60.0,60.0,60.0,60.0,60.5,61.0,61.5,61.5,62.0,62.0,61.5,61.5,61.0,60.5,60.0,59.5,59.0,59.0,58.5,58.5,58.5,59.0,59.5,59.5,60.0,60.5,60.5,61.0,61.0,60.5,60.5,60.5,60.0,59.5,59.0,58.5,58.0,57.5,57.5,57.0,57.0,57.0,57.0,57.0,57.5,57.5,57.5,58.0,58.0,58.5,58.5,59.0,59.0,58.5,58.5,58.0,57.5,57.5,57.0,57.0,57.0,57.0,57.5,57.5,58.0,58.0,58.5,58.5,59.0,59.0,59.5,59.0,59.0,58.5,58.5,58.0,58.0,58.0,58.0,58.0,58.0,57.5,57.5,58.0,58.0,58.5,59.0,59.0,59.5,59.5,59.5,59.5,59.0,58.5,58.0,57.5,56.5,56.0,56.0,56.0,56.0,56.0,56.5,57.0,57.5,58.0,58.5,58.5,58.5,58.5,58.5,58.5,58.5,58.5,58.0,57.5,56.5,56.0,55.5,55.5,55.5,56.0,56.5,57.0,58.0,58.5,59.0,59.5,59.5,59.5,59.5,59.5,59.0,59.0,58.5,58.5,58.0,57.5,57.0,56.5,56.5,56.5,56.5,57.0,57.5,58.5,59.0,60.0,60.5,61.0,61.0,61.0,61.0,60.0,59.5,58.5,58.0,57.5,57.0,56.5,56.0,56.0,56.0,56.0,56.5,56.5,57.0,57.0,56.5,56.5,56.0,56.0,55.5,55.5,55.0,54.5,54.0,53.5,53.5,53.0,53.5,54.0,54.5,55.5,56.0,56.5,57.0,57.0,57.5,58.0,58.0,57.5,57.5,56.5,56.0,55.5,55.5,55.0,55.0,54.5,54.5,54.5,54.5,55.0,55.0,55.5,56.0,56.0,56.0,56.0,56.0,56.0,56.0,55.5,55.5,55.0,55.0,55.0,55.0,55.0,55.0,55.0,55.0,55.5,56.0,56.0,56.0,56.5,56.5,56.5,56.5,56.5,56.0,56.0,55.5,55.5,55.0,55.0,55.0,54.5,54.5,54.0,54.5,54.5,55.0,55.5,55.5,56.0,56.5,56.5,57.0,57.0,56.5,56.0,56.0,55.5,55.0,54.5,54.5,54.0,54.0,54.0,53.5,54.0,54.0,54.5,55.0,55.5,55.5,56.0,56.5,56.5,56.0,55.5,55.5,55.0,54.5,54.0,54.0,53.5,53.5,53.5,53.5,53.5,53.5,54.0,54.5,54.5,55.0,55.5,55.5,55.0,55.0,54.5,54.0,53.5,53.5,53.0,52.5,52.5,52.5,52.5,52.5,53.0,0.0,0.0
44.5,44.5,45.0,45.0,45.0,45.0,45.0,45.0,45.5,46.0,46.5,47.0,47.0,47.0,47.0,47.0,46.5,46.5,46.5,46.5,46.0,46.0,45.5,45.5,45.0,44.5,44.5,45.0,45.0,45.5,46.0,46.0,46.5,46.5,47.0,47.0,47.0,46.5,46.5,46.0,45.5,45.5,45.0,45.0,45.0,45.0,45.5,45.5,45.5,45.5,46.0,46.0,46.0,46.5,46.5,47.0,47.0,47.0,46.5,46.5,46.0,46.0,45.5,45.5,45.5,45.5,45.5,46.0,46.0,46.5,47.0,47.5,47.5,48.0,48.0,48.5,48.5,48.0,48.0,47.5,47.0,46.5,46.5,46.0,46.0,46.0,46.0,46.5,46.5,47.0,47.0,47.5,47.5,47.5,47.5,48.0,47.5,47.5,47.0,47.0,46.5,46.0,46.0,45.5,45.5,45.5,45.5,45.5,46.0,46.5,47.0,47.5,48.0,48.0,47.5,47.5,47.5,47.0,47.0,46.5,46.5,46.0,46.0,46.0,46.0,46.0,46.0,46.5,46.5,46.5,46.5,46.5,47.0,47.5,47.5,47.5,47.5,47.5,47.0,46.5,46.5,46.0,45.5,45.0,44.5,44.5,44.5,44.5,45.0,45.0,45.5,46.0,46.5,47.0,47.5,48.0,48.0,48.0,47.5,47.0,46.5,46.0,45.5,45.5,45.5,45.5,45.5,46.0,46.5,47.0,47.5,48.0,48.5,49.0,49.0,49.0,49.0,48.5,48.0,48.0,47.5,47.0,46.5,46.0,45.5,45.5,45.0,45.0,45.5,45.5,46.0,46.5,47.0,47.0,47.5,47.5,47.5,47.5,47.5,47.5,47.0,46.5,46.5,46.0,45.5,45.5,45.5,45.5,45.5,46.0,46.0,46.5,46.5,47.0,47.0,47.0,47.0,46.5,46.0,45.5,44.5,44.0,43.5,43.0,43.0,43.0,43.0,42.5,42.5,42.5,43.0,43.0,43.0,43.0,43.0,42.5,42.0,42.0,41.5,41.0,41.0,40.5,40.0,40.0,39.5,39.5,39.5,40.0,40.5,41.0,41.5,42.0,43.0,43.5,44.5,45.0,45.5,46.0,46.0,45.5,45.5,45.0,44.5,44.5,44.0,44.0,44.0,44.0,44.0,44.0,44.0,43.5,43.0,42.5,42.0,41.5,41.0,41.0,41.0,41.5,42.0,43.0,44.0,45.0,45.5,46.5,47.0,47.5,48.0,48.5,48.5,48.5,48.5,48.5,48.0,47.5,47.0,46.5,45.5,45.0,44.5,44.5,44.0,44.0,43.5,43.5,43.5,44.0,44.0,44.5,44.5,45.0,45.0,45.0,45.0,45.0,44.5,44.0,43.5,43.5,0.0,0.0
97.5,97.5,97.0,96.5,95.0,93.5,91.5,89.0,86.0,83.5,81.0,79.0,78.0,77.0,77.0,77.0,77.5,78.0,79.5,81.0,83.0,86.5,90.5,95.0,101.0,107.0,113.5,120.5,127.5,134.0,140.0,146.0,152.5,159.0,165.5,171.5,176.5,180.5,183.0,185.0,186.0,186.5,186.0,184.0,181.0,176.5,172.0,166.5,161.0,155.5,149.5,144.0,138.5,133.5,128.5,124.0,120.0,116.5,113.5,111.0,109.0,107.0,105.5,104.5,103.5,102.5,102.0,101.5,101.0,100.5,100.0,99.5,99.0,99.0,98.5,99.0,99.0,99.0,99.5,100.0,100.0,100.0,100.0,100.0,99.5,99.0,98.5,98.0,97.5,97.0,97.0,97.0,97.0,97.0,97.0,97.0,97.0,97.5,98.0,98.0,98.0,98.5,99.0,99.0,99.0,99.0,98.5,98.0,97.5,97.0,96.5,96.5,96.5,97.0,97.0,97.0,97.5,98.0,98.0,98.5,98.5,99.0,99.0,98.5,98.5,98.0,97.5,97.0,96.5,96.5,96.0,96.5,96.5,97.0,97.0,97.5,97.5,98.0,98.0,98.5,98.5,98.5,98.5,98.5,98.0,98.0,97.5,97.5,97.0,97.0,96.5,96.5,96.5,96.5,96.5,96.5,97.0,97.5,97.5,98.0,98.5,98.5,99.0,99.0,99.0,99.0,98.5,98.0,98.0,97.5,97.5,97.5,97.0,97.0,97.0,97.5,98.0,98.0,98.5,99.0,99.0,99.0,99.0,99.0,99.0,99.0,99.0,98.5,98.5,98.0,98.0,97.5,97.5,97.5,97.5,97.5,97.5,98.0,98.0,98.5,99.0,99.0,99.5,99.0,99.0,98.5,98.5,98.0,98.0,97.5,97.5,97.5,97.5,97.0,97.0,97.0,97.5,97.5,98.0,98.5,98.5,99.0,99.0,99.0,98.5,98.5,98.5,98.0,97.5,97.5,97.0,97.0,96.5,97.0,97.0,97.5,97.5,98.0,98.0,98.5,99.0,99.0,99.5,99.5,99.0,99.0,98.5,98.5,98.0,98.0,97.5,97.5,97.5,97.5,97.5,98.0,98.0,98.5,98.5,99.0,99.0,99.5,99.5,99.5,99.5,99.0,99.0,98.5,98.0,97.5,97.5,97.0,97.0,97.0,97.5,97.5,98.0,98.5,99.0,99.0,99.5,99.5,100.0,100.5,100.5,100.5,100.5,100.5,100.0,99.5,99.5,99.0,98.5,98.5,98.5,99.0,99.5,99.5,99.5,100.0,100.0,100.0,100.5,100.5,100.5,100.5,100.0,100.0,99.5,99.5,99.5,99.5,100.0,100.0,100.5,100.5,100.5,100.5,101.0,101.0,0.0,0.0
75.5,75.5,75.0,74.5,74.0,74.0,73.5,73.0,73.0,73.0,73.5,74.0,74.0,74.5,75.0,75.5,75.5,76.0,76.0,75.5,75.5,75.0,74.5,74.0,73.5,73.0,72.5,72.5,72.0,72.0,72.0,72.5,72.5,72.5,72.5,72.5,71.5,71.0,70.0,69.0,67.5,65.5,63.5,61.0,59.0,57.0,55.5,54.5,54.0,54.0,54.0,54.5,56.0,57.5,60.0,63.5,67.5,72.5,77.5,83.5,90.5,97.0,103.5,110.0,116.0,121.5,127.5,133.5,139.0,144.0,148.5,151.5,154.0,156.0,157.0,157.5,156.5,155.0,152.0,148.0,143.5,138.0,132.5,127.0,121.0,115.5,110.0,104.5,100.0,95.5,91.5,88.5,85.5,83.0,81.0,79.5,78.0,77.0,76.0,75.5,75.0,74.5,74.5,74.0,73.5,73.0,72.0,71.5,71.0,70.5,70.5,70.5,70.5,70.5,70.5,71.0,71.0,71.0,71.0,71.0,70.5,70.5,70.0,69.5,69.5,69.0,68.5,68.5,68.5,68.5,68.5,68.5,69.0,69.5,70.0,70.0,70.5,70.5,70.5,71.0,70.5,70.5,69.5,69.0,68.5,68.5,68.0,68.0,68.0,67.5,67.5,68.0,68.0,68.5,69.0,69.5,69.5,69.5,69.5,69.5,69.5,69.5,69.5,69.5,69.0,68.5,68.5,68.0,68.0,68.0,68.0,68.0,68.0,68.5,69.0,69.5,70.0,70.5,70.5,70.5,70.0,69.5,69.5,69.0,69.0,68.5,68.0,68.0,68.0,68.5,68.5,69.0,69.0,69.5,70.0,70.5,71.0,71.0,71.0,71.0,71.0,71.0,71.5,71.0,71.0,70.5,70.5,70.0,70.0,70.0,70.0,70.0,70.5,70.5,71.0,71.5,71.5,71.5,71.0,71.0,70.5,70.5,70.5,70.0,70.0,70.0,70.0,69.5,69.5,69.5,69.5,69.5,69.5,70.0,70.0,70.5,71.0,71.0,71.0,71.0,70.5,70.0,70.0,69.5,69.0,69.0,68.5,68.5,68.5,68.5,68.5,69.0,69.0,69.0,69.5,69.5,70.0,70.0,70.5,70.5,70.5,70.0,70.0,70.0,70.0,69.5,69.5,69.0,69.0,69.0,69.5,69.5,70.5,71.0,71.5,71.5,72.0,72.0,72.0,72.0,71.5,71.0,70.0,69.5,68.5,67.5,67.0,66.0,66.0,65.5,66.0,66.5,67.5,69.0,70.5,72.0,74.0,75.0,76.0,77.0,77.0,77.5,77.0,76.5,76.0,75.5,75.0,74.5,74.0,73.0,72.5,72.0,72.0,71.5,71.5,72.0,72.0,72.5,72.5,72.5,0.0,0.0
67.5,68.0,68.0,68.0,68.0,68.0,68.0,67.5,67.0,66.5,66.5,66.5,66.5,66.5,66.0,66.0,66.0,66.0,66.0,66.0,66.0,65.5,65.5,65.5,65.5,65.5,65.0,64.5,64.0,63.5,62.5,62.0,61.5,61.5,61.5,61.5,61.5,62.0,62.0,62.5,63.0,63.0,63.5,63.5,64.0,64.0,64.0,64.0,64.0,64.0,64.5,65.0,65.0,65.5,66.5,67.0,68.0,68.5,69.5,70.5,71.0,71.0,71.0,71.0,71.0,71.0,70.5,70.0,70.0,70.0,69.5,69.0,68.5,68.0,68.0,67.5,67.5,67.5,68.0,68.0,68.0,68.5,68.5,68.5,68.5,68.5,68.5,68.5,68.0,67.5,67.0,66.5,66.5,66.0,66.5,66.5,67.0,67.5,68.0,68.5,68.5,69.0,69.0,69.0,69.0,69.0,69.0,68.5,68.0,68.0,67.5,67.0,66.5,66.5,66.5,67.0,67.5,68.0,68.0,68.5,68.5,68.5,68.5,68.5,68.5,68.0,67.5,67.0,67.0,66.5,66.5,66.0,66.0,66.0,66.0,66.0,66.0,65.5,64.5,63.0,62.0,60.0,58.5,56.5,54.5,53.0,51.5,50.5,49.5,49.5,49.5,50.0,51.5,53.5,56.5,60.0,65.0,70.5,76.5,83.0,90.0,97.5,104.0,110.5,116.5,122.0,128.0,133.5,138.5,143.0,146.5,149.0,150.0,150.5,150.5,150.0,149.5,147.5,145.0,142.0,138.0,133.5,128.5,123.0,118.0,112.5,107.0,101.5,96.5,91.5,87.0,83.0,79.5,76.5,74.5,72.5,71.5,70.5,70.0,70.0,70.0,70.0,70.0,70.0,70.0,70.0,69.5,69.0,68.5,68.0,67.5,67.0,66.5,66.0,66.0,66.0,66.5,66.5,66.5,66.5,66.5,66.5,66.0,66.0,65.5,65.5,65.0,65.0,64.5,64.0,64.0,63.5,63.5,63.5,63.5,63.5,63.5,63.5,64.0,64.0,64.5,64.5,64.5,64.5,64.5,64.0,63.5,63.0,63.0,62.5,62.0,61.5,61.5,61.5,61.5,61.5,62.0,62.5,63.0,63.5,64.0,64.0,64.0,64.0,64.0,64.0,64.0,63.5,63.5,63.0,63.0,62.5,62.5,62.5,62.5,62.5,62.5,63.0,63.5,63.5,64.0,64.0,64.0,64.0,64.0,64.0,64.0,63.5,63.5,63.0,62.5,62.5,62.5,62.5,63.0,63.5,63.5,64.0,64.0,64.5,64.5,64.5,64.5,64.0,63.5,62.5,62.0,60.5,59.5,58.5,58.0,58.0,58.0,58.5,59.5,61.0,62.5,64.0,65.0,66.5,0.0,0.0
49.0,49.0,49.0,49.0,49.0,49.0,49.0,49.0,49.0,49.0,49.0,49.5,50.0,50.0,50.5,51.0,51.5,51.5,51.0,50.5,50.0,49.5,49.0,48.5,48.5,48.5,48.5,48.5,49.0,49.5,50.0,50.0,50.5,51.0,51.0,51.5,51.5,51.0,51.0,50.5,49.5,49.0,49.0,48.5,48.5,48.5,49.0,49.5,50.0,51.0,51.5,52.0,52.5,53.0,53.0,53.0,53.0,52.5,52.0,52.0,51.5,51.0,51.0,51.0,51.0,50.5,50.5,50.5,50.5,50.5,51.0,51.5,52.0,52.0,52.5,52.5,52.0,52.0,51.5,51.0,50.5,50.0,49.5,49.5,49.0,49.5,50.0,50.5,51.0,51.5,52.5,52.5,53.0,53.0,53.0,53.0,53.0,52.5,52.0,51.0,50.5,49.5,48.0,47.0,46.5,46.0,45.5,46.0,46.0,47.0,48.5,50.0,51.5,53.0,54.5,55.5,56.0,56.5,56.5,56.0,56.0,55.5,55.0,54.0,53.5,52.5,52.0,51.5,51.0,51.0,51.0,51.0,51.5,51.5,52.0,52.5,52.5,52.5,52.5,52.0,52.0,51.5,51.5,51.5,51.5,52.0,52.0,52.5,53.0,53.0,53.5,54.0,54.5,55.0,55.0,55.0,55.0,54.5,54.5,54.0,53.5,53.0,53.0,52.5,52.0,52.0,52.0,52.0,52.5,52.5,53.0,53.0,53.5,53.5,54.0,54.0,54.0,53.5,53.5,53.5,53.0,53.0,53.0,52.5,52.5,52.5,52.5,53.0,53.5,53.5,54.0,54.5,55.0,55.5,55.5,55.5,55.5,55.5,55.5,55.0,55.0,54.5,54.5,54.0,53.5,53.0,53.0,53.5,54.0,54.5,55.0,55.0,55.5,56.0,56.0,56.0,56.0,55.5,55.0,54.5,54.0,53.5,53.0,53.0,52.5,52.5,52.5,52.5,52.5,53.0,53.5,54.0,54.5,54.5,54.5,54.5,54.5,54.5,54.5,54.5,54.5,54.5,54.0,54.0,54.0,54.0,54.0,54.0,54.5,54.5,54.5,54.5,55.0,55.0,55.5,55.5,55.0,55.0,54.5,54.0,54.0,53.5,53.0,53.0,53.0,53.0,53.0,53.0,53.5,54.0,54.5,55.0,55.5,56.0,56.0,56.0,56.0,56.0,55.5,55.5,55.0,55.0,55.0,54.5,54.5,54.5,55.0,55.0,55.5,56.0,56.0,56.0,56.0,56.5,56.5,56.5,56.5,56.5,56.0,55.5,55.0,54.0,53.5,53.0,52.5,52.5,52.5,52.0,52.5,52.5,53.0,53.5,54.0,54.0,54.5,54.5,55.0,55.0,54.5,54.5,0.0,0.0
40.0,39.5,39.0,39.0,39.0,38.5,38.5,38.5,38.5,38.5,38.5,38.0,38.0,38.0,38.0,37.5,37.0,37.0,36.5,36.0,35.5,35.5,36.0,36.0,36.5,37.0,37.5,38.0,38.5,38.5,38.5,38.5,38.5,38.5,38.5,38.5,38.0,38.0,37.5,37.0,36.5,36.5,36.0,36.0,36.5,36.5,36.5,36.5,37.0,37.0,37.5,37.5,38.0,38.0,38.0,38.0,37.5,37.5,37.0,37.0,36.5,36.5,36.5,36.5,37.0,37.0,37.5,37.5,38.0,38.5,38.5,39.0,39.0,39.0,39.0,38.5,38.0,37.0,36.5,36.0,35.5,35.5,35.5,36.0,36.0,36.5,36.5,36.5,37.0,37.0,37.5,37.5,38.0,38.0,38.0,38.0,37.5,37.5,37.0,36.5,36.5,36.0,36.0,36.0,36.5,36.5,37.5,38.0,38.5,38.5,39.0,39.5,39.5,39.5,39.0,39.0,38.5,38.0,37.5,37.0,37.0,37.0,36.5,36.5,36.5,37.0,37.5,38.0,38.0,38.5,38.5,39.0,39.0,38.5,38.5,38.5,38.0,37.5,37.5,37.0,36.5,36.5,36.5,36.5,37.0,37.5,37.5,38.0,38.5,39.0,39.0,39.0,39.0,39.5,39.5,40.0,40.0,39.5,39.5,39.0,38.5,38.0,38.0,38.5,38.5,39.0,39.0,39.5,39.5,40.0,40.0,40.0,40.0,40.0,40.0,40.0,39.5,39.5,39.5,39.0,39.0,39.0,39.0,39.0,39.5,40.0,40.5,41.0,41.0,41.5,42.0,42.5,43.0,43.0,43.5,43.5,43.5,43.0,43.0,42.5,42.5,42.5,42.0,42.5,42.5,42.5,43.0,43.0,43.5,43.5,43.5,43.0,43.0,42.5,42.0,41.5,41.0,40.5,40.0,39.5,39.5,39.0,39.0,39.0,39.0,39.0,39.5,39.5,40.0,40.5,41.0,41.0,41.5,41.5,41.0,41.0,40.5,40.5,40.0,40.0,40.0,39.5,39.5,39.5,40.0,40.0,40.5,41.0,41.0,41.5,41.5,41.5,41.5,41.5,41.0,41.0,40.5,40.0,40.0,40.0,40.0,40.0,40.0,40.5,41.0,41.5,42.0,42.5,43.0,43.5,44.0,44.5,44.5,44.0,43.5,42.5,41.5,40.5,39.0,38.0,37.0,36.5,36.5,36.5,37.0,38.5,40.0,42.0,44.0,45.5,47.0,48.0,48.5,49.0,49.0,48.5,48.5,47.5,47.0,46.5,46.0,45.5,44.5,44.5,44.0,44.0,44.0,44.0,44.5,45.0,45.5,45.5,45.5,45.5,45.0,45.0,45.0,44.5,44.0,44.0,0.0,0.0
79.5,81.0,83.0,86.5,90.5,95.0,101.0,107.0,113.5,120.5,127.5,134.0,140.0,146.0,152.5,159.0,165.5,171.5,176.5,180.5,183.0,185.0,186.0,186.5,186.0,184.0,181.0,176.5,172.0,166.5,161.0,155.5,149.5,144.0,138.5,133.5,128.5,124.0,120.0,116.5,113.5,111.0,109.0,107.0,105.5,104.5,103.5,102.5,102.0,101.5,101.0,100.5,100.0,99.5,99.0,99.0,98.5,99.0,99.0,99.0,99.5,100.0,100.0,100.0,100.0,100.0,99.5,99.0,98.5,98.0,97.5,97.0,97.0,97.0,97.0,97.0,97.0,97.0,97.0,97.5,98.0,98.0,98.0,98.5,99.0,99.0,99.0,99.0,98.5,98.0,97.5,97.0,96.5,96.5,96.5,97.0,97.0,97.0,97.5,98.0,98.0,98.5,98.5,99.0,99.0,98.5,98.5,98.0,97.5,97.0,96.5,96.5,96.0,96.5,96.5,97.0,97.0,97.5,97.5,98.0,98.0,98.5,98.5,98.5,98.5,98.5,98.0,98.0,97.5,97.5,97.0,97.0,96.5,96.5,96.5,96.5,96.5,96.5,97.0,97.5,97.5,98.0,98.5,98.5,99.0,99.0,99.0,99.0,98.5,98.0,98.0,97.5,97.5,97.5,97.0,97.0,97.0,97.5,98.0,98.0,98.5,99.0,99.0,99.0,99.0,99.0,99.0,99.0,99.0,98.5,98.5,98.0,98.0,97.5,97.5,97.5,97.5,97.5,97.5,98.0,98.0,98.5,99.0,99.0,99.5,99.0,99.0,98.5,98.5,98.0,98.0,97.5,97.5,97.5,97.5,97.0,97.0,97.0,97.5,97.5,98.0,98.5,98.5,99.0,99.0,99.0,98.5,98.5,98.5,98.0,97.5,97.5,97.0,97.0,96.5,97.0,97.0,97.5,97.5,98.0,98.0,98.5,99.0,99.0,99.5,99.5,99.0,99.0,98.5,98.5,98.0,98.0,97.5,97.5,97.5,97.5,97.5,98.0,98.0,98.5,98.5,99.0,99.0,99.5,99.5,99.5,99.5,99.0,99.0,98.5,98.0,97.5,97.5,97.0,97.0,97.0,97.5,97.5,98.0,98.5,99.0,99.0,99.5,99.5,100.0,100.5,100.5,100.5,100.5,100.5,100.0,99.5,99.5,99.0,98.5,98.5,98.5,99.0,99.5,99.5,99.5,100.0,100.0,100.0,100.5,100.5,100.5,100.5,100.0,100.0,99.5,99.5,99.5,99.5,100.0,100.0,100.5,100.5,100.5,100.5,101.0,101.0,101.0,101.0,101.0,100.5,99.5,98.5,97.5,96.0,95.0,94.0,93.5,93.0,93.5,94.0,95.5,97.0,98.5,99.5,0.0,0.0
39.5,40.0,40.5,40.5,40.5,40.5,40.5,40.5,40.0,40.0,39.5,39.0,39.0,38.5,38.5,38.5,38.5,38.5,38.5,39.0,39.0,39.5,40.0,40.0,40.5,40.5,40.5,40.0,40.0,39.5,39.5,39.0,39.0,39.5,39.5,40.0,40.5,41.0,41.5,42.5,43.0,43.5,44.0,44.5,44.5,44.0,44.0,43.5,43.0,43.0,42.5,42.5,43.0,43.0,43.5,43.5,43.5,43.5,44.0,44.5,45.0,45.5,45.5,46.0,45.5,45.5,45.0,44.5,44.0,44.0,43.5,43.5,43.0,43.0,43.5,44.0,44.0,44.5,45.0,45.5,46.0,46.5,47.0,47.0,47.0,46.5,46.5,46.5,46.0,46.0,46.0,45.5,46.0,46.0,46.0,46.5,46.5,47.0,47.0,47.5,47.5,48.0,48.0,48.0,48.5,48.0,48.0,47.5,47.0,47.0,46.5,46.0,46.0,45.5,45.5,46.0,46.0,46.5,47.0,48.0,48.5,49.0,49.5,49.5,49.5,49.5,49.5,49.0,49.0,48.5,48.5,48.5,48.0,48.0,48.0,48.0,48.5,49.0,49.5,50.0,50.0,50.5,50.5,50.5,50.0,50.0,49.5,49.5,49.5,49.5,49.0,49.0,48.5,48.5,48.0,48.0,48.0,48.5,48.5,49.0,49.0,49.5,49.5,50.0,49.5,49.5,49.5,49.0,49.0,49.0,48.5,48.5,49.0,49.0,49.5,50.0,50.5,51.0,52.0,52.0,52.5,52.5,53.0,53.0,53.0,52.5,52.0,51.5,51.0,50.5,50.0,49.5,49.5,49.5,49.0,49.0,49.5,49.5,50.0,50.5,50.5,50.5,50.5,50.0,50.0,49.5,49.5,49.0,49.0,48.5,48.0,47.5,47.0,46.5,46.5,46.5,46.0,46.0,46.5,46.5,47.0,47.0,47.5,47.5,47.5,47.5,47.0,46.5,46.0,45.5,45.0,44.5,44.0,44.0,44.5,45.0,45.5,46.0,47.0,48.0,48.5,49.0,49.5,50.0,49.5,49.5,49.0,49.0,48.5,48.5,48.0,48.0,48.0,48.0,48.0,48.0,48.0,48.0,48.0,47.5,46.5,46.0,45.5,45.0,44.5,44.0,44.0,44.0,44.5,45.0,46.0,47.0,47.5,48.5,50.0,50.5,51.5,52.0,52.5,52.5,52.5,52.5,52.5,52.0,51.5,51.0,50.0,49.0,48.0,47.5,46.5,46.0,46.0,45.5,45.5,45.5,45.5,46.0,46.0,46.5,47.0,47.0,47.0,47.0,47.0,47.0,46.5,46.5,46.5,46.0,46.0,46.0,46.0,46.0,46.0,46.0,46.0,46.0,46.5,46.5,0.0,0.0
42.5,42.5,42.5,43.0,43.0,43.5,43.5,43.5,44.0,44.0,44.5,45.0,45.0,45.0,45.0,44.5,43.5,43.0,42.5,42.5,42.5,42.5,43.0,43.5,44.0,44.5,44.5,44.5,44.5,44.0,44.0,43.5,43.5,43.0,43.0,42.5,42.0,41.5,41.5,41.0,41.0,41.0,41.0,41.5,41.5,42.0,42.0,42.5,42.5,43.0,43.0,43.0,43.0,42.5,42.0,41.5,41.0,40.5,40.0,40.0,39.5,39.5,40.0,40.5,41.0,41.5,42.0,42.5,42.5,43.0,43.0,43.0,42.5,42.5,42.0,41.5,41.0,40.5,40.5,40.5,40.5,40.5,40.5,41.0,41.0,41.0,41.0,41.0,41.5,41.5,41.0,41.0,41.0,41.0,41.0,41.5,41.5,41.5,41.0,41.0,40.5,40.5,40.5,40.5,40.5,40.5,41.0,41.0,41.5,41.5,42.0,41.5,41.0,41.0,40.5,40.0,39.5,39.5,39.0,39.0,39.0,38.5,38.5,38.5,39.0,39.5,39.5,40.0,40.0,40.0,40.0,40.0,39.5,39.0,38.5,38.0,38.0,37.5,37.5,37.5,38.0,38.5,39.0,39.5,40.0,40.0,40.0,40.5,40.5,41.0,41.0,41.0,41.0,40.5,40.5,40.0,39.5,39.5,39.0,38.5,38.0,37.5,37.0,37.0,37.0,37.0,37.5,37.5,38.0,38.0,38.0,38.0,37.5,37.5,37.0,37.0,36.5,36.0,35.5,35.5,35.5,36.0,36.0,36.5,37.5,38.0,38.0,38.5,39.0,39.0,39.0,39.0,39.0,38.5,38.5,38.0,37.5,37.0,36.5,36.5,36.5,36.5,36.5,37.0,37.0,37.5,37.5,38.0,38.0,38.0,38.0,38.5,38.0,38.0,38.0,37.5,37.5,37.5,37.0,37.0,37.0,37.0,37.5,37.5,38.0,38.0,38.5,38.5,38.5,38.5,38.5,38.5,38.5,38.5,38.0,38.0,37.5,37.5,37.5,37.0,37.0,37.0,37.0,37.5,37.5,38.0,38.0,38.5,38.5,39.0,39.0,39.0,38.5,38.0,37.5,37.0,36.5,36.0,36.0,36.0,36.0,36.0,36.5,37.0,37.5,38.0,38.5,38.5,38.5,39.0,39.0,39.5,39.0,38.5,38.0,37.5,37.0,36.5,36.5,36.5,36.5,37.0,37.0,37.5,38.0,38.5,39.0,39.5,39.5,40.0,39.5,39.5,38.5,38.0,37.5,37.0,36.5,36.5,36.0,36.0,36.0,36.5,37.0,38.0,38.5,39.0,39.5,39.5,39.5,39.0,38.5,38.0,37.0,36.5,35.5,34.5,34.0,33.0,32.5,31.5,0.0,0.0
26.5,25.0,23.5,22.5,21.5,21.0,21.0,21.5,22.0,23.5,26.0,29.5,33.5,38.5,44.5,51.0,58.0,65.0,72.0,79.0,85.5,92.5,99.5,106.0,112.0,117.0,121.0,123.5,125.0,126.0,126.5,126.5,125.5,124.0,121.5,118.5,114.5,110.0,105.5,100.5,95.5,90.0,84.5,79.0,74.0,69.5,65.0,61.5,58.0,55.0,52.5,50.5,49.0,48.0,47.5,47.0,47.5,47.5,48.0,48.5,48.5,49.0,49.0,48.5,48.0,47.5,47.5,47.0,46.5,46.5,46.0,46.0,46.0,45.5,45.5,46.0,46.0,46.0,46.5,46.5,47.0,47.0,47.5,47.5,47.5,47.0,46.5,46.0,45.5,45.0,45.0,45.0,44.5,44.5,44.5,44.5,45.0,45.5,45.5,46.0,46.5,46.5,46.5,46.5,46.0,46.0,45.5,45.5,45.0,45.0,45.0,45.0,45.0,45.5,45.5,46.0,46.0,46.0,46.0,46.5,46.5,47.0,47.0,47.0,46.5,46.5,46.0,45.5,45.5,45.0,45.0,45.0,45.0,45.5,45.5,46.0,46.0,46.5,46.5,47.0,47.0,47.5,47.5,47.0,47.0,47.0,46.5,46.0,46.0,46.0,46.0,46.0,46.0,45.5,45.5,45.0,45.0,45.0,45.5,45.5,45.5,45.5,45.5,45.5,45.0,44.5,44.5,44.0,43.5,43.5,43.5,43.5,44.0,44.0,44.5,45.0,45.0,45.5,46.0,46.0,46.5,46.5,46.5,46.5,46.0,45.5,45.5,45.0,44.5,44.0,43.5,43.0,42.5,42.5,42.5,42.5,43.0,43.0,43.0,43.0,43.0,43.0,43.0,43.0,43.0,42.5,42.5,42.0,41.5,41.0,41.0,40.5,40.5,40.5,41.0,41.5,42.0,42.5,43.0,43.0,43.5,44.0,44.0,44.0,44.0,44.0,44.0,43.5,43.5,43.0,42.5,42.0,42.0,42.0,42.5,42.5,43.0,43.5,43.5,44.0,44.0,44.5,44.5,44.5,44.5,44.5,44.5,44.5,44.5,44.5,44.5,44.5,44.5,44.5,44.5,45.0,45.0,45.5,45.5,46.0,46.0,46.5,46.5,46.5,46.5,46.0,46.0,45.5,45.0,44.5,43.5,43.0,43.0,43.0,43.5,44.5,44.5,45.0,45.5,45.5,46.0,46.0,46.0,46.0,45.5,44.5,43.5,42.5,41.5,41.0,40.0,39.5,38.5,38.5,38.5,38.5,39.5,41.0,42.5,44.0,45.5,47.0,48.0,49.0,49.5,50.0,49.5,49.5,48.5,48.0,47.0,46.5,46.0,45.5,45.5,45.5,46.0,46.0,46.0,46.0,0.0,0.0
32.0,31.5,31.5,31.0,31.0,30.5,30.5,30.5,30.5,30.5,30.5,30.5,30.5,31.0,31.0,30.5,30.5,30.0,29.0,28.5,28.0,27.5,27.5,27.5,27.5,28.0,28.5,29.0,29.5,30.5,31.0,32.0,32.5,33.5,34.0,34.5,34.5,35.0,35.0,34.5,34.0,33.5,33.0,33.0,33.0,32.5,32.5,32.5,33.0,33.0,33.5,33.5,34.0,34.0,34.0,34.0,33.5,33.5,33.0,33.0,32.5,32.0,31.5,31.0,30.5,30.5,30.5,31.0,31.5,32.0,32.5,33.0,33.5,33.5,34.0,34.0,34.0,33.5,33.5,33.5,33.0,32.5,32.0,31.5,31.0,31.0,30.5,30.5,31.0,31.0,31.5,32.0,32.0,32.0,32.5,32.5,32.0,32.0,32.0,31.5,31.5,31.5,31.5,31.5,31.5,31.5,31.5,31.5,32.0,32.0,32.5,32.5,32.0,31.5,30.5,29.0,27.5,26.0,23.5,21.5,19.0,16.5,14.5,13.0,12.0,11.0,10.5,11.0,12.0,13.5,15.5,18.5,22.5,27.0,32.5,38.0,44.5,51.5,58.0,64.5,70.5,76.5,82.5,88.5,95.0,100.5,105.5,109.5,112.5,114.5,116.0,117.0,117.0,115.5,113.5,110.0,106.0,101.0,96.0,90.5,84.5,78.5,72.5,66.5,61.5,56.5,52.0,48.0,44.5,42.0,39.5,37.5,36.0,35.0,34.5,34.0,34.0,33.5,33.5,33.0,32.5,32.0,32.0,32.0,31.5,31.5,31.0,31.0,31.0,31.0,31.5,31.5,32.0,32.0,32.5,32.5,32.0,32.0,31.5,31.0,30.5,30.0,29.5,29.0,28.5,28.0,28.0,28.0,28.0,28.0,28.0,28.5,28.5,28.5,29.0,29.0,29.0,29.0,28.5,28.5,28.5,28.0,28.0,27.5,27.5,27.5,27.5,27.5,27.5,28.0,28.0,28.5,29.0,29.0,29.0,29.0,29.0,29.0,29.0,29.0,29.0,28.5,28.0,28.0,27.5,27.5,27.0,27.0,27.0,27.5,27.5,28.0,28.0,28.0,28.5,28.5,28.5,28.0,28.0,27.5,27.0,26.5,26.5,26.5,27.0,27.0,27.5,27.5,28.0,28.0,28.5,29.0,29.0,29.5,30.0,30.0,30.0,30.0,29.5,29.5,29.0,28.5,28.5,28.0,27.5,27.5,27.0,27.0,27.0,27.5,27.5,28.0,28.5,29.0,29.0,29.5,29.0,29.0,29.0,29.0,29.0,28.5,28.0,27.5,27.5,27.0,27.5,27.5,28.0,28.5,29.5,30.0,30.0,30.5,30.5,30.5,30.5,30.5,30.0,29.5,0.0,0.0
38.0,38.5,39.0,39.0,39.0,39.0,39.0,39.0,38.5,38.5,38.0,38.0,38.0,37.5,37.5,37.5,37.5,37.5,38.0,38.0,38.5,39.0,40.0,40.5,40.5,41.0,41.0,41.0,41.0,41.0,41.0,41.0,41.0,41.0,40.5,40.5,40.5,40.5,41.0,41.5,42.0,42.0,42.0,42.0,42.0,41.5,41.0,41.0,40.5,40.0,40.0,40.0,40.0,39.5,39.5,40.0,40.0,40.0,40.5,41.0,41.0,41.5,41.5,41.5,41.5,41.5,41.5,41.5,41.5,41.5,41.5,41.5,41.5,42.0,42.0,42.5,42.5,43.0,43.5,44.0,44.5,45.0,45.0,45.5,45.5,45.5,45.5,45.0,45.0,44.5,44.0,43.5,43.5,43.5,44.0,44.5,45.0,45.5,46.5,47.0,47.5,48.0,48.5,48.5,49.0,49.0,49.0,48.5,48.5,48.5,48.5,48.0,48.0,48.0,47.5,48.0,48.0,48.5,49.0,49.5,50.0,50.5,50.5,51.0,50.5,50.5,50.0,50.0,49.5,49.5,49.0,49.0,49.0,49.0,49.0,49.0,49.5,50.0,50.5,51.0,51.0,51.5,52.0,52.0,52.0,52.0,51.5,51.5,51.5,51.0,50.5,50.5,50.0,50.0,50.0,50.0,50.5,50.5,51.0,51.0,51.5,51.5,52.0,52.0,52.5,52.5,52.5,52.5,53.0,53.0,53.0,53.0,53.0,52.5,52.5,52.5,52.5,53.0,53.5,54.0,54.5,54.5,54.5,54.5,55.0,55.0,55.0,54.5,54.5,54.0,53.5,53.5,53.5,53.5,53.5,53.5,53.5,54.0,54.0,54.5,55.0,55.5,55.5,56.0,56.0,56.0,55.5,55.5,55.5,55.5,55.5,55.5,55.5,55.0,55.0,55.0,55.5,55.5,56.0,56.0,56.5,56.5,56.5,57.0,57.0,57.5,57.0,57.0,57.0,56.5,56.5,57.0,57.0,57.5,57.5,58.0,58.5,59.0,59.5,60.0,60.5,61.0,61.0,61.0,61.0,60.5,60.5,60.0,59.5,59.0,58.5,58.0,58.0,58.0,58.0,58.0,58.0,58.5,58.5,58.5,59.0,59.0,59.0,58.5,58.5,58.5,58.0,58.0,57.5,57.0,57.0,57.0,57.0,56.5,56.5,56.5,56.5,56.5,57.0,57.5,58.5,59.0,59.5,60.0,60.5,61.0,61.0,61.0,60.5,60.5,60.5,61.0,61.0,61.0,61.0,61.0,61.0,61.0,61.5,61.5,62.0,62.0,62.0,62.0,61.5,61.0,60.5,60.0,60.0,60.0,60.0,60.5,60.5,60.5,60.5,61.0,61.0,61.5,62.0,62.0,0.0,0.0
67.0,67.0,67.0,67.0,67.0,67.5,67.0,67.0,67.0,66.5,66.5,66.5,66.0,66.0,66.0,66.0,66.0,66.0,66.0,66.0,66.5,66.5,67.0,67.0,67.5,67.0,67.0,66.5,66.5,66.0,66.0,66.0,65.5,65.5,65.5,65.0,65.0,65.5,65.5,66.0,66.0,66.5,66.0,66.0,66.0,66.0,66.0,66.0,65.5,65.5,65.0,64.5,64.5,64.0,64.0,64.0,64.0,64.5,65.0,65.0,65.5,65.5,65.5,65.5,65.0,65.0,64.5,64.0,63.0,62.5,62.0,62.0,62.0,62.5,62.5,63.0,63.5,64.0,64.5,65.0,65.0,65.0,65.0,65.0,64.5,64.0,63.5,63.0,62.5,62.0,61.5,61.0,60.5,60.5,60.5,61.0,61.5,61.5,62.5,63.0,63.0,63.5,63.5,63.5,63.5,63.0,62.5,61.5,61.0,60.0,59.5,59.5,59.0,58.5,58.5,58.5,58.5,59.0,59.5,60.0,60.5,61.0,61.0,61.0,61.0,61.0,61.0,60.5,60.0,60.0,59.5,59.5,59.5,60.0,60.5,60.5,61.0,61.5,62.0,62.5,63.0,63.5,63.5,63.5,64.0,63.5,63.5,63.0,63.0,63.0,62.5,62.5,63.0,63.0,63.0,63.0,63.0,63.0,63.0,63.5,64.0,64.5,64.5,64.5,64.5,64.0,63.5,63.0,62.5,62.5,62.5,62.0,62.0,62.0,62.0,62.0,62.5,62.5,63.0,63.0,63.5,63.5,63.5,63.5,63.0,62.5,62.0,61.0,60.5,60.0,60.0,59.5,59.5,59.0,59.0,58.5,58.5,59.0,59.0,59.5,59.5,60.0,59.5,59.5,59.0,59.0,58.5,58.0,57.5,57.5,57.0,56.5,56.5,56.5,57.0,57.5,58.5,59.0,59.5,59.5,60.0,60.0,60.5,60.0,60.0,60.5,60.5,60.5,61.0,61.0,60.5,60.5,60.0,59.5,59.5,59.0,59.0,59.5,59.5,60.0,60.0,60.0,60.5,60.5,60.0,60.0,59.5,59.0,59.0,58.5,58.5,58.0,57.5,57.5,57.5,57.5,57.5,58.0,58.5,59.0,59.0,59.5,59.0,59.0,59.0,59.0,59.0,58.5,58.0,57.5,57.0,56.5,56.0,56.0,56.5,56.5,57.0,57.0,57.5,57.5,57.0,57.0,57.0,57.0,57.0,57.0,56.5,56.5,56.0,56.0,55.5,55.0,55.0,55.0,55.0,55.5,56.0,56.5,57.0,57.0,57.5,57.5,57.5,57.5,57.5,57.0,56.5,56.5,56.5,56.5,56.5,56.0,56.5,56.5,56.5,56.5,56.5,57.0,57.0,57.5,0.0,0.0
45.0,45.0,45.0,45.0,45.5,46.0,46.0,46.5,47.0,47.0,47.0,47.5,47.5,47.5,47.0,47.0,46.5,46.5,46.0,45.5,45.0,45.0,44.5,44.5,44.5,45.0,45.0,45.5,46.0,46.5,47.0,47.0,47.5,47.5,47.5,47.5,47.5,47.0,46.5,46.0,46.0,46.0,46.0,46.0,46.0,46.5,47.0,47.5,48.0,48.0,48.5,48.5,48.5,48.0,48.0,47.5,47.0,46.5,46.0,46.0,45.5,45.0,45.0,45.0,45.5,46.0,46.5,47.5,48.0,48.5,48.5,48.5,49.0,49.0,49.0,49.0,49.0,49.0,48.5,48.0,47.5,47.5,47.0,47.0,47.0,47.0,47.0,47.0,47.5,48.0,48.5,48.5,49.0,49.5,49.5,49.0,49.0,48.5,47.5,47.0,46.5,46.5,46.0,46.0,46.0,46.5,46.5,47.0,47.0,47.5,47.5,47.5,47.5,47.5,47.5,47.0,46.5,46.0,46.0,45.5,45.0,45.0,45.0,44.5,44.5,44.5,45.0,45.0,45.5,45.5,46.0,46.0,46.0,46.0,45.5,45.5,45.0,44.5,44.0,43.5,43.0,43.0,42.5,43.0,43.0,43.5,44.0,44.5,45.0,45.5,46.0,47.0,47.5,48.0,48.5,48.5,48.5,49.0,49.0,49.0,49.0,49.0,49.0,49.5,49.5,49.5,50.0,50.5,51.0,51.5,51.5,51.5,51.0,51.0,51.0,50.5,49.5,49.0,48.5,48.0,47.5,47.5,47.5,47.0,47.0,47.0,47.0,47.5,47.5,48.0,48.0,48.0,48.5,48.5,48.5,48.0,47.5,47.0,47.0,46.5,46.5,46.0,46.0,46.5,46.5,46.5,47.0,47.0,47.5,47.5,48.0,48.0,48.5,48.5,49.0,49.0,49.0,48.5,48.5,48.0,48.0,48.0,48.0,48.0,48.5,48.5,48.5,48.5,49.0,49.0,49.0,49.5,49.5,49.5,49.0,49.0,48.5,48.0,47.5,46.5,45.0,43.5,42.0,40.5,38.5,37.0,35.0,33.5,32.0,31.0,30.5,30.0,30.0,30.5,31.5,33.0,35.5,38.0,41.5,45.5,50.5,56.0,62.0,69.0,76.0,83.0,90.0,96.5,103.0,109.0,115.0,120.0,124.0,127.0,129.0,130.0,130.0,130.0,129.0,127.5,125.0,122.0,118.0,114.0,110.0,105.5,101.0,96.0,91.5,86.5,82.0,77.5,73.5,69.5,66.5,63.0,60.5,58.0,56.0,54.5,53.5,53.0,53.0,52.5,52.5,52.5,53.0,53.0,53.0,53.0,52.5,52.0,51.0,50.5,49.5,48.0,47.0,46.0,45.0,44.0,0.0,0.0
12.0,11.5,11.0,11.0,11.0,11.0,11.5,12.0,12.0,12.5,12.5,12.5,12.5,12.5,12.5,12.5,12.0,12.0,12.0,12.0,11.5,11.5,11.5,11.5,11.0,11.5,11.5,12.0,12.5,13.0,13.5,14.0,14.5,15.0,15.0,15.0,15.0,14.5,14.5,14.0,13.5,13.0,12.5,12.0,12.0,12.0,12.5,13.0,13.5,14.0,14.5,14.5,14.5,14.5,14.0,14.0,14.0,13.5,13.5,13.0,13.0,12.5,12.5,12.5,12.5,12.5,13.0,13.0,13.5,14.0,14.5,14.5,15.0,15.0,15.0,15.5,15.5,15.5,15.0,15.0,15.0,15.0,14.5,14.5,14.5,15.0,15.0,15.5,16.0,16.5,16.5,17.0,17.5,17.5,17.5,17.5,17.5,17.0,17.0,16.5,16.0,15.5,15.0,15.0,14.5,14.5,14.5,14.5,14.5,15.0,15.5,16.0,16.0,16.0,16.0,16.0,15.5,15.5,15.0,15.0,14.5,14.5,14.5,14.5,14.5,14.5,14.5,14.5,15.0,15.5,16.0,16.5,17.0,17.0,17.5,17.5,17.5,17.5,17.0,16.5,16.0,16.0,16.0,16.0,16.0,16.0,16.0,16.5,16.5,16.5,17.0,17.0,17.5,18.0,18.0,18.0,18.0,18.0,17.5,16.5,16.0,16.0,15.5,15.5,15.5,16.0,16.0,16.5,17.0,17.5,18.0,18.5,19.0,19.5,20.0,20.0,19.5,19.0,19.0,18.5,18.0,18.0,18.0,18.0,18.0,18.0,18.0,18.5,18.5,18.5,19.0,19.0,19.0,19.0,19.0,19.0,18.5,18.5,18.5,18.0,18.0,18.0,17.5,17.5,17.5,17.5,18.0,18.5,19.0,19.5,20.0,20.5,21.0,21.0,21.5,21.5,21.5,21.5,21.5,21.0,21.0,21.0,20.5,20.5,20.5,20.0,20.0,20.0,20.0,20.0,20.0,20.5,20.5,21.0,21.0,21.0,21.0,20.5,20.0,19.5,19.5,19.0,19.0,19.0,19.0,19.0,19.5,20.0,20.5,21.0,21.0,21.0,21.0,21.5,21.5,21.5,21.5,21.0,20.5,20.5,20.0,20.0,19.5,19.0,19.0,19.0,19.0,19.5,20.0,20.5,21.5,22.0,22.0,22.5,22.5,22.5,22.0,21.5,21.0,20.0,19.0,18.0,17.0,15.5,14.5,14.0,14.0,14.0,15.0,16.0,17.5,19.0,20.5,22.0,23.5,24.5,25.0,25.5,25.0,24.5,24.0,23.5,23.0,22.5,21.5,21.0,20.5,20.0,20.0,20.0,20.0,20.5,20.5,20.5,20.5,20.0,20.0,19.5,19.5,19.0,0.0,0.0
9.0,9.5,9.5,9.5,9.0,8.5,8.0,7.0,6.5,6.0,5.5,5.0,4.5,4.5,4.5,4.5,5.0,5.5,5.5,6.0,6.0,6.0,5.5,5.0,4.5,4.0,4.0,4.0,4.0,4.0,3.5,3.5,3.0,3.0,3.0,3.5,3.5,3.5,4.0,4.0,4.5,4.5,4.5,4.5,4.5,4.0,3.5,3.0,2.5,2.0,1.0,1.0,0.5,1.0,1.5,2.0,2.5,3.0,3.0,3.0,3.5,3.5,3.5,3.0,2.5,2.0,1.0,0.5,0.0,-0.5,-0.5,-1.0,-1.5,-1.5,-1.5,-2.0,-2.0,-2.0,-2.0,-2.0,-2.0,-2.5,-2.5,-3.0,-3.0,-3.5,-4.0,-4.0,-4.5,-4.5,-5.0,-5.0,-5.0,-4.5,-4.0,-3.0,-2.0,-0.5,0.5,2.0,2.5,3.0,3.5,3.0,2.5,2.0,1.0,0.5,-0.5,-1.5,-2.5,-3.0,-3.5,-3.5,-3.5,-3.5,-3.0,-2.5,-1.5,-1.0,-1.0,-1.0,-1.0,-1.5,-2.0,-2.5,-3.0,-4.0,-4.5,-5.0,-5.0,-5.0,-4.5,-4.0,-3.5,-3.0,-2.5,-2.0,-1.5,-1.5,-1.5,-1.5,-2.0,-2.5,-2.5,-3.0,-4.0,-4.0,-4.5,-4.5,-5.0,-4.5,-4.5,-4.5,-4.0,-4.0,-4.0,-4.0,-4.0,-4.0,-4.0,-4.0,-3.5,-3.5,-3.5,-4.0,-4.5,-5.0,-5.5,-6.0,-6.0,-6.5,-6.5,-6.5,-6.5,-6.5,-7.0,-7.0,-8.0,-9.0,-10.0,-12.0,-13.5,-16.0,-18.0,-20.0,-21.5,-23.0,-24.5,-25.5,-26.0,-26.0,-25.0,-23.5,-20.5,-17.0,-12.5,-7.5,-1.5,5.5,12.5,20.0,27.0,33.5,39.5,45.0,50.5,55.5,60.5,65.0,69.0,71.5,73.0,74.0,74.5,74.5,74.5,73.5,72.0,69.0,66.0,62.0,57.5,52.5,47.5,42.0,37.0,31.5,26.5,22.0,18.0,14.0,10.5,7.5,4.5,2.5,1.0,0.5,0.0,0.0,-0.5,-0.5,-1.0,-1.5,-2.0,-2.5,-2.5,-3.0,-3.5,-3.5,-4.0,-4.5,-4.0,-4.0,-3.5,-3.0,-2.5,-2.5,-2.0,-2.0,-2.5,-3.0,-3.0,-3.5,-4.0,-4.5,-5.0,-5.5,-5.5,-5.5,-5.5,-5.5,-5.5,-5.5,-5.5,-5.0,-5.0,-5.0,-4.5,-4.5,-5.0,-5.0,-5.0,-5.5,-5.5,-6.0,-6.5,-7.0,-7.0,-7.0,-7.0,-7.0,-7.0,-6.5,-6.0,-5.5,-4.5,-3.5,-3.0,-2.5,-2.0,-2.0,-2.0,-2.0,-2.5,-2.5,-3.0,-3.0,-3.5,-4.0,-4.0,-4.5,-5.0,-5.0,-5.0,-5.0,-4.5,-4.0,-4.0,-4.0,0.0,0.0
1.5,1.5,1.0,0.5,0.5,1.0,1.0,1.5,2.0,2.0,2.5,2.5,2.5,2.5,2.5,2.0,2.0,1.5,1.0,0.5,-0.5,-1.5,-2.0,-2.5,-3.0,-3.0,-3.0,-3.0,-2.5,-2.5,-2.0,-2.0,-2.0,-2.0,-2.0,-2.5,-2.5,-3.0,-3.5,-4.0,-5.0,-5.5,-6.0,-7.0,-7.0,-7.5,-7.5,-7.0,-6.0,-5.0,-4.0,-3.0,-2.5,-2.0,-2.0,-1.5,-1.5,-1.5,-2.0,-2.0,-1.5,-1.5,-1.0,-1.0,-0.5,-0.5,-0.5,-0.5,0.0,0.5,1.0,1.5,2.0,2.0,1.5,1.0,0.0,-1.5,-2.5,-3.0,-3.5,-4.0,-3.5,-3.5,-3.5,-3.0,-3.0,-2.5,-2.0,-1.5,-1.5,-1.0,-1.5,-1.5,-1.5,-2.0,-2.0,-2.5,-2.5,-3.0,-3.0,-3.5,-3.5,-3.5,-3.5,-3.5,-3.0,-3.0,-2.5,-2.0,-1.5,-1.0,-1.0,-0.5,-0.5,-1.0,-1.0,-2.0,-2.5,-3.0,-3.5,-3.5,-4.0,-4.0,-4.0,-4.0,-3.5,-3.5,-3.0,-2.5,-2.0,-1.5,-1.0,-1.0,-1.0,-1.0,-1.5,-2.5,-3.5,-5.0,-7.0,-9.0,-11.0,-13.0,-15.5,-17.5,-19.0,-20.5,-21.5,-22.0,-21.5,-21.0,-20.5,-19.5,-18.0,-16.5,-14.0,-11.0,-7.0,-2.5,3.0,8.5,15.0,22.0,29.0,36.0,42.5,48.5,54.5,60.0,65.5,69.5,72.5,74.5,75.5,75.0,74.5,73.5,71.5,69.5,67.0,64.0,60.5,57.0,53.5,49.5,45.0,40.5,36.0,31.5,27.0,23.0,19.0,15.5,12.5,9.0,6.5,4.0,2.0,1.0,0.0,-0.5,-0.5,-0.5,-1.0,-1.5,-1.5,-2.0,-2.0,-2.5,-2.5,-3.0,-4.0,-4.5,-4.5,-5.0,-5.5,-6.0,-6.0,-6.5,-7.0,-7.0,-7.0,-7.0,-6.5,-6.5,-6.0,-5.5,-5.0,-5.0,-4.5,-4.5,-4.5,-4.5,-4.5,-4.5,-4.5,-4.5,-4.5,-5.0,-5.5,-6.0,-6.5,-7.0,-7.0,-7.0,-6.5,-6.0,-5.5,-5.0,-4.5,-4.5,-4.0,-4.0,-4.5,-4.5,-5.0,-5.5,-6.0,-6.5,-7.0,-7.5,-7.5,-7.5,-7.0,-6.5,-6.5,-6.0,-6.0,-6.0,-5.5,-5.5,-5.5,-5.0,-5.0,-5.0,-5.5,-5.5,-6.0,-6.5,-7.5,-8.0,-9.0,-9.5,-10.0,-10.0,-9.5,-9.0,-8.5,-8.0,-7.5,-7.5,-7.5,-7.5,-7.5,-8.0,-8.0,-8.0,-8.0,-8.0,-8.0,-8.0,-8.0,-7.5,-7.5,-7.5,-7.5,-7.5,-7.5,-7.0,-7.0,-7.0,-6.5,-6.5,-6.5,-6.5,-6.5,-7.0,-7.0,-8.0,0.0,0.0
55.0,55.0,55.0,54.5,54.5,54.0,54.0,53.5,53.5,53.0,53.0,53.5,53.5,53.5,54.0,54.5,55.0,55.5,55.5,56.0,56.0,56.0,56.0,55.5,55.0,54.5,53.5,52.5,51.0,49.0,47.0,44.5,42.5,40.5,38.5,37.0,36.0,35.5,35.5,36.0,36.5,37.5,39.0,41.5,44.5,48.0,52.5,57.5,63.5,70.0,77.0,83.5,90.0,96.5,102.5,109.0,115.0,121.0,126.5,131.0,134.0,136.0,137.5,138.0,137.5,136.5,134.0,131.0,126.5,121.5,116.5,111.0,106.0,100.5,95.5,90.5,86.0,81.5,77.5,73.5,70.5,67.5,65.0,63.0,61.0,59.0,57.5,56.5,55.5,54.5,54.0,54.0,53.5,53.5,53.0,53.0,53.0,53.0,53.0,53.0,53.0,53.0,53.0,52.5,52.0,51.5,51.0,51.0,50.5,50.0,50.0,50.0,50.0,50.0,50.0,50.5,51.0,51.0,51.5,51.5,52.0,51.5,51.5,51.0,50.5,50.0,49.0,48.5,48.0,48.0,47.5,47.5,47.5,47.5,47.5,48.0,48.5,48.5,49.0,49.0,49.5,49.5,50.0,50.0,50.0,50.0,49.5,49.5,49.0,48.5,48.0,48.0,47.5,47.5,47.5,48.0,48.0,48.0,48.0,48.0,48.0,48.0,48.0,47.5,47.5,47.0,46.5,46.0,46.0,45.5,45.5,45.5,45.5,46.0,46.0,46.5,47.0,47.5,48.5,49.0,49.0,49.5,49.5,49.0,49.0,48.5,48.0,47.5,47.0,46.5,46.0,46.0,46.0,45.5,45.5,46.0,46.0,46.5,47.0,47.0,47.5,47.5,47.5,47.5,47.5,47.0,47.0,47.0,46.5,46.5,46.5,46.5,46.5,46.5,46.5,47.0,47.5,47.5,48.0,47.5,47.5,47.0,46.5,46.0,46.0,45.0,44.5,44.0,43.5,43.5,43.5,43.5,43.5,44.0,44.5,45.0,46.0,46.5,46.5,46.5,47.0,47.0,47.0,47.0,46.5,46.5,46.0,45.5,44.5,43.5,42.5,41.5,40.5,39.5,39.5,40.0,41.0,42.0,44.0,45.5,47.0,48.5,50.0,51.0,51.5,51.5,51.5,51.0,50.5,50.0,49.5,49.5,49.5,49.0,49.0,49.0,49.5,49.5,49.5,49.5,50.0,50.0,50.0,49.5,49.5,49.5,49.0,49.0,48.5,48.0,47.5,47.5,47.0,47.0,47.0,47.0,47.0,47.0,47.0,47.5,47.5,48.0,48.0,47.5,47.5,47.0,46.5,46.0,45.5,45.5,45.5,45.0,45.0,45.5,45.5,46.0,46.0,46.5,47.0,47.5,0.0,0.0
43.0,41.0,38.5,36.0,33.5,30.5,28.5,26.5,25.0,24.5,24.0,24.0,24.5,26.0,27.5,30.0,33.5,37.0,41.5,47.0,53.0,59.5,66.5,73.5,80.0,86.5,92.5,99.0,105.5,112.0,118.0,122.5,126.5,129.0,131.0,132.0,133.0,132.5,131.5,129.0,125.0,120.0,114.5,108.5,102.5,96.0,90.0,84.0,78.5,73.5,68.5,64.5,61.0,58.0,55.5,53.5,51.5,50.0,49.0,48.0,47.5,47.0,46.5,46.0,46.0,45.5,45.0,44.5,44.5,44.5,44.5,44.5,45.0,45.5,45.5,45.5,45.5,45.5,45.5,45.0,45.0,44.5,44.0,44.0,43.5,43.0,42.5,42.0,42.0,42.0,42.0,42.0,42.5,42.5,43.0,43.0,43.0,43.0,43.0,43.0,42.5,42.5,42.0,41.5,41.5,41.0,40.5,40.5,40.5,40.0,40.5,40.5,40.5,41.0,41.5,42.0,42.5,43.0,43.5,43.5,43.5,43.5,43.0,42.5,42.0,41.5,41.5,41.0,41.0,41.0,41.5,41.5,41.5,42.0,42.0,42.5,42.5,42.5,42.5,42.5,42.0,41.5,41.5,41.0,40.5,40.5,40.5,40.0,40.0,40.0,40.5,40.5,41.0,41.0,41.5,41.5,42.0,42.0,42.5,42.5,42.5,42.5,42.0,41.5,41.5,41.0,40.5,40.0,40.0,39.5,39.5,40.0,40.5,40.5,41.0,41.5,41.5,41.5,41.5,41.0,41.0,40.5,40.5,40.0,40.0,40.0,39.5,39.5,39.5,39.5,39.5,40.0,40.5,40.5,41.0,41.5,42.0,42.0,42.5,42.0,42.0,41.5,41.0,41.0,40.5,40.0,40.0,40.5,40.5,40.5,41.0,41.5,41.5,42.0,42.0,42.5,42.5,42.5,42.5,42.5,42.5,42.0,42.0,41.5,41.5,41.0,41.0,41.0,41.0,41.0,41.5,42.0,42.5,42.5,43.0,43.5,44.0,44.5,44.5,45.0,45.0,44.5,44.0,43.5,43.0,43.0,43.0,42.5,42.5,42.5,42.5,43.0,43.5,44.0,44.0,44.5,45.0,45.0,45.0,45.0,45.0,44.5,44.5,44.0,43.5,43.0,43.0,42.5,42.5,42.0,42.0,42.0,42.5,43.0,43.0,43.5,43.5,44.0,44.0,44.0,44.0,44.0,43.5,43.0,42.5,42.0,42.0,42.0,42.0,42.0,42.0,42.5,42.5,42.5,42.5,43.0,43.0,43.5,44.0,44.0,44.0,43.5,43.5,43.0,42.5,42.5,42.0,42.0,42.0,42.0,42.5,43.0,43.5,43.5,44.0,44.0,44.0,44.0,44.0,44.0,0.0,0.0
45.5,45.5,45.5,45.5,45.5,45.5,45.5,46.0,46.0,46.0,46.5,46.5,46.5,46.5,46.5,46.0,46.0,45.5,45.0,44.5,44.0,44.0,44.0,44.5,44.5,45.0,45.5,45.5,46.0,46.5,46.5,46.5,46.5,46.0,46.0,45.0,44.5,44.0,43.0,42.5,42.5,42.5,43.0,43.0,43.5,44.5,45.0,45.5,46.0,46.0,46.0,46.0,46.0,45.5,45.5,45.0,44.5,44.0,43.5,43.0,43.0,42.5,43.0,43.0,43.5,44.0,44.0,44.5,45.0,45.5,45.5,46.0,46.0,46.0,46.0,46.0,46.5,46.5,46.5,46.5,46.5,46.0,45.5,45.5,46.0,46.0,46.0,46.5,46.5,46.5,47.0,47.0,47.0,47.0,46.5,46.0,46.0,45.5,45.5,45.5,46.0,46.0,46.5,46.5,47.0,46.5,46.5,46.5,46.0,45.5,45.0,44.5,44.5,44.0,43.5,43.5,44.0,44.5,45.0,46.0,47.5,48.5,50.0,51.0,51.5,52.0,52.5,52.5,52.5,52.5,52.0,51.5,51.0,50.0,49.0,47.5,46.5,45.5,45.0,45.0,44.5,44.5,44.5,44.5,45.0,45.0,45.5,46.0,46.5,46.5,47.0,47.0,47.5,47.5,48.0,48.5,48.5,48.5,48.5,48.5,48.5,48.5,48.5,49.0,49.0,49.5,50.0,50.5,51.0,52.0,52.5,53.0,53.0,53.0,53.0,52.5,52.0,51.5,51.0,51.0,50.5,50.0,49.5,49.5,49.5,49.5,50.0,50.5,50.5,50.5,51.0,51.0,51.0,51.5,51.5,52.0,51.5,51.5,51.0,51.0,51.0,51.0,51.5,52.0,52.5,53.0,53.0,53.5,54.5,55.0,55.5,55.5,55.5,55.5,55.0,55.0,54.5,54.0,54.0,53.5,53.0,53.0,53.0,53.0,53.5,53.5,53.5,54.0,54.0,54.0,54.0,54.0,54.5,54.0,54.0,53.5,53.0,52.5,52.0,51.0,50.5,49.5,48.5,47.0,45.0,43.0,41.5,39.5,38.0,36.5,35.0,34.0,33.0,32.0,31.0,30.5,30.5,31.5,33.0,36.0,39.5,43.5,49.0,55.0,62.0,69.5,77.5,85.0,92.0,98.5,105.0,111.0,116.5,121.5,125.5,129.0,131.5,132.5,133.5,134.0,133.5,132.5,130.0,127.0,123.0,118.5,114.0,109.0,104.0,99.0,94.0,89.0,84.0,79.5,74.5,70.5,66.5,63.0,59.5,57.0,55.0,54.0,53.0,53.0,52.5,53.0,53.0,53.0,52.5,52.5,52.5,52.5,52.0,52.0,51.5,51.0,50.5,49.5,49.0,48.5,0.0,0.0
27.0,27.5,27.5,28.0,27.5,27.5,27.0,27.0,26.5,26.5,26.0,26.0,26.0,26.0,26.0,26.0,26.5,27.0,27.5,28.0,28.0,28.5,29.0,29.0,29.0,29.0,29.0,28.5,28.5,28.0,28.0,28.0,28.0,28.0,28.5,28.5,28.5,29.0,29.5,30.0,30.5,31.0,31.5,32.0,32.0,32.0,32.0,31.5,31.0,30.5,30.0,30.0,29.5,29.5,29.5,30.0,30.5,31.0,31.5,32.0,32.5,33.0,33.0,33.5,33.5,33.5,33.5,33.5,33.5,33.0,33.0,32.5,32.5,32.5,32.5,32.5,33.0,33.5,33.5,34.0,34.5,34.5,35.0,35.0,35.5,35.0,35.0,34.5,34.5,34.0,33.5,33.0,32.5,32.0,32.5,32.5,33.0,33.0,33.5,34.0,34.5,35.0,35.5,36.0,36.0,36.0,36.0,36.0,36.0,36.0,35.5,35.5,35.0,35.0,35.0,35.5,36.0,36.5,37.0,37.5,37.5,38.0,38.5,38.5,39.0,39.0,38.5,38.5,38.0,37.5,37.5,37.0,36.5,36.0,36.0,36.0,36.0,36.5,36.5,37.0,37.5,37.5,38.0,38.0,38.0,38.0,37.5,37.5,37.0,36.5,36.0,35.5,35.0,35.0,35.5,35.5,36.0,36.0,36.5,36.5,37.0,37.5,37.5,37.5,37.5,37.0,37.0,37.0,36.5,36.5,36.0,36.0,36.0,36.0,36.0,36.0,36.0,36.5,36.5,37.0,37.5,38.0,38.5,38.5,38.5,38.5,38.5,38.0,37.5,37.5,37.0,37.0,36.5,36.5,36.5,37.0,38.0,38.5,39.5,40.0,40.5,41.0,41.0,41.5,41.0,41.0,40.5,40.0,40.0,39.5,39.5,39.0,39.0,39.0,39.5,39.5,40.0,40.5,40.5,41.0,42.0,42.0,42.5,42.0,42.0,42.0,41.5,41.5,41.5,41.0,40.5,40.5,40.0,40.0,40.0,40.0,40.0,40.0,40.5,41.0,41.5,42.0,42.0,42.5,42.5,42.5,42.5,42.0,42.0,41.5,41.5,41.5,41.0,41.0,41.0,41.0,41.0,41.0,41.0,40.5,40.5,40.0,39.5,39.0,38.0,37.0,36.5,36.0,35.5,35.5,36.0,37.0,37.5,38.5,40.0,41.0,42.0,42.5,43.0,43.0,43.0,43.0,42.5,42.5,41.5,41.0,40.5,40.0,39.5,39.0,38.0,37.5,37.0,37.0,36.5,36.5,36.5,37.0,37.5,38.0,38.5,39.0,39.5,40.0,40.5,41.0,41.0,41.5,41.5,41.5,41.5,41.5,41.0,41.0,41.5,41.5,42.0,42.5,43.0,43.5,0.0,0.0
-11.0,-10.5,-10.0,-10.0,-9.5,-9.5,-9.0,-9.0,-9.5,-9.5,-9.5,-10.0,-10.0,-10.5,-11.0,-11.5,-11.5,-12.0,-12.0,-12.0,-11.5,-11.0,-10.5,-10.5,-10.0,-9.5,-9.5,-10.0,-10.0,-10.5,-11.0,-11.5,-11.5,-12.0,-12.0,-12.0,-12.0,-12.0,-11.5,-11.0,-10.5,-10.5,-10.0,-10.0,-10.0,-10.0,-10.0,-10.0,-10.0,-10.0,-10.5,-10.5,-10.5,-10.5,-10.5,-10.0,-10.0,-10.0,-9.5,-9.0,-9.0,-8.5,-8.0,-8.0,-8.0,-8.0,-8.5,-8.5,-9.0,-9.0,-9.0,-9.5,-9.5,-9.5,-10.0,-10.0,-10.0,-9.5,-9.5,-9.0,-8.5,-8.0,-8.0,-8.0,-8.0,-7.5,-7.5,-7.5,-7.5,-8.0,-8.0,-8.0,-8.0,-8.0,-8.0,-8.0,-8.0,-7.5,-7.5,-7.0,-6.5,-6.0,-6.0,-5.5,-5.5,-5.5,-5.5,-5.5,-5.5,-6.0,-6.0,-6.5,-6.5,-6.5,-6.5,-6.5,-6.5,-6.0,-6.0,-5.5,-5.5,-5.0,-5.0,-4.5,-4.5,-4.5,-5.0,-5.0,-5.5,-6.0,-6.0,-6.5,-6.5,-7.0,-7.0,-7.0,-6.5,-6.5,-6.0,-5.5,-5.5,-5.0,-4.5,-4.5,-4.5,-4.5,-4.5,-4.5,-5.0,-5.0,-5.5,-5.5,-6.0,-6.0,-6.0,-6.0,-5.5,-5.0,-5.0,-5.0,-4.5,-4.5,-4.0,-4.0,-4.0,-4.0,-4.0,-4.5,-4.5,-5.0,-5.0,-5.5,-5.5,-6.0,-6.0,-6.0,-6.0,-6.0,-5.5,-5.0,-5.0,-4.5,-4.0,-3.5,-3.0,-3.0,-3.0,-3.0,-3.5,-4.0,-4.5,-5.0,-5.0,-5.5,-5.5,-5.0,-5.0,-4.5,-4.0,-3.5,-3.0,-2.5,-2.5,-2.0,-2.0,-2.0,-2.0,-2.5,-3.0,-3.0,-3.5,-4.0,-4.0,-4.5,-4.5,-4.5,-4.5,-4.5,-4.0,-3.5,-2.5,-2.0,-1.0,-0.5,-0.5,0.0,-0.5,-0.5,-1.0,-1.5,-1.5,-2.0,-2.5,-2.5,-2.5,-3.0,-3.0,-3.0,-3.0,-3.0,-2.5,-2.5,-2.0,-2.0,-1.5,-1.5,-2.0,-2.0,-2.5,-3.0,-3.5,-4.5,-5.0,-5.5,-6.0,-6.0,-6.0,-5.5,-5.5,-5.0,-5.0,-4.5,-4.0,-3.5,-3.5,-3.5,-3.0,-3.5,-3.5,-4.0,-4.5,-5.0,-5.5,-6.0,-6.5,-7.0,-7.0,-7.0,-6.5,-6.5,-6.5,-6.5,-6.0,-5.5,-4.0,-3.0,-1.5,-0.5,1.0,2.0,2.5,3.0,3.0,2.5,2.0,2.0,2.0,2.0,2.0,2.0,1.5,1.5,1.0,1.0,0.5,0.0,-0.5,-1.0,-1.5,-2.0,-2.5,-2.5,-2.5,-2.5,-3.0,-2.5,-2.5,-2.0,-1.5,-0.5,0.0,0.0
62.5,62.0,61.5,61.0,60.5,60.0,60.0,60.0,60.5,61.0,61.0,61.5,62.0,62.0,62.5,62.5,63.0,63.0,63.0,63.0,62.5,62.5,62.0,61.5,61.0,60.5,60.5,60.5,60.5,60.5,61.0,61.0,61.5,62.0,62.0,62.5,62.5,62.5,62.0,61.5,61.0,60.5,60.0,59.5,59.5,59.0,59.0,59.0,59.0,59.0,59.5,60.0,60.5,61.0,61.0,61.5,61.5,61.5,61.5,61.5,61.5,61.0,60.5,60.0,59.5,59.5,59.0,59.0,59.0,59.5,59.5,60.0,60.0,60.5,61.0,61.0,61.5,62.0,62.0,62.0,62.0,62.0,62.0,62.0,61.5,61.5,61.0,61.0,61.0,61.0,61.5,61.5,61.5,62.0,62.0,62.0,62.0,62.0,62.0,62.0,61.5,61.5,61.0,61.0,60.5,60.0,60.0,59.5,60.0,60.0,60.5,61.0,61.5,62.0,62.0,62.5,62.5,63.0,63.0,63.0,63.0,62.5,62.0,61.5,61.0,61.0,60.5,60.0,60.0,59.5,60.0,60.0,60.5,60.5,61.0,61.5,62.0,62.0,62.0,62.0,62.0,61.5,61.0,60.5,60.0,60.0,60.0,60.0,60.5,60.5,60.5,61.0,61.5,62.0,62.5,62.5,62.5,62.5,62.5,62.5,62.0,61.5,61.0,60.5,60.5,60.0,59.5,59.5,59.5,59.5,59.5,59.5,59.5,59.5,60.0,60.5,61.0,61.5,61.5,62.0,62.0,61.5,61.5,61.0,60.5,60.5,60.0,59.5,59.5,59.5,60.0,60.5,61.0,62.0,62.5,62.5,63.0,63.0,63.0,63.5,63.5,63.0,62.5,62.0,61.5,61.0,60.5,60.5,60.5,60.5,61.0,61.5,62.0,62.0,62.5,63.0,63.0,63.5,63.5,63.0,63.0,63.0,62.5,62.5,62.5,62.0,62.0,62.0,62.0,62.0,62.0,62.5,63.0,63.5,63.5,64.0,64.0,64.5,64.5,64.5,64.5,64.5,64.0,63.5,63.0,62.5,62.0,62.0,62.0,62.5,63.0,63.5,63.5,64.0,64.0,64.5,64.5,64.5,64.0,63.5,62.5,61.5,60.5,59.0,58.0,57.0,56.0,55.5,55.0,55.0,56.0,57.0,58.5,60.0,61.5,63.0,64.5,65.5,66.0,66.5,66.5,66.0,65.5,65.0,65.0,64.5,64.0,64.0,63.5,63.0,62.5,62.5,62.5,62.0,62.0,62.0,62.0,62.0,62.0,62.0,62.0,61.5,61.0,60.5,60.0,60.0,59.5,60.0,60.0,60.5,61.0,61.5,61.5,62.0,62.5,63.0,63.5,64.0,64.0,63.5,0.0,0.0
38.5,38.0,37.5,37.5,37.0,37.5,37.5,37.5,37.5,37.5,38.0,38.0,38.0,38.0,38.0,38.0,38.0,37.5,37.5,37.5,37.5,37.5,37.5,37.5,38.0,38.5,39.0,39.5,40.0,40.5,40.5,40.5,40.5,40.5,40.0,40.0,39.5,39.0,38.5,38.0,38.0,38.0,38.0,38.5,39.0,40.0,40.0,40.5,40.5,41.0,41.0,41.0,41.0,41.0,41.0,40.5,40.0,39.0,38.5,38.5,38.0,38.0,38.0,38.0,38.5,39.0,39.5,40.0,40.5,41.0,41.0,41.0,41.0,41.0,40.5,40.5,40.0,39.5,39.5,39.0,39.0,39.0,39.0,39.0,39.5,39.5,40.0,40.0,40.0,40.5,40.5,40.5,40.0,40.0,40.0,40.0,39.5,39.5,39.0,39.0,38.5,38.5,38.5,38.5,38.5,39.0,39.5,40.0,40.5,40.5,41.0,40.5,40.0,39.5,39.5,39.0,39.0,38.5,38.0,38.0,37.5,37.5,37.5,37.5,38.0,38.0,38.0,38.0,38.0,37.5,37.0,37.0,36.5,36.0,36.0,35.0,34.5,34.0,33.0,32.0,31.5,31.0,31.0,31.0,31.0,31.0,31.5,32.0,32.5,32.5,33.0,33.5,33.5,33.5,34.0,34.0,34.0,34.0,33.5,34.0,34.0,34.5,34.5,35.0,36.0,36.5,37.5,38.0,38.5,38.5,38.5,38.5,38.5,38.0,37.5,37.0,36.5,36.0,35.5,35.0,34.5,34.5,34.5,34.5,35.0,35.5,36.0,36.5,36.5,37.0,37.0,37.0,37.0,36.5,36.5,36.0,36.0,35.5,35.5,35.0,35.0,35.0,35.0,35.0,35.5,36.0,36.5,36.5,37.0,37.5,37.5,37.5,38.0,37.5,37.5,37.5,37.0,37.0,36.5,36.0,35.5,35.0,34.5,34.5,34.5,35.0,35.0,35.5,35.5,36.0,36.0,36.0,36.0,35.5,35.5,35.0,35.0,34.5,34.0,33.5,33.0,32.0,31.0,29.5,27.5,25.5,23.5,21.5,19.5,17.5,16.0,15.0,14.0,13.5,13.0,13.0,14.0,16.0,19.0,23.5,29.0,35.5,43.0,51.0,59.5,68.0,76.5,84.0,90.5,96.5,102.5,107.5,111.5,115.0,117.0,118.0,118.5,117.5,116.5,115.0,113.0,110.0,107.0,103.5,99.5,95.5,91.0,86.5,81.5,77.0,72.5,68.5,64.0,60.0,56.5,52.5,49.5,46.5,44.5,42.5,41.0,40.0,39.0,38.5,38.5,38.5,39.0,39.0,39.5,40.0,40.0,40.0,39.5,39.0,38.5,37.5,37.0,36.5,36.0,36.0,0.0,0.0
19.5,20.0,20.0,20.5,21.0,21.5,21.5,22.0,22.0,22.0,21.5,21.5,20.5,20.0,19.5,19.0,19.0,19.0,19.0,19.0,19.0,19.0,19.5,19.5,20.0,20.0,20.5,20.5,21.0,21.0,21.0,20.5,20.5,20.0,19.5,19.0,19.0,18.5,18.0,17.5,17.0,16.0,15.0,13.5,12.0,10.0,8.5,6.5,5.0,4.0,2.5,2.0,1.5,1.5,2.0,3.5,5.5,8.0,11.5,16.5,21.5,28.0,35.0,42.5,50.0,57.5,64.0,71.0,77.0,83.5,89.5,95.0,99.5,102.5,104.5,105.5,105.5,105.5,105.0,103.5,101.5,98.5,95.0,91.0,86.5,82.0,77.0,71.5,66.5,61.0,55.5,50.5,45.5,41.0,37.5,34.0,31.0,29.0,27.0,26.0,25.0,25.0,24.5,25.0,25.0,25.0,25.5,25.5,25.5,25.5,25.0,25.0,24.5,24.5,24.0,23.5,23.0,22.5,22.5,22.5,22.5,23.0,23.0,23.5,23.5,24.0,23.5,23.5,23.0,23.0,22.5,22.0,21.5,21.0,20.5,20.5,20.0,20.0,20.0,20.0,20.0,20.0,20.5,20.5,21.0,21.0,21.5,21.5,21.5,21.5,21.5,21.5,21.0,20.5,20.5,20.5,20.5,20.5,20.5,20.5,21.0,21.0,21.5,21.5,22.0,22.0,22.0,22.5,22.5,22.5,22.0,21.5,21.0,20.5,20.0,19.5,19.0,18.5,18.5,18.5,19.0,19.0,19.5,20.0,20.5,21.0,21.0,21.5,22.0,22.0,22.0,21.5,21.5,21.0,20.5,20.5,20.0,20.0,20.0,20.0,20.5,20.5,21.0,21.0,21.5,22.0,22.5,22.5,22.5,22.0,22.0,21.5,21.5,21.5,21.0,20.5,20.5,20.0,20.0,20.0,20.0,20.0,20.0,20.5,21.0,21.0,21.5,21.5,21.5,21.0,21.0,20.5,20.5,20.0,19.5,19.5,19.0,18.5,18.5,19.0,19.0,19.5,20.0,20.5,21.0,21.0,21.5,21.5,21.5,21.5,21.5,21.5,21.5,21.0,20.5,20.5,20.0,20.0,20.0,20.0,20.0,20.5,20.5,21.0,21.5,21.5,22.0,21.5,21.5,21.5,21.5,21.5,21.5,21.5,21.5,21.5,21.0,21.0,21.0,21.5,21.5,22.0,22.5,22.5,22.5,22.0,21.5,21.0,20.5,20.0,19.5,19.5,19.0,19.5,20.0,20.5,22.0,23.0,24.5,25.5,27.0,28.0,29.0,29.5,30.0,30.0,30.0,29.5,29.5,28.5,28.0,27.0,26.0,25.0,24.5,24.0,23.5,23.5,23.5,23.5,0.0,0.0
49.0,49.0,48.5,48.5,48.5,48.5,48.0,48.0,48.0,47.5,48.0,48.0,48.5,49.0,49.5,50.0,50.5,50.5,51.0,50.5,50.5,50.0,50.0,49.5,49.5,49.0,49.0,49.0,49.0,49.0,49.0,49.5,50.0,50.5,51.0,51.0,51.5,52.0,52.0,52.0,52.0,51.5,51.5,51.5,51.0,50.5,50.5,50.0,50.0,50.0,50.0,50.5,50.5,51.0,51.0,51.5,51.5,52.0,52.0,52.5,52.5,52.5,52.5,53.0,53.0,53.0,53.0,53.0,52.5,52.5,52.5,52.5,53.0,53.5,54.0,54.5,54.5,54.5,54.5,55.0,55.0,55.0,54.5,54.5,54.0,53.5,53.5,53.5,53.5,53.5,53.5,53.5,54.0,54.0,54.5,55.0,55.5,55.5,56.0,56.0,56.0,55.5,55.5,55.5,55.5,55.5,55.5,55.5,55.0,55.0,55.0,55.5,55.5,56.0,56.0,56.5,56.5,56.5,57.0,57.0,57.5,57.0,57.0,57.0,56.5,56.5,57.0,57.0,57.5,57.5,58.0,58.5,59.0,59.5,60.0,60.5,61.0,61.0,61.0,61.0,60.5,60.5,60.0,59.5,59.0,58.5,58.0,58.0,58.0,58.0,58.0,58.0,58.5,58.5,58.5,59.0,59.0,59.0,58.5,58.5,58.5,58.0,58.0,57.5,57.0,57.0,57.0,57.0,56.5,56.5,56.5,56.5,56.5,57.0,57.5,58.5,59.0,59.5,60.0,60.5,61.0,61.0,61.0,60.5,60.5,60.5,61.0,61.0,61.0,61.0,61.0,61.0,61.0,61.5,61.5,62.0,62.0,62.0,62.0,61.5,61.0,60.5,60.0,60.0,60.0,60.0,60.5,60.5,60.5,60.5,61.0,61.0,61.5,62.0,62.0,62.5,63.0,63.5,63.5,64.0,64.0,64.5,64.0,64.0,63.5,63.5,63.5,63.5,63.0,63.0,63.5,63.5,64.0,64.5,65.0,65.5,65.5,65.5,65.5,65.5,65.0,65.0,65.5,65.5,65.5,65.5,65.0,65.0,65.0,65.0,65.0,65.0,65.0,65.5,65.5,66.0,66.0,66.0,65.5,65.0,64.0,63.0,61.5,59.5,57.0,55.0,52.5,50.0,48.5,47.0,46.0,45.5,45.5,45.5,46.0,47.0,49.5,52.5,57.0,62.0,67.5,74.0,81.0,88.5,95.5,102.5,109.0,115.0,121.5,127.5,134.0,140.0,145.5,149.5,152.0,153.5,154.0,154.0,153.5,152.5,150.5,147.5,143.5,139.0,134.5,129.5,124.5,119.0,114.0,108.5,103.5,99.0,94.5,90.5,87.0,84.0,81.0,78.0,76.0,74.5,0.0,0.0
11.5,11.5,11.5,11.5,11.5,12.0,12.5,13.0,13.0,13.0,13.0,13.0,13.0,12.5,12.0,11.5,11.0,11.0,10.5,10.5,10.0,10.0,10.5,10.5,11.0,11.5,11.5,12.0,12.0,12.0,12.0,11.5,11.5,11.5,11.0,11.0,10.5,10.5,10.5,10.5,10.5,11.0,11.0,11.0,11.0,11.0,11.5,11.5,12.0,12.0,12.5,13.0,13.0,13.0,12.5,12.5,12.0,11.5,11.5,11.0,11.0,11.0,11.0,11.0,11.5,11.5,12.0,12.0,12.5,12.5,12.5,12.5,12.0,11.5,11.0,10.5,10.0,9.5,9.5,9.0,9.0,9.5,9.5,10.0,10.5,11.0,11.5,12.0,13.0,13.5,14.0,14.0,14.0,14.0,13.5,13.0,12.0,11.5,11.0,11.0,11.0,11.0,11.5,12.0,12.0,12.5,12.5,12.5,12.5,12.5,12.5,12.5,12.0,12.0,12.0,12.0,11.5,11.5,11.5,11.5,11.0,11.5,11.5,12.0,12.5,13.0,13.5,14.0,14.5,15.0,15.0,15.0,15.0,14.5,14.5,14.0,13.5,13.0,12.5,12.0,12.0,12.0,12.5,13.0,13.5,14.0,14.5,14.5,14.5,14.5,14.0,14.0,14.0,13.5,13.5,13.0,13.0,12.5,12.5,12.5,12.5,12.5,13.0,13.0,13.5,14.0,14.5,14.5,15.0,15.0,15.0,15.5,15.5,15.5,15.0,15.0,15.0,15.0,14.5,14.5,14.5,15.0,15.0,15.5,16.0,16.5,16.5,17.0,17.5,17.5,17.5,17.5,17.5,17.0,17.0,16.5,16.0,15.5,15.0,15.0,14.5,14.5,14.5,14.5,14.5,15.0,15.5,16.0,16.0,16.0,16.0,16.0,15.5,15.5,15.0,15.0,14.5,14.5,14.5,14.5,14.5,14.5,14.5,14.5,15.0,15.5,16.0,16.5,17.0,17.0,17.5,17.5,17.5,17.5,17.0,16.5,16.0,16.0,16.0,16.0,16.0,16.0,16.0,16.5,16.5,16.5,17.0,17.0,17.5,18.0,18.0,18.0,18.0,18.0,17.5,16.5,16.0,16.0,15.5,15.5,15.5,16.0,16.0,16.5,17.0,17.5,18.0,18.5,19.0,19.5,20.0,20.0,19.5,19.0,19.0,18.5,18.0,18.0,18.0,18.0,18.0,18.0,18.0,18.5,18.5,18.5,19.0,19.0,19.0,19.0,19.0,19.0,18.5,18.5,18.5,18.0,18.0,18.0,17.5,17.5,17.5,17.5,18.0,18.5,19.0,19.5,20.0,20.5,21.0,21.0,21.5,21.5,21.5,21.5,21.5,21.0,21.0,21.0,20.5,20.5,0.0,0.0
71.5,72.0,72.5,73.0,73.5,73.5,74.0,73.5,73.5,73.0,72.5,72.0,72.0,72.0,71.5,72.0,72.0,72.5,72.5,73.0,73.5,73.5,73.5,74.0,74.0,73.5,73.5,73.5,73.5,73.0,72.5,72.0,71.5,71.0,71.0,71.0,71.0,71.5,72.0,72.5,73.0,73.0,73.0,73.5,73.5,73.5,73.0,73.0,72.5,72.5,72.5,72.5,72.5,72.5,72.5,72.5,72.5,73.0,73.5,73.5,74.0,74.0,74.5,74.0,74.0,73.5,73.5,73.5,73.0,73.0,72.5,72.5,72.5,72.0,72.0,71.5,71.5,71.5,71.5,72.0,72.5,72.5,73.0,73.0,73.0,73.0,73.0,72.5,72.5,72.0,72.0,72.0,72.0,72.0,72.0,72.5,73.0,73.0,73.5,74.0,74.0,74.0,74.5,74.5,74.5,74.5,74.5,74.0,74.0,74.0,74.0,74.0,74.5,74.5,75.0,75.5,75.5,76.0,76.5,76.5,77.0,77.5,78.0,78.0,78.0,78.0,78.0,77.5,77.5,77.0,76.5,76.5,76.0,75.5,75.0,75.0,75.0,75.0,75.5,76.0,76.5,76.5,77.0,77.0,77.0,76.5,76.5,76.0,75.5,75.0,75.0,74.5,74.5,74.5,74.5,75.0,75.0,75.5,75.5,76.0,76.5,77.0,77.0,77.0,76.5,76.5,76.5,76.5,76.0,76.0,76.0,75.5,75.5,75.5,75.5,75.5,75.5,75.5,76.0,76.0,76.5,77.0,77.0,77.5,77.5,77.0,77.0,76.5,76.0,76.0,75.5,75.5,75.5,75.0,75.0,75.5,76.0,76.5,77.0,77.5,78.0,78.5,78.5,78.5,78.5,78.5,78.5,78.5,78.0,78.0,78.0,77.5,77.5,77.0,77.0,77.0,77.0,77.0,77.5,77.5,78.0,78.0,78.5,78.5,78.5,78.5,78.5,78.5,78.0,77.5,77.5,77.0,77.0,76.5,76.5,76.5,76.5,77.0,77.0,77.5,77.5,78.0,78.0,78.5,79.0,79.0,78.5,78.5,78.0,78.0,77.5,77.5,77.0,77.0,77.0,77.0,77.0,77.0,77.5,77.5,77.5,77.5,77.5,77.5,77.5,77.5,77.5,77.0,76.5,76.5,76.0,76.0,75.5,75.5,75.5,75.5,75.5,75.5,75.5,76.0,76.0,76.5,77.0,77.5,77.5,78.0,78.0,77.5,77.5,77.0,77.0,76.5,76.5,76.0,76.5,76.5,77.0,77.5,77.5,78.0,78.5,78.5,78.5,78.5,78.5,78.0,77.5,76.5,75.5,74.5,73.5,72.5,71.5,70.5,70.0,69.5,69.5,70.0,71.0,72.0,0.0,0.0
-9.0,-8.5,-8.5,-8.0,-7.5,-7.0,-6.5,-6.0,-6.0,-5.5,-5.5,-5.5,-6.0,-6.0,-6.5,-7.0,-7.0,-7.0,-7.5,-7.5,-7.5,-7.0,-7.0,-6.5,-6.0,-5.5,-5.5,-5.0,-5.5,-5.5,-5.5,-6.0,-6.0,-6.5,-6.5,-7.0,-7.5,-8.0,-8.0,-8.0,-8.0,-8.0,-7.5,-7.0,-6.5,-6.0,-5.5,-6.0,-6.0,-6.0,-6.5,-6.5,-7.0,-7.5,-8.0,-8.5,-9.5,-10.0,-11.0,-11.5,-12.5,-13.5,-15.0,-16.5,-18.5,-20.5,-22.0,-23.5,-25.0,-26.0,-26.5,-26.5,-26.5,-26.5,-25.5,-24.0,-22.0,-19.0,-14.5,-9.5,-4.0,3.0,10.5,18.0,25.5,32.0,38.5,45.0,51.0,57.0,62.5,67.5,71.0,73.5,75.5,76.5,77.0,76.5,76.0,74.0,71.5,67.5,63.0,58.5,53.5,48.5,43.5,38.5,34.0,29.0,24.5,20.0,16.0,12.5,9.0,5.5,3.0,0.5,-1.0,-2.0,-3.0,-3.0,-3.0,-2.5,-2.0,-2.0,-2.0,-2.0,-2.0,-2.0,-2.5,-3.0,-3.5,-4.0,-4.5,-5.0,-5.5,-6.0,-6.5,-6.5,-7.0,-7.0,-6.5,-6.5,-6.0,-6.0,-6.0,-6.0,-6.0,-6.0,-6.0,-6.0,-6.5,-6.5,-7.0,-7.0,-7.5,-8.0,-8.0,-8.5,-8.5,-8.5,-8.0,-7.5,-7.0,-6.5,-6.0,-5.5,-5.5,-5.5,-6.0,-6.0,-6.5,-7.0,-7.5,-8.0,-8.5,-9.0,-9.0,-9.0,-9.0,-8.5,-8.5,-8.0,-8.0,-7.5,-7.0,-7.0,-7.0,-7.0,-7.0,-7.0,-7.0,-7.0,-7.5,-7.0,-7.0,-7.0,-7.0,-6.5,-6.5,-6.0,-5.5,-5.0,-4.5,-4.5,-4.0,-4.0,-4.0,-4.0,-4.0,-4.0,-4.5,-4.5,-5.0,-5.0,-5.5,-5.5,-6.0,-6.0,-6.0,-5.5,-5.5,-5.0,-4.5,-4.0,-4.0,-4.0,-3.5,-3.5,-3.5,-4.0,-4.5,-4.5,-5.0,-5.5,-5.5,-6.0,-6.0,-6.0,-6.0,-6.0,-5.5,-5.5,-5.0,-5.0,-4.5,-4.5,-4.0,-4.0,-4.0,-4.0,-4.5,-4.5,-4.5,-4.5,-4.5,-4.5,-4.5,-4.5,-4.0,-3.5,-3.5,-3.0,-3.0,-2.5,-2.5,-3.0,-3.0,-3.0,-3.0,-3.0,-3.5,-3.5,-4.0,-4.5,-5.0,-5.0,-5.5,-5.5,-5.5,-5.5,-5.0,-4.5,-4.0,-4.0,-3.5,-3.0,-2.5,-2.5,-2.0,-2.0,-2.0,-2.0,-2.5,-3.0,-3.0,-3.0,-3.0,-3.0,-3.0,-2.5,-2.0,-1.5,-1.5,-1.0,-0.5,-0.5,0.0,0.0,0.0,0.0,0.0,-0.5,-1.0,-1.0,-1.5,-1.0,-1.0,-0.5,0.0,0.0
1.0,1.0,1.5,2.0,2.0,2.5,2.5,2.5,2.5,2.5,2.0,2.0,1.5,1.0,0.5,-0.5,-1.5,-2.0,-2.5,-3.0,-3.0,-3.0,-3.0,-2.5,-2.5,-2.0,-2.0,-2.0,-2.0,-2.0,-2.5,-2.5,-3.0,-3.5,-4.0,-5.0,-5.5,-6.0,-7.0,-7.0,-7.5,-7.5,-7.0,-6.0,-5.0,-4.0,-3.0,-2.5,-2.0,-2.0,-1.5,-1.5,-1.5,-2.0,-2.0,-1.5,-1.5,-1.0,-1.0,-0.5,-0.5,-0.5,-0.5,0.0,0.5,1.0,1.5,2.0,2.0,1.5,1.0,0.0,-1.5,-2.5,-3.0,-3.5,-4.0,-3.5,-3.5,-3.5,-3.0,-3.0,-2.5,-2.0,-1.5,-1.5,-1.0,-1.5,-1.5,-1.5,-2.0,-2.0,-2.5,-2.5,-3.0,-3.0,-3.5,-3.5,-3.5,-3.5,-3.5,-3.0,-3.0,-2.5,-2.0,-1.5,-1.0,-1.0,-0.5,-0.5,-1.0,-1.0,-2.0,-2.5,-3.0,-3.5,-3.5,-4.0,-4.0,-4.0,-4.0,-3.5,-3.5,-3.0,-2.5,-2.0,-1.5,-1.0,-1.0,-1.0,-1.0,-1.5,-2.5,-3.5,-5.0,-7.0,-9.0,-11.0,-13.0,-15.5,-17.5,-19.0,-20.5,-21.5,-22.0,-21.5,-21.0,-20.5,-19.5,-18.0,-16.5,-14.0,-11.0,-7.0,-2.5,3.0,8.5,15.0,22.0,29.0,36.0,42.5,48.5,54.5,60.0,65.5,69.5,72.5,74.5,75.5,75.0,74.5,73.5,71.5,69.5,67.0,64.0,60.5,57.0,53.5,49.5,45.0,40.5,36.0,31.5,27.0,23.0,19.0,15.5,12.5,9.0,6.5,4.0,2.0,1.0,0.0,-0.5,-0.5,-0.5,-1.0,-1.5,-1.5,-2.0,-2.0,-2.5,-2.5,-3.0,-4.0,-4.5,-4.5,-5.0,-5.5,-6.0,-6.0,-6.5,-7.0,-7.0,-7.0,-7.0,-6.5,-6.5,-6.0,-5.5,-5.0,-5.0,-4.5,-4.5,-4.5,-4.5,-4.5,-4.5,-4.5,-4.5,-4.5,-5.0,-5.5,-6.0,-6.5,-7.0,-7.0,-7.0,-6.5,-6.0,-5.5,-5.0,-4.5,-4.5,-4.0,-4.0,-4.5,-4.5,-5.0,-5.5,-6.0,-6.5,-7.0,-7.5,-7.5,-7.5,-7.0,-6.5,-6.5,-6.0,-6.0,-6.0,-5.5,-5.5,-5.5,-5.0,-5.0,-5.0,-5.5,-5.5,-6.0,-6.5,-7.5,-8.0,-9.0,-9.5,-10.0,-10.0,-9.5,-9.0,-8.5,-8.0,-7.5,-7.5,-7.5,-7.5,-7.5,-8.0,-8.0,-8.0,-8.0,-8.0,-8.0,-8.0,-8.0,-7.5,-7.5,-7.5,-7.5,-7.5,-7.5,-7.0,-7.0,-7.0,-6.5,-6.5,-6.5,-6.5,-6.5,-7.0,-7.0,-8.0,-8.5,-9.5,-10.5,-11.5,-12.5,0.0,0.0
24.5,25.0,25.5,26.0,26.0,26.0,26.0,25.5,25.0,25.0,25.5,25.5,26.0,26.5,27.0,27.5,28.0,28.0,28.5,28.5,28.5,28.5,28.0,27.5,27.0,26.5,26.5,26.0,25.5,25.5,25.5,25.5,25.5,25.5,25.5,26.0,26.5,27.0,27.5,28.0,28.5,28.0,28.0,27.5,27.0,27.0,26.5,26.0,26.0,26.0,26.0,26.0,26.0,26.5,27.0,27.5,28.0,29.0,29.0,29.5,29.0,29.0,29.0,28.5,28.5,28.0,27.5,27.0,27.0,27.0,27.0,27.0,27.0,27.0,27.0,27.0,27.0,26.5,25.5,24.5,23.0,21.0,19.0,16.5,14.0,11.5,9.5,8.0,7.0,6.5,6.0,7.0,8.0,10.5,13.0,17.0,21.5,27.0,33.5,40.0,46.5,54.0,60.5,67.0,73.5,79.0,85.0,90.5,96.0,101.0,105.5,109.0,111.5,113.0,114.0,114.5,114.0,112.5,110.0,107.0,103.0,98.0,93.0,87.5,82.5,77.0,71.5,66.5,61.5,56.5,52.5,48.5,45.0,42.0,39.5,38.0,36.5,35.5,35.0,34.5,34.5,34.5,34.0,33.5,33.5,33.0,32.0,31.5,31.0,30.0,30.0,29.5,29.5,30.0,30.0,30.5,30.5,31.0,31.0,31.0,31.0,31.0,31.0,31.0,30.5,30.0,29.5,29.0,29.0,28.5,28.5,28.5,28.5,29.0,29.0,29.5,30.0,30.0,30.5,31.0,31.5,31.5,31.5,31.0,31.0,30.5,30.0,29.5,29.0,29.0,28.5,29.0,29.5,30.0,30.5,30.5,31.0,31.5,31.5,31.5,31.5,31.5,31.5,31.0,30.5,30.0,30.0,29.5,29.0,29.0,29.0,29.0,29.0,29.5,30.0,30.5,30.5,31.0,31.0,31.5,31.5,31.5,32.0,32.0,32.0,32.0,31.5,31.5,31.5,31.5,31.0,31.0,31.0,31.0,31.5,31.5,32.0,32.0,32.5,33.0,33.0,33.0,33.0,33.0,32.5,32.5,32.0,31.5,31.0,31.0,30.5,30.5,30.5,30.5,31.0,31.0,31.5,32.0,32.0,32.0,32.0,32.0,31.5,31.0,30.5,29.5,29.0,28.0,27.0,26.0,25.5,25.5,25.5,26.0,27.0,28.0,29.5,30.5,32.0,33.0,34.0,35.0,35.5,35.5,35.5,35.5,35.0,34.5,34.0,33.5,33.0,32.5,32.5,32.0,32.0,32.0,32.5,32.5,32.5,32.5,32.5,32.5,32.0,32.0,31.5,31.5,31.0,30.5,30.0,30.0,30.0,30.5,31.0,31.5,32.5,33.0,33.5,34.0,34.0,34.0,0.0,0.0
25.0,25.0,25.0,25.0,24.5,24.5,24.0,23.5,23.0,22.5,22.5,22.0,21.5,21.0,21.0,21.0,21.5,21.5,22.0,22.5,23.0,23.5,23.5,23.5,23.5,23.0,22.5,22.0,21.5,21.5,21.0,21.0,21.0,21.5,22.0,22.5,23.0,23.5,23.5,24.0,24.0,24.5,25.0,25.0,25.0,25.0,24.5,24.0,23.5,23.0,22.5,22.0,21.5,21.5,21.5,21.5,22.0,22.5,23.0,23.5,24.0,24.0,24.0,24.0,24.0,24.0,23.5,23.5,23.5,23.0,23.0,22.5,22.5,22.5,22.5,23.0,23.0,23.5,23.5,24.0,24.0,24.5,24.5,24.5,24.5,24.5,24.5,24.5,24.0,23.5,23.5,23.0,23.0,23.0,23.0,23.0,23.5,24.0,24.5,24.5,25.0,25.5,25.5,25.5,25.5,25.5,25.0,25.0,25.0,24.5,24.5,24.5,24.0,23.5,23.5,23.5,24.0,24.0,24.5,25.0,25.5,26.0,26.5,27.0,27.0,26.5,26.0,26.0,25.5,24.5,24.0,24.0,23.5,23.5,23.5,23.5,24.0,24.5,25.0,25.5,26.0,26.5,27.0,27.0,26.5,26.5,26.0,26.0,26.0,25.5,25.5,25.5,25.5,25.5,25.5,25.5,25.5,26.0,26.5,27.0,27.0,27.0,27.0,27.5,27.5,27.5,27.5,28.0,28.0,28.0,27.5,27.0,27.0,26.5,26.5,27.0,27.0,27.5,28.0,28.5,28.5,29.0,29.5,29.5,29.5,29.5,29.5,29.5,29.5,29.0,29.0,29.0,29.0,29.0,29.0,29.0,29.5,29.5,30.0,30.5,31.0,31.0,31.0,31.0,31.0,30.5,30.5,30.0,30.0,29.5,29.0,28.5,28.0,27.5,27.5,27.5,27.5,27.5,28.0,28.0,28.0,28.5,28.5,28.5,28.0,28.0,27.5,27.0,27.0,26.5,26.0,26.0,25.5,25.5,25.5,25.5,26.0,26.5,26.5,26.5,27.0,27.0,27.0,26.5,26.5,26.5,26.0,25.5,25.0,24.0,23.5,23.0,22.0,21.5,21.5,21.0,21.5,21.5,22.0,22.5,23.0,23.0,23.0,23.0,23.0,23.0,23.0,23.0,22.5,22.5,22.5,22.5,22.5,22.5,23.0,23.5,24.0,24.5,25.0,25.5,26.0,26.0,26.5,26.5,26.5,26.5,26.5,26.0,26.0,25.5,25.0,24.5,23.5,23.5,23.0,23.0,23.0,23.0,23.5,23.5,23.5,24.0,24.0,24.0,24.0,24.0,23.5,23.5,23.0,22.5,22.0,22.0,21.5,21.5,21.5,22.0,22.5,23.0,23.5,24.0,0.0,0.0
27.5,27.5,27.5,27.5,27.0,26.5,26.0,26.0,25.5,25.5,26.0,26.0,26.5,27.0,27.5,28.0,28.5,29.0,29.0,29.0,29.0,29.0,29.0,28.5,28.5,28.5,28.0,28.0,27.5,27.5,27.5,28.0,28.5,29.0,29.5,30.0,30.5,31.0,31.5,32.0,32.0,32.0,31.5,31.5,31.0,31.0,30.5,30.0,29.5,30.0,30.0,30.5,31.0,31.0,31.5,31.5,32.0,32.0,32.5,32.5,32.5,32.5,32.0,32.0,32.0,31.5,31.5,31.5,32.0,32.0,32.5,32.5,33.0,33.5,33.5,33.5,34.0,34.0,34.0,34.0,34.5,34.5,34.5,34.0,33.5,33.0,33.0,32.5,32.5,33.0,33.5,33.5,34.0,34.5,34.5,35.0,35.0,35.0,35.5,35.5,36.0,36.0,35.5,35.5,35.0,34.5,34.0,34.0,33.5,33.5,33.5,34.0,34.0,34.5,35.0,35.5,35.5,36.0,36.5,37.0,37.0,36.5,36.0,36.0,35.5,35.0,35.0,35.5,35.5,36.0,36.0,36.5,36.5,37.0,37.0,37.5,38.5,39.0,39.5,39.5,40.0,40.0,40.0,40.0,39.5,39.0,38.5,38.0,37.5,37.5,38.0,38.0,38.5,38.5,39.0,39.5,40.0,40.0,40.0,40.0,40.0,40.0,40.0,40.0,39.5,39.0,39.0,38.5,38.5,38.5,38.5,38.5,38.5,39.0,39.0,39.5,39.5,39.5,40.0,40.0,40.0,40.0,40.0,40.0,40.0,39.5,39.5,39.5,39.0,39.0,39.5,39.5,40.0,40.0,40.0,40.0,40.0,40.0,40.0,40.0,39.5,39.5,39.0,39.0,38.5,38.0,38.0,37.5,37.5,37.5,37.5,37.5,38.0,38.0,38.5,39.0,39.5,40.0,40.0,40.5,40.0,40.0,39.5,39.5,39.0,38.5,38.5,38.5,38.5,39.0,39.5,40.0,40.5,41.0,42.0,43.0,44.0,44.5,45.0,45.0,45.0,45.0,44.5,44.0,44.0,43.5,43.0,43.0,42.5,42.0,42.0,42.0,42.0,42.0,42.5,43.0,43.5,44.0,44.0,44.5,44.5,44.5,44.0,44.0,44.0,43.5,43.5,43.0,43.0,43.0,43.0,43.0,43.5,43.5,44.0,44.0,44.5,44.5,45.0,45.0,45.5,45.0,45.0,44.5,44.0,43.5,43.5,43.0,43.0,42.5,43.0,43.0,43.0,43.5,44.0,44.5,45.0,45.0,45.5,45.5,45.5,45.0,45.0,44.5,44.5,44.0,44.0,43.5,43.0,42.5,41.0,39.5,38.0,36.0,34.0,32.0,30.0,28.0,26.5,25.0,0.0,0.0
51.0,51.5,51.5,52.0,52.0,51.5,51.5,51.5,51.0,50.5,49.5,49.0,48.5,48.5,48.5,48.5,48.5,49.0,49.5,50.0,50.5,50.5,50.5,50.0,50.0,50.0,50.0,49.5,49.5,49.5,49.5,49.5,49.5,49.5,49.5,50.0,50.0,50.0,50.0,50.0,50.0,50.0,49.5,49.0,48.5,48.0,47.0,46.0,45.0,44.0,43.5,44.0,44.5,45.0,46.0,47.0,48.5,49.5,50.5,51.5,52.5,52.5,53.0,53.0,52.5,52.5,52.0,51.5,51.0,50.0,49.5,49.0,48.5,48.5,48.0,48.5,48.5,49.0,49.5,50.0,50.5,51.0,51.5,51.5,51.5,51.0,51.0,50.5,50.0,50.0,49.5,49.0,49.0,48.5,48.5,48.5,49.0,49.5,50.0,50.5,51.0,51.0,51.0,51.0,51.0,51.0,50.5,50.5,50.0,49.5,49.5,49.0,49.0,49.0,49.0,49.5,49.5,50.0,50.5,51.0,51.5,51.5,52.0,52.0,52.0,52.0,52.0,51.5,51.0,50.5,50.5,50.0,49.5,49.0,49.0,49.0,49.0,49.5,50.0,50.5,50.5,50.5,50.5,50.5,50.5,50.0,50.0,49.5,49.0,49.0,48.5,48.5,48.5,48.5,48.5,48.5,49.0,49.5,49.5,50.0,50.5,51.0,51.5,51.5,51.5,51.0,50.5,50.0,49.0,48.5,48.0,48.0,47.5,47.5,47.0,47.0,47.5,47.5,47.5,48.0,48.0,48.5,48.5,49.0,49.0,48.5,48.5,48.0,47.5,47.5,47.0,47.0,46.5,46.5,46.0,46.0,46.5,47.0,47.5,47.5,48.0,48.5,48.5,48.5,49.0,49.0,49.0,48.5,48.0,47.5,47.5,47.0,47.0,47.0,47.0,47.0,47.0,46.5,46.5,46.0,46.0,45.5,45.5,45.0,44.5,44.5,44.0,44.0,43.5,43.0,43.0,43.0,43.0,43.5,44.0,44.5,45.0,46.0,46.5,47.5,48.5,49.5,50.0,50.5,51.0,51.0,51.5,51.5,51.5,51.5,51.5,51.0,51.0,51.0,51.0,51.5,51.5,52.0,52.0,52.5,52.0,52.0,52.0,52.0,52.0,52.0,52.0,51.5,51.5,51.0,50.5,50.0,50.0,50.0,50.0,50.5,50.5,51.0,51.5,52.0,52.0,52.5,52.5,53.0,53.0,53.0,52.5,52.5,52.0,51.5,51.5,51.0,50.5,50.5,50.5,51.0,51.5,52.0,52.5,52.5,53.0,53.0,53.0,53.0,53.0,52.5,52.5,52.5,52.0,52.0,52.0,52.0,51.5,51.5,52.0,52.0,52.0,52.5,53.0,53.5,0.0,0.0
37.5,36.5,35.5,34.5,34.0,34.0,34.0,34.0,34.0,34.5,35.0,35.0,35.0,35.5,35.5,35.5,35.5,35.0,35.0,34.5,34.5,34.0,33.0,32.5,32.5,32.5,32.5,33.0,33.5,33.5,33.5,33.5,33.5,33.5,33.5,33.5,33.5,33.0,32.5,32.0,31.5,31.0,30.5,30.5,30.5,30.5,30.5,31.0,31.0,31.5,31.5,32.0,32.0,32.0,32.0,32.0,32.0,31.5,31.5,31.0,30.5,30.5,30.0,30.0,29.5,30.0,30.5,31.0,31.5,32.0,32.0,32.0,32.0,32.5,32.5,33.0,33.0,33.0,32.5,32.5,32.0,32.0,31.5,31.5,31.5,31.5,32.0,32.0,32.5,33.0,33.5,34.5,35.0,35.0,35.5,35.5,35.5,35.5,35.5,35.0,35.0,34.5,34.0,34.0,33.5,33.5,34.0,34.0,34.5,34.5,35.0,35.0,35.5,35.5,36.0,36.0,36.5,36.5,36.5,36.5,36.5,36.5,36.0,35.5,35.5,35.0,35.0,35.0,35.5,36.0,36.5,37.0,37.5,38.0,38.5,38.5,38.5,38.0,37.5,37.0,37.0,36.5,36.5,36.0,36.0,36.0,36.0,36.5,36.5,37.0,37.0,37.5,37.5,37.5,37.5,37.5,37.5,37.0,37.0,36.5,36.0,35.5,35.0,35.0,34.5,35.0,35.0,35.5,35.5,36.0,36.5,37.0,37.0,37.5,37.5,37.5,37.5,37.5,37.5,37.0,37.0,37.0,37.0,37.0,37.0,37.0,37.0,37.5,37.5,38.0,38.5,39.0,39.5,40.0,40.0,40.0,40.0,40.0,39.5,39.0,39.0,38.5,38.0,38.0,37.5,37.5,37.5,37.5,38.0,38.5,38.5,39.0,39.5,39.5,40.0,40.0,40.0,39.5,39.0,38.5,38.0,37.5,37.5,37.0,36.5,36.5,37.0,37.0,37.5,37.5,37.5,37.5,37.5,38.0,38.0,37.5,37.5,37.0,36.5,36.5,36.0,35.5,35.5,35.0,35.0,34.5,34.5,34.5,34.5,35.0,35.5,35.5,36.0,36.5,36.5,36.5,36.5,36.0,35.5,35.0,34.5,34.0,33.5,33.5,33.0,33.0,33.0,33.0,33.5,33.5,33.5,34.0,34.0,34.5,34.5,34.5,34.0,34.0,34.0,33.5,33.0,33.0,32.5,32.0,31.5,31.5,31.5,32.0,32.0,32.5,33.0,33.0,33.5,33.5,34.0,34.0,33.5,33.0,32.5,32.0,31.5,31.0,30.5,30.0,30.0,30.0,30.0,30.0,30.5,30.5,31.0,31.0,31.5,31.5,31.5,31.0,31.0,30.5,30.0,29.5,0.0,0.0
15.0,15.5,16.0,17.0,18.0,18.5,19.0,19.5,19.5,19.5,19.0,19.0,18.0,17.5,16.5,15.5,15.0,14.0,13.5,12.5,12.0,11.5,11.0,10.5,10.5,11.0,12.0,13.0,14.5,16.0,17.0,18.0,18.5,19.0,19.0,19.0,19.0,19.0,19.0,19.0,19.0,19.0,19.0,19.0,19.0,19.0,19.0,19.0,18.5,18.5,18.0,17.5,16.5,16.0,16.0,15.5,15.5,15.5,15.5,16.0,16.5,17.5,18.5,19.0,20.0,20.5,20.5,20.5,20.0,20.0,19.5,19.0,18.5,18.5,18.5,18.0,18.0,18.5,18.5,18.5,19.0,19.0,19.5,20.0,20.5,21.0,21.5,21.5,21.5,21.5,21.5,21.0,21.0,20.5,20.0,20.0,19.5,19.5,19.5,20.0,20.0,20.5,21.0,21.5,21.5,22.0,22.0,21.5,21.5,21.0,20.5,20.5,20.0,19.5,19.0,18.5,18.5,18.5,18.5,19.0,19.5,20.0,20.0,20.5,20.5,20.5,20.5,20.5,21.0,21.0,21.0,21.0,21.0,21.0,21.0,20.5,20.5,20.5,20.5,20.5,20.5,20.5,21.0,21.0,21.5,22.0,22.0,22.5,22.5,22.0,22.0,21.5,21.0,21.0,20.5,20.0,20.0,20.0,20.5,20.5,20.5,21.0,21.0,21.5,22.0,22.0,22.0,22.5,22.5,22.0,22.0,22.0,21.5,21.5,21.5,21.5,21.5,21.5,21.5,22.0,22.0,22.0,22.5,22.5,23.0,23.5,23.5,24.0,24.0,24.0,24.0,24.0,23.5,23.0,23.0,22.5,22.5,22.5,22.5,22.5,23.0,23.5,24.0,24.0,24.0,24.0,24.0,24.0,24.0,24.0,23.5,23.5,23.0,23.0,23.0,23.0,23.0,23.0,23.5,23.5,23.5,24.0,24.5,24.5,25.0,25.5,25.5,26.0,26.0,26.0,25.5,25.5,25.0,24.5,24.0,23.5,23.0,23.0,23.0,23.0,23.0,23.5,24.0,24.5,25.0,26.0,26.0,26.5,26.5,26.5,26.5,26.0,26.0,25.5,25.5,25.5,25.5,25.5,25.5,26.0,26.5,26.5,27.0,27.0,27.0,27.0,27.0,26.5,26.5,26.5,26.0,26.0,25.5,25.0,24.5,24.0,23.5,23.0,23.0,23.0,23.0,23.5,23.5,24.0,24.0,24.5,24.5,24.5,24.5,24.5,24.5,24.0,24.0,23.5,24.0,24.0,24.0,24.5,25.0,26.0,26.5,27.5,28.0,28.5,29.0,29.0,29.0,29.0,29.0,28.5,28.5,28.5,28.0,27.5,27.0,26.5,26.0,25.5,25.0,25.0,0.0,0.0
57.5,57.5,58.0,58.5,59.0,59.0,59.5,59.5,59.5,60.0,60.0,60.0,60.0,60.0,59.5,59.0,59.0,58.5,58.5,58.0,58.0,57.5,57.5,57.5,57.5,57.5,58.0,58.0,58.5,59.0,59.0,59.5,59.5,59.5,59.0,59.0,58.5,58.0,57.5,57.0,56.5,56.5,56.5,56.5,57.0,57.0,57.5,57.5,57.5,57.5,57.5,57.5,57.0,57.0,56.5,56.0,55.5,55.5,55.0,55.0,54.5,53.5,53.0,52.0,50.5,49.5,48.0,46.5,44.5,43.0,41.0,39.5,38.5,38.0,37.5,37.5,38.0,39.0,41.0,43.5,47.5,52.5,58.0,64.0,71.0,78.0,85.0,91.5,97.5,103.5,109.0,114.5,119.5,124.0,128.0,131.0,133.0,134.0,134.5,134.5,134.0,132.5,130.5,127.5,124.0,120.0,116.0,111.5,107.0,102.5,97.5,93.0,88.0,83.0,78.5,74.0,70.0,66.0,63.0,60.5,58.5,57.5,56.5,56.5,56.0,56.5,56.5,57.0,57.5,57.5,57.5,57.5,57.5,57.5,57.5,57.0,57.0,56.5,56.0,55.5,54.5,54.0,53.5,53.0,53.0,53.5,53.5,54.0,54.0,54.5,54.5,55.0,55.0,54.5,54.5,54.0,53.5,53.0,52.5,52.0,52.0,51.5,51.5,51.5,51.5,52.0,52.5,52.5,53.0,53.0,53.0,53.0,52.5,52.5,52.5,52.0,52.0,51.5,51.5,51.0,51.0,51.0,51.0,51.5,52.0,52.5,53.0,53.5,53.5,53.5,53.5,53.5,53.5,53.0,53.0,53.0,52.5,52.0,52.0,51.5,51.0,51.0,51.0,51.0,51.0,51.5,51.5,52.0,52.5,52.5,53.0,53.5,53.0,53.0,52.5,51.5,51.5,51.0,50.5,50.5,50.5,50.5,50.5,51.0,51.5,52.0,53.0,53.0,53.5,54.0,54.5,54.5,54.5,54.5,54.5,54.0,54.0,53.5,53.0,52.5,52.0,52.0,52.0,52.0,52.5,52.5,53.0,53.5,54.0,54.5,54.5,55.0,55.0,54.5,54.0,54.0,53.5,53.0,53.0,52.5,52.0,52.0,52.0,52.5,52.5,53.0,53.5,54.0,54.5,55.0,55.0,55.0,55.5,55.5,55.0,55.0,54.5,54.0,54.0,53.5,53.5,53.5,53.5,53.5,53.5,54.0,54.0,54.5,54.5,55.0,55.0,55.0,55.0,54.5,54.0,53.5,53.5,53.0,53.0,53.0,53.0,53.0,53.0,53.0,53.5,53.5,54.0,54.5,54.5,55.0,55.0,55.0,55.0,55.0,55.0,54.5,54.0,54.0,53.5,53.5,0.0,0.0
85.5,86.0,86.0,85.5,85.0,84.5,83.5,83.0,83.0,82.5,82.0,82.0,82.0,82.0,82.0,82.0,82.5,82.5,83.0,83.0,82.5,82.5,82.0,81.5,81.0,80.5,80.0,79.5,79.0,78.5,78.5,78.0,78.0,78.0,78.0,78.0,78.0,78.0,78.5,78.5,79.0,79.0,79.0,79.0,78.5,78.5,78.0,77.5,77.5,77.0,77.0,77.5,77.5,77.5,78.0,78.0,78.0,78.0,78.0,78.0,78.0,78.0,77.5,77.0,76.5,75.5,74.0,72.0,69.5,67.0,65.0,62.5,60.5,59.0,58.0,57.0,57.0,57.0,57.5,58.0,59.5,61.5,64.5,68.0,72.5,77.0,82.5,88.5,94.5,101.5,108.0,114.5,121.0,127.0,133.0,138.5,143.5,148.0,151.5,153.5,155.0,155.0,155.0,154.5,153.5,151.5,148.5,144.5,140.5,135.5,131.0,126.5,122.0,117.5,113.0,108.5,104.5,100.5,97.0,93.0,90.0,86.5,83.5,81.0,79.0,77.0,76.0,75.5,75.0,75.0,75.0,75.5,75.5,75.5,76.0,76.0,76.5,76.5,76.5,76.5,76.0,75.5,75.0,74.0,73.5,73.0,72.5,72.0,71.5,71.0,70.5,70.5,70.5,70.5,71.0,71.0,71.0,71.5,71.5,71.0,71.0,71.0,71.0,71.0,71.0,71.0,71.0,71.0,71.0,71.0,71.0,71.0,71.5,71.5,72.0,72.0,72.5,72.5,72.5,73.0,73.0,73.0,73.5,73.5,73.5,73.0,72.5,72.0,71.5,71.0,70.5,70.0,70.0,70.0,70.5,71.0,71.5,72.0,72.5,72.5,72.0,72.0,71.5,71.5,71.0,70.5,70.5,70.0,70.0,70.0,70.0,70.0,70.5,70.5,70.5,70.5,70.5,71.0,71.5,72.0,72.5,72.5,72.0,72.0,71.5,71.0,70.5,69.5,69.0,69.0,69.0,69.0,69.0,69.0,69.5,70.0,70.5,70.5,71.0,71.0,71.5,71.5,71.5,71.0,70.5,70.0,69.5,69.5,69.0,68.5,68.0,68.0,68.5,68.5,69.0,70.0,70.5,71.0,71.5,71.5,72.0,72.0,72.0,71.5,71.0,70.0,69.0,68.5,68.0,67.5,67.5,67.5,68.0,68.5,69.0,69.5,70.0,70.0,70.5,70.5,70.5,70.0,70.0,69.5,69.5,69.0,68.5,68.0,68.0,67.5,67.5,67.5,68.0,68.5,69.0,69.5,69.5,70.0,70.0,70.5,70.5,71.0,71.0,71.0,71.0,70.5,70.0,69.5,69.0,68.5,68.5,68.5,68.5,69.0,69.5,70.0,70.5,71.5,72.0,72.0,0.0,0.0
38.5,39.0,39.5,39.5,39.5,39.0,38.5,38.0,37.0,36.5,35.5,34.5,34.0,33.0,32.5,31.5,31.0,30.5,31.0,31.5,33.0,34.5,36.0,37.5,38.5,39.5,39.5,39.5,39.0,38.5,38.0,37.5,37.0,36.5,36.5,36.0,36.0,35.5,35.0,34.5,34.5,34.5,34.5,35.0,35.0,35.5,35.5,35.5,35.5,35.5,35.0,34.5,33.5,33.0,32.5,32.5,32.5,32.5,32.5,32.5,32.5,32.0,32.0,32.0,32.0,31.5,31.0,31.0,30.5,30.0,29.5,28.5,28.5,28.0,28.0,28.0,28.5,29.0,29.5,30.0,31.0,31.5,32.0,32.5,33.0,33.5,34.0,34.0,34.0,34.0,34.0,34.0,34.0,34.0,33.5,33.0,33.0,32.5,32.0,31.5,31.5,31.5,31.5,32.0,32.5,32.5,32.5,32.5,32.0,31.5,31.0,30.5,30.0,29.5,29.5,29.5,29.5,30.0,30.0,30.5,31.0,31.5,32.0,32.5,33.0,33.0,33.0,33.0,33.0,32.5,32.0,31.5,31.0,30.5,30.0,29.5,29.5,29.0,29.0,29.0,29.0,29.0,29.5,30.0,30.5,31.5,31.5,31.5,31.0,30.5,29.5,28.5,28.0,27.5,27.0,27.0,27.0,27.5,28.0,28.5,29.5,30.0,30.0,30.0,30.0,29.0,28.0,26.5,24.5,22.0,19.5,17.0,14.5,12.5,10.0,8.5,7.5,7.0,7.0,7.5,8.5,10.0,12.0,14.0,17.5,21.0,25.5,30.5,36.0,42.5,49.0,55.5,62.0,68.0,73.5,79.0,84.5,89.5,94.5,98.0,101.0,103.0,104.5,105.0,105.0,105.0,104.0,102.0,100.0,96.5,92.5,87.5,82.5,77.5,72.0,67.0,62.5,58.0,54.0,50.5,47.0,43.5,41.0,38.5,36.5,35.5,34.5,34.0,33.5,33.5,33.0,32.5,32.0,31.5,31.0,31.0,30.5,30.5,30.5,30.5,30.5,30.5,30.0,30.0,30.0,30.0,30.0,29.5,29.0,28.5,28.0,27.0,26.5,26.0,25.5,25.0,25.0,25.0,25.0,25.5,26.0,26.0,26.5,26.5,27.0,27.0,27.5,27.5,27.5,27.5,27.0,27.0,27.0,26.5,26.5,26.0,25.5,25.5,25.5,26.0,26.5,27.0,27.0,27.0,27.0,26.5,26.0,25.5,25.0,24.5,24.0,24.0,23.5,23.5,23.5,23.5,23.5,23.5,24.0,24.0,24.5,24.5,25.0,25.5,25.5,25.5,25.5,25.5,25.0,24.5,24.0,23.5,23.5,23.0,23.0,23.5,23.5,24.0,24.0,24.5,0.0,0.0
51.0,50.0,49.0,47.5,46.5,45.5,45.0,45.0,44.5,44.5,44.5,44.5,45.0,45.0,45.5,46.0,46.5,46.5,47.0,47.0,47.5,47.5,48.0,48.5,48.5,48.5,48.5,48.5,48.5,48.5,48.5,49.0,49.0,49.5,50.0,50.5,51.0,52.0,52.5,53.0,53.0,53.0,53.0,52.5,52.0,51.5,51.0,51.0,50.5,50.0,49.5,49.5,49.5,49.5,50.0,50.5,50.5,50.5,51.0,51.0,51.0,51.5,51.5,52.0,51.5,51.5,51.0,51.0,51.0,51.0,51.5,52.0,52.5,53.0,53.0,53.5,54.5,55.0,55.5,55.5,55.5,55.5,55.0,55.0,54.5,54.0,54.0,53.5,53.0,53.0,53.0,53.0,53.5,53.5,53.5,54.0,54.0,54.0,54.0,54.0,54.5,54.0,54.0,53.5,53.0,52.5,52.0,51.0,50.5,49.5,48.5,47.0,45.0,43.0,41.5,39.5,38.0,36.5,35.0,34.0,33.0,32.0,31.0,30.5,30.5,31.5,33.0,36.0,39.5,43.5,49.0,55.0,62.0,69.5,77.5,85.0,92.0,98.5,105.0,111.0,116.5,121.5,125.5,129.0,131.5,132.5,133.5,134.0,133.5,132.5,130.0,127.0,123.0,118.5,114.0,109.0,104.0,99.0,94.0,89.0,84.0,79.5,74.5,70.5,66.5,63.0,59.5,57.0,55.0,54.0,53.0,53.0,52.5,53.0,53.0,53.0,52.5,52.5,52.5,52.5,52.0,52.0,51.5,51.0,50.5,49.5,49.0,48.5,47.5,47.5,47.0,47.0,47.0,47.5,47.5,48.0,48.0,48.5,48.5,48.5,49.0,49.0,49.0,48.5,48.5,48.5,48.0,48.0,47.5,47.5,47.0,47.5,47.5,48.0,48.0,48.5,49.0,49.0,49.5,49.5,49.5,49.5,49.0,48.5,48.5,48.0,47.5,47.5,47.0,47.0,47.0,47.0,47.5,47.5,48.0,48.0,48.5,49.0,49.5,50.0,50.0,50.5,50.5,50.5,50.5,50.0,49.5,49.5,49.0,48.5,48.0,48.0,48.5,48.5,49.0,49.0,49.5,49.5,50.0,50.0,50.5,50.5,50.0,50.0,50.0,49.5,49.5,49.5,49.5,49.5,49.0,49.0,49.0,49.5,50.0,50.5,51.0,51.5,52.0,52.5,52.5,52.0,52.0,51.0,50.5,50.0,49.5,49.0,48.5,48.5,48.0,48.0,48.0,48.0,48.5,49.0,49.0,49.5,49.5,49.5,49.5,49.5,49.0,49.0,49.0,49.0,49.0,49.0,49.0,49.0,49.0,49.0,49.0,49.0,49.0,49.0,49.5,50.0,50.0,50.5,0.0,0.0
26.0,25.0,24.5,24.0,23.5,23.5,23.5,23.5,24.0,24.0,24.5,25.0,25.5,26.0,26.0,26.5,26.5,26.5,26.5,26.0,26.0,25.5,25.0,25.0,24.5,24.0,24.0,23.5,24.0,24.0,24.5,25.0,25.0,25.0,25.0,25.0,24.5,24.5,24.0,23.5,23.0,22.5,22.5,22.0,21.5,21.0,21.0,21.0,21.5,21.5,22.0,22.5,23.0,23.5,23.5,23.5,23.5,23.0,22.5,22.0,21.5,21.5,21.0,21.0,21.0,21.5,22.0,22.5,23.0,23.5,23.5,24.0,24.0,24.5,25.0,25.0,25.0,25.0,24.5,24.0,23.5,23.0,22.5,22.0,21.5,21.5,21.5,21.5,22.0,22.5,23.0,23.5,24.0,24.0,24.0,24.0,24.0,24.0,23.5,23.5,23.5,23.0,23.0,22.5,22.5,22.5,22.5,23.0,23.0,23.5,23.5,24.0,24.0,24.5,24.5,24.5,24.5,24.5,24.5,24.5,24.0,23.5,23.5,23.0,23.0,23.0,23.0,23.0,23.5,24.0,24.5,24.5,25.0,25.5,25.5,25.5,25.5,25.5,25.0,25.0,25.0,24.5,24.5,24.5,24.0,23.5,23.5,23.5,24.0,24.0,24.5,25.0,25.5,26.0,26.5,27.0,27.0,26.5,26.0,26.0,25.5,24.5,24.0,24.0,23.5,23.5,23.5,23.5,24.0,24.5,25.0,25.5,26.0,26.5,27.0,27.0,26.5,26.5,26.0,26.0,26.0,25.5,25.5,25.5,25.5,25.5,25.5,25.5,25.5,26.0,26.5,27.0,27.0,27.0,27.0,27.5,27.5,27.5,27.5,28.0,28.0,28.0,27.5,27.0,27.0,26.5,26.5,27.0,27.0,27.5,28.0,28.5,28.5,29.0,29.5,29.5,29.5,29.5,29.5,29.5,29.5,29.0,29.0,29.0,29.0,29.0,29.0,29.0,29.5,29.5,30.0,30.5,31.0,31.0,31.0,31.0,31.0,30.5,30.5,30.0,30.0,29.5,29.0,28.5,28.0,27.5,27.5,27.5,27.5,27.5,28.0,28.0,28.0,28.5,28.5,28.5,28.0,28.0,27.5,27.0,27.0,26.5,26.0,26.0,25.5,25.5,25.5,25.5,26.0,26.5,26.5,26.5,27.0,27.0,27.0,26.5,26.5,26.5,26.0,25.5,25.0,24.0,23.5,23.0,22.0,21.5,21.5,21.0,21.5,21.5,22.0,22.5,23.0,23.0,23.0,23.0,23.0,23.0,23.0,23.0,22.5,22.5,22.5,22.5,22.5,22.5,23.0,23.5,24.0,24.5,25.0,25.5,26.0,26.0,26.5,26.5,26.5,26.5,26.5,26.0,0.0,0.0
91.0,91.0,91.5,91.5,92.0,92.0,92.5,92.5,92.5,92.0,91.5,91.5,91.0,90.5,90.0,89.5,89.5,89.5,89.5,89.5,90.0,90.5,91.0,91.5,92.0,92.5,93.0,93.0,93.0,92.5,92.0,91.5,91.0,91.0,90.5,90.0,89.5,89.5,89.5,89.5,89.5,90.0,90.5,91.0,91.0,91.5,91.5,91.5,91.5,91.0,91.0,90.5,90.0,90.0,90.0,89.5,89.5,89.5,89.5,89.5,89.5,90.0,90.0,90.5,90.5,90.5,91.0,91.0,91.0,90.5,90.5,90.5,90.0,89.5,89.0,89.0,88.5,88.5,88.5,89.0,89.0,89.5,90.0,90.0,90.5,90.5,90.5,91.0,91.0,91.0,90.5,90.5,90.0,89.5,89.5,89.5,89.5,89.5,90.0,90.0,90.5,91.0,91.0,91.5,91.5,92.0,92.5,92.5,92.5,92.0,91.5,91.0,91.0,90.5,90.5,90.5,90.5,90.5,90.5,90.5,90.5,91.0,91.0,91.0,91.5,92.0,92.0,92.5,92.5,92.5,92.0,91.5,91.0,91.0,90.5,90.5,90.5,91.0,91.0,91.0,91.5,91.5,92.0,92.0,92.5,92.5,92.5,93.0,93.0,93.0,92.5,92.5,92.0,91.5,91.0,90.5,90.0,89.5,89.5,89.5,89.5,90.0,90.0,90.0,90.0,90.0,90.0,90.0,90.0,90.0,89.5,89.5,89.0,88.5,88.5,88.0,88.0,87.5,88.0,88.0,88.5,89.5,90.0,90.5,91.0,91.5,91.5,91.5,91.5,91.5,91.0,90.5,90.0,89.5,89.0,88.5,88.0,88.0,88.0,88.0,88.0,88.5,88.5,89.0,89.5,90.0,90.5,90.5,91.0,90.5,90.5,89.5,89.0,88.5,88.0,87.5,87.0,86.5,86.5,86.5,87.0,87.5,88.0,88.5,89.5,90.0,91.0,91.0,91.5,91.0,91.0,90.0,89.5,89.0,88.5,88.0,88.0,88.0,88.0,88.0,88.5,88.5,89.0,89.5,89.5,90.0,90.0,90.0,90.0,89.5,89.0,88.5,88.0,88.0,87.5,87.0,86.5,86.0,86.0,86.5,87.0,87.5,88.5,89.0,89.5,89.5,90.0,90.0,90.0,89.5,89.5,89.0,88.5,88.5,88.0,88.0,88.0,87.5,87.5,87.5,87.5,87.5,88.0,88.0,88.5,88.5,88.5,88.5,88.5,88.5,88.5,88.0,88.0,87.5,87.5,87.0,87.0,86.5,86.5,86.0,86.0,86.5,86.5,87.0,87.5,88.0,88.5,89.0,89.0,89.5,89.5,89.5,89.0,88.5,88.5,88.0,88.0,87.5,87.5,87.5,0.0,0.0
72.5,72.5,72.5,72.0,72.0,71.5,71.5,71.0,71.0,71.0,71.0,71.0,71.0,71.0,71.0,71.0,70.5,70.0,69.5,68.5,67.0,65.0,63.0,60.5,58.5,56.5,54.5,52.5,51.5,50.5,50.0,50.0,51.0,53.0,55.5,59.0,63.5,69.0,75.5,83.0,91.5,100.0,108.0,115.5,123.0,130.5,137.5,144.5,150.5,155.0,158.5,161.0,162.5,163.0,163.0,162.5,161.0,158.0,154.5,150.0,144.5,139.0,133.5,128.0,122.0,116.5,111.0,105.5,100.5,96.0,91.5,88.0,85.0,82.5,80.5,79.0,78.0,77.5,77.0,76.5,76.5,76.0,75.5,75.0,74.5,74.5,74.0,73.5,73.0,72.5,72.5,72.0,72.0,72.0,72.0,72.0,72.0,72.0,72.0,72.5,72.5,72.0,72.0,72.0,71.5,71.0,71.0,70.5,70.0,69.5,69.5,69.0,69.0,69.0,69.0,69.5,70.0,70.0,70.0,70.5,70.5,71.0,71.0,71.0,71.0,71.0,70.5,70.5,70.0,69.5,69.5,69.0,69.0,69.0,69.5,69.5,70.0,70.5,70.5,71.0,71.0,71.5,71.5,71.0,71.0,70.5,70.0,69.5,69.0,69.0,69.0,69.0,69.5,69.5,70.0,70.5,71.0,71.0,71.5,71.5,72.0,72.0,71.5,71.5,71.0,70.5,70.0,69.5,69.0,68.5,68.5,68.0,68.5,68.5,69.0,69.5,69.5,70.0,70.5,70.5,70.5,70.5,70.5,70.5,70.5,70.0,70.0,69.5,69.0,69.0,68.5,68.5,68.0,68.0,68.5,68.5,69.0,69.5,70.0,70.0,70.5,70.5,70.5,70.0,70.0,69.5,69.5,69.0,68.5,68.5,68.0,68.0,68.0,68.0,68.0,68.5,68.5,69.0,69.0,69.5,69.5,69.5,69.5,69.5,69.5,69.5,69.0,69.0,68.5,68.5,68.5,68.5,68.5,68.5,69.0,69.0,69.5,69.5,70.0,70.0,70.5,70.5,70.0,70.0,69.5,69.0,68.5,68.5,68.0,68.0,68.0,68.0,68.5,69.0,69.5,70.0,70.5,71.0,71.5,71.5,71.5,71.5,71.0,70.5,70.0,70.0,69.5,69.5,69.0,69.0,69.0,68.5,69.0,69.0,69.5,70.0,70.0,70.5,71.0,71.0,71.5,71.5,71.5,71.0,70.5,70.0,69.5,69.0,68.5,68.5,68.0,68.0,68.0,68.5,68.5,68.5,69.0,69.0,69.0,69.0,69.0,69.0,69.0,69.0,68.5,68.0,67.5,67.0,66.5,66.5,66.5,66.5,66.5,66.5,67.0,67.5,68.0,68.5,68.5,69.0,0.0,0.0
34.5,33.5,33.0,33.0,33.0,33.5,33.5,34.0,34.0,34.0,34.0,34.0,33.5,33.5,33.5,33.5,33.0,33.0,32.5,32.0,32.0,31.5,31.5,32.0,32.5,32.5,33.0,33.0,33.0,33.0,33.0,32.5,32.5,32.0,32.0,31.5,31.0,30.5,30.0,29.5,29.0,28.5,28.5,28.0,28.0,28.0,28.0,28.0,28.5,29.0,29.0,29.0,29.0,29.0,29.0,28.5,28.5,28.0,27.5,27.0,27.0,26.5,26.5,26.5,26.5,27.0,27.5,28.0,28.5,29.0,29.0,29.0,28.5,28.5,28.0,27.5,27.0,26.5,26.0,25.5,25.0,25.0,25.0,25.5,26.0,27.0,27.5,28.0,28.5,29.0,29.0,29.5,29.5,29.0,28.5,28.0,27.5,27.0,26.0,26.0,25.5,26.0,26.0,26.0,26.0,26.0,25.5,25.5,26.0,26.5,27.0,27.5,28.0,28.5,28.5,28.5,28.5,28.0,27.5,27.0,26.5,26.0,25.5,25.5,25.0,25.5,25.5,26.0,26.5,26.5,27.0,27.0,27.0,27.5,27.5,27.0,26.5,26.0,26.0,25.5,25.5,25.5,25.5,25.0,25.0,25.5,25.5,26.0,26.5,26.5,27.0,27.0,27.5,27.5,27.0,27.0,26.5,26.5,26.0,25.5,25.0,24.5,24.0,24.0,24.5,25.0,25.5,26.5,27.5,28.0,28.5,29.0,29.0,29.0,29.0,29.0,29.0,28.5,28.5,28.5,28.5,28.5,28.5,29.0,29.0,29.5,30.0,30.5,31.0,31.5,32.0,32.5,32.5,32.0,32.0,31.5,31.0,30.5,30.0,29.0,28.0,27.5,26.5,26.0,26.0,26.0,26.5,27.0,27.5,27.5,28.0,28.0,28.0,28.0,27.5,27.5,27.0,26.5,26.5,26.0,25.5,25.5,25.0,25.0,25.0,25.5,25.5,26.0,26.5,27.0,27.0,27.5,27.0,27.0,26.5,26.0,25.5,24.5,24.0,23.5,23.0,22.5,22.0,22.0,22.0,22.0,22.5,23.0,23.5,24.0,24.5,25.0,25.0,25.0,24.5,24.5,24.0,23.5,23.0,22.5,22.0,21.5,21.5,21.5,22.0,22.5,23.5,24.0,24.5,25.0,25.5,26.0,26.0,26.0,26.0,26.0,25.5,25.0,25.0,24.5,24.0,24.0,24.0,24.0,24.0,24.5,25.0,25.5,26.0,26.5,26.5,26.5,26.5,26.0,26.0,25.5,25.0,24.5,24.0,23.5,23.5,23.5,23.5,23.5,24.0,24.0,24.0,24.0,24.0,24.5,24.5,24.5,24.5,24.5,24.0,24.0,24.0,24.0,23.5,23.5,0.0,0.0
61.5,61.5,61.5,61.0,61.0,61.5,62.0,62.0,62.5,62.5,63.0,63.0,63.5,63.5,63.5,63.0,62.5,62.0,62.0,61.5,61.0,61.0,60.5,60.5,60.0,60.0,60.0,60.0,60.5,60.5,61.0,61.0,61.0,61.5,61.5,61.5,61.5,61.5,62.0,62.0,61.5,61.5,61.0,60.5,60.5,60.0,60.5,60.5,61.0,61.0,61.5,61.5,61.5,61.5,61.5,61.5,61.5,61.5,61.0,61.0,60.5,60.5,60.5,60.5,60.5,60.5,61.0,61.0,61.5,62.0,62.0,62.0,62.5,62.5,62.5,62.5,62.5,62.0,61.5,61.0,61.0,61.0,60.5,60.5,60.5,61.0,61.0,61.5,61.5,62.0,62.0,62.5,62.5,62.5,62.5,62.0,62.0,61.5,61.5,61.0,61.0,61.0,61.0,60.5,60.5,60.5,60.5,61.0,61.0,61.5,61.5,61.5,61.5,61.5,61.5,61.5,61.0,61.0,61.0,60.5,60.5,60.0,60.0,60.0,60.0,60.0,60.0,60.5,61.0,61.5,62.0,62.0,62.5,62.0,62.0,62.0,61.5,61.0,60.5,60.0,59.5,59.5,59.5,59.5,59.5,60.0,60.0,60.5,61.0,61.0,61.5,61.5,62.0,61.5,61.5,61.0,60.5,59.5,59.0,58.5,58.5,58.0,57.5,57.5,57.0,57.0,57.5,58.0,58.5,58.5,59.0,59.5,60.0,60.5,60.5,60.5,60.5,60.0,59.5,59.0,58.5,58.0,58.0,58.0,58.0,58.5,59.0,59.5,60.0,60.0,60.5,60.5,60.5,60.5,60.0,59.5,59.0,58.5,58.0,57.5,57.0,57.0,56.5,56.0,56.0,56.0,56.0,56.0,56.5,56.5,56.5,56.5,56.5,57.0,57.0,57.5,57.5,57.0,57.0,56.5,56.5,56.5,56.0,55.5,55.5,55.0,55.0,55.5,56.0,56.5,56.5,57.0,57.5,57.5,58.0,58.5,59.0,59.0,59.5,59.5,59.5,59.5,59.5,59.0,59.0,58.5,58.5,58.5,58.5,59.0,59.0,59.0,59.0,59.0,59.0,58.5,58.0,58.0,57.5,57.5,57.5,57.5,57.5,58.0,58.0,58.5,59.0,59.0,59.5,59.5,59.5,59.0,59.0,58.5,58.5,58.0,57.5,57.5,57.0,56.5,56.0,55.0,54.5,53.5,53.0,52.5,52.0,52.0,52.5,53.0,54.0,55.5,56.5,57.5,58.5,59.5,60.5,61.5,62.0,62.5,62.5,62.0,61.5,61.0,60.5,60.0,59.0,58.5,57.5,57.0,56.5,55.5,55.0,54.5,54.0,53.0,51.5,50.5,48.5,47.0,0.0,0.0
46.0,45.5,45.5,45.0,44.5,44.0,43.5,43.5,43.0,43.0,43.0,42.5,42.5,42.5,43.0,43.0,43.5,43.5,43.5,44.0,44.0,44.5,45.0,45.0,45.0,45.0,44.5,43.5,43.0,42.5,42.5,42.5,42.5,43.0,43.5,44.0,44.5,44.5,44.5,44.5,44.0,44.0,43.5,43.5,43.0,43.0,42.5,42.0,41.5,41.5,41.0,41.0,41.0,41.0,41.5,41.5,42.0,42.0,42.5,42.5,43.0,43.0,43.0,43.0,42.5,42.0,41.5,41.0,40.5,40.0,40.0,39.5,39.5,40.0,40.5,41.0,41.5,42.0,42.5,42.5,43.0,43.0,43.0,42.5,42.5,42.0,41.5,41.0,40.5,40.5,40.5,40.5,40.5,40.5,41.0,41.0,41.0,41.0,41.0,41.5,41.5,41.0,41.0,41.0,41.0,41.0,41.5,41.5,41.5,41.0,41.0,40.5,40.5,40.5,40.5,40.5,40.5,41.0,41.0,41.5,41.5,42.0,41.5,41.0,41.0,40.5,40.0,39.5,39.5,39.0,39.0,39.0,38.5,38.5,38.5,39.0,39.5,39.5,40.0,40.0,40.0,40.0,40.0,39.5,39.0,38.5,38.0,38.0,37.5,37.5,37.5,38.0,38.5,39.0,39.5,40.0,40.0,40.0,40.5,40.5,41.0,41.0,41.0,41.0,40.5,40.5,40.0,39.5,39.5,39.0,38.5,38.0,37.5,37.0,37.0,37.0,37.0,37.5,37.5,38.0,38.0,38.0,38.0,37.5,37.5,37.0,37.0,36.5,36.0,35.5,35.5,35.5,36.0,36.0,36.5,37.5,38.0,38.0,38.5,39.0,39.0,39.0,39.0,39.0,38.5,38.5,38.0,37.5,37.0,36.5,36.5,36.5,36.5,36.5,37.0,37.0,37.5,37.5,38.0,38.0,38.0,38.0,38.5,38.0,38.0,38.0,37.5,37.5,37.5,37.0,37.0,37.0,37.0,37.5,37.5,38.0,38.0,38.5,38.5,38.5,38.5,38.5,38.5,38.5,38.5,38.0,38.0,37.5,37.5,37.5,37.0,37.0,37.0,37.0,37.5,37.5,38.0,38.0,38.5,38.5,39.0,39.0,39.0,38.5,38.0,37.5,37.0,36.5,36.0,36.0,36.0,36.0,36.0,36.5,37.0,37.5,38.0,38.5,38.5,38.5,39.0,39.0,39.5,39.0,38.5,38.0,37.5,37.0,36.5,36.5,36.5,36.5,37.0,37.0,37.5,38.0,38.5,39.0,39.5,39.5,40.0,39.5,39.5,38.5,38.0,37.5,37.0,36.5,36.5,36.0,36.0,36.0,36.5,37.0,38.0,38.5,39.0,39.5,39.5,39.5,0.0,0.0
52.0,52.0,52.0,52.5,52.5,53.0,53.0,53.5,53.5,54.0,54.0,54.0,54.0,54.0,53.5,53.0,52.5,52.0,51.5,51.5,51.5,51.5,52.0,52.5,53.0,53.5,54.0,54.5,54.5,55.0,55.0,55.0,55.0,54.5,54.5,54.5,54.5,54.5,54.0,54.0,54.0,54.5,55.0,55.5,56.0,56.5,56.5,57.0,57.0,57.0,57.0,57.0,57.0,57.0,57.0,56.5,56.5,56.0,55.5,55.5,55.0,55.5,55.5,56.0,56.0,56.0,56.0,56.5,56.5,56.5,56.5,57.0,57.0,56.5,56.5,56.5,56.0,56.0,55.5,55.5,55.5,55.5,56.0,56.5,57.0,58.0,58.5,59.0,59.0,59.5,59.5,59.5,59.5,59.5,59.5,59.5,59.0,58.5,58.0,57.5,57.5,57.0,57.0,57.5,57.5,58.0,59.0,59.5,59.5,60.0,59.5,59.5,59.0,59.0,58.5,58.0,57.5,57.5,57.0,57.0,57.0,57.0,57.0,57.5,58.0,58.0,58.5,58.5,58.5,58.5,58.0,58.0,57.5,57.5,57.0,56.5,56.0,55.5,55.5,55.0,55.0,55.0,55.5,55.5,56.0,56.0,56.0,56.0,55.5,55.5,55.5,55.0,55.0,54.5,54.5,54.5,54.5,54.5,55.0,55.5,56.0,56.5,57.0,58.0,58.5,59.0,59.5,60.0,60.5,61.0,61.5,61.5,61.5,61.5,61.5,61.0,61.0,61.0,61.0,60.5,60.5,60.5,60.5,60.0,60.0,60.0,60.0,60.0,60.5,60.5,60.5,60.5,60.5,60.0,60.0,59.5,59.0,58.5,58.0,58.0,58.0,58.0,58.0,58.5,58.5,58.5,59.0,59.0,59.5,60.0,60.0,60.0,60.5,60.5,60.5,60.0,60.0,59.5,59.0,59.0,58.5,58.5,59.0,59.0,59.5,59.5,60.0,60.0,60.5,61.0,61.0,61.5,61.5,61.0,61.0,61.0,60.5,60.5,60.5,60.5,60.0,60.0,59.5,59.5,59.0,58.0,57.0,55.5,54.0,51.5,49.5,46.5,44.0,42.0,40.0,39.5,39.5,40.0,41.5,43.0,45.5,48.5,52.5,57.0,62.0,67.5,74.0,80.5,88.0,95.0,101.5,107.5,113.5,119.0,124.0,129.0,134.0,138.0,140.5,142.0,143.0,143.0,143.0,142.5,142.0,140.5,138.0,135.0,131.5,127.0,122.5,117.5,112.5,107.0,102.0,96.5,91.5,87.0,82.5,78.5,75.0,72.0,70.0,68.5,67.5,67.0,67.5,67.5,68.0,68.0,68.5,68.0,67.5,67.0,66.5,65.5,65.0,64.5,63.5,63.0,0.0,0.0
72.0,72.0,71.5,71.5,72.0,72.0,72.5,72.5,72.5,72.5,72.5,72.5,73.0,73.0,73.0,73.0,73.0,73.0,72.5,72.0,71.5,71.5,71.5,71.5,72.0,72.5,73.0,73.5,74.5,75.0,75.5,76.0,76.0,76.0,75.5,75.0,74.5,73.5,73.0,73.0,73.0,73.0,73.0,73.5,73.5,73.5,74.0,74.5,74.5,75.0,75.5,75.5,75.5,75.5,75.0,75.0,75.0,74.5,74.5,74.0,74.0,73.5,73.5,73.5,73.5,74.0,74.0,74.5,74.5,74.5,74.5,74.5,75.0,75.0,75.0,75.0,74.5,74.5,74.0,74.0,73.5,73.5,73.5,74.0,74.0,75.0,75.5,76.0,76.5,77.0,77.5,77.5,77.5,77.0,76.5,76.0,76.0,75.5,75.5,75.0,75.0,75.0,74.5,74.5,74.5,74.5,74.5,74.5,75.0,75.0,75.0,75.0,75.0,74.5,74.0,73.5,73.0,73.0,72.5,72.5,72.5,72.5,72.5,72.5,72.5,73.0,74.0,75.0,76.0,77.0,78.0,78.5,78.5,78.0,78.0,77.5,77.0,77.0,76.5,76.0,75.0,74.5,74.0,74.0,74.0,74.0,74.5,74.5,74.5,74.5,74.5,74.5,74.0,74.0,73.5,73.0,72.5,72.0,72.0,71.5,71.5,71.5,71.5,72.0,72.0,72.5,73.0,73.5,74.5,74.5,75.0,75.0,74.5,74.5,74.0,73.5,73.5,73.5,73.5,73.5,73.5,73.5,73.5,73.5,74.0,74.5,75.0,75.5,75.5,76.0,76.0,75.5,75.5,75.5,75.0,74.5,74.0,73.5,73.0,72.5,72.5,72.0,72.0,72.0,71.5,71.0,70.5,69.5,68.5,67.0,65.5,64.0,62.0,59.5,57.5,55.5,54.0,52.5,52.0,51.5,51.5,52.0,53.5,55.5,59.0,63.0,68.0,73.5,80.0,87.0,94.5,102.0,109.0,115.0,120.5,126.0,131.0,135.5,140.0,143.0,145.5,147.0,147.5,147.5,147.5,147.0,145.5,143.5,140.0,136.0,131.0,125.5,120.0,115.0,109.5,104.5,100.0,96.5,93.0,90.0,87.0,84.5,82.0,79.5,78.0,76.5,75.5,75.0,74.5,74.5,74.0,73.5,72.5,71.5,70.5,69.0,68.0,67.0,66.0,65.0,64.0,63.5,63.5,63.5,63.5,63.5,64.0,64.0,64.5,64.5,64.5,64.5,64.5,64.5,64.5,64.0,63.5,62.5,62.0,61.5,61.5,61.0,61.0,61.5,61.5,61.0,61.0,61.0,60.5,60.5,61.0,61.5,61.5,62.0,61.5,61.5,61.0,61.0,60.5,60.5,0.0,0.0
96.0,95.5,95.0,95.0,95.0,95.0,95.5,96.0,96.5,97.0,97.5,98.0,98.0,98.5,98.5,98.5,98.5,98.5,98.0,98.0,97.5,97.5,97.0,96.5,96.5,96.0,96.0,96.0,96.5,97.0,97.0,97.5,98.0,98.0,98.0,98.5,98.5,98.0,97.5,97.0,96.5,96.0,96.0,95.5,95.5,96.0,96.5,97.0,97.5,98.0,98.5,98.5,98.5,98.5,98.5,98.5,98.0,98.0,98.0,97.5,97.5,97.0,96.5,96.5,96.5,96.5,97.0,97.0,97.5,98.0,98.5,98.5,98.5,99.0,99.0,99.0,98.5,98.0,97.5,97.0,96.5,96.5,96.0,96.0,96.0,96.0,96.5,96.5,97.0,97.0,97.5,98.0,98.5,99.0,99.5,99.5,99.0,99.0,98.5,98.0,97.5,97.5,97.0,97.0,97.0,96.5,97.0,97.0,97.5,98.0,98.5,99.0,99.5,100.0,100.0,100.0,100.0,99.5,99.5,99.0,98.5,98.0,98.0,98.0,98.0,98.0,98.5,99.0,99.5,99.5,100.0,100.0,100.0,100.0,100.0,100.0,100.0,99.5,99.5,99.5,99.0,98.5,98.5,98.0,98.0,98.5,98.5,98.5,99.0,99.5,99.5,100.0,100.0,100.0,100.0,100.0,99.5,99.0,98.5,98.0,97.0,96.5,96.5,96.0,96.0,96.0,96.0,96.5,97.0,97.5,98.0,98.5,99.5,100.0,100.5,101.5,102.0,102.0,102.5,102.5,102.5,102.5,102.5,102.5,102.5,103.0,103.5,104.0,104.5,105.0,105.0,105.5,106.0,106.0,105.5,105.0,104.5,104.0,103.5,102.5,102.0,101.5,100.5,100.0,100.0,99.5,100.0,100.0,100.5,101.0,101.0,101.5,102.0,102.0,102.0,101.5,101.5,101.0,100.5,100.0,99.5,99.5,99.0,99.0,99.0,99.0,99.0,99.5,100.0,100.0,100.5,101.0,101.0,101.5,101.5,102.0,102.0,102.5,102.5,102.5,102.0,101.5,101.0,100.5,100.5,100.5,100.5,101.0,101.5,101.5,102.0,102.0,102.0,102.0,102.0,102.0,102.0,102.0,101.5,101.0,100.5,99.5,98.5,97.0,95.5,93.5,92.0,90.0,88.5,86.5,84.5,83.5,82.5,82.0,81.5,81.5,82.0,82.5,83.5,85.5,88.0,91.5,95.5,100.0,105.5,112.0,119.0,126.0,133.5,140.5,147.0,153.0,159.0,165.0,171.0,175.5,179.0,181.0,182.0,182.5,182.0,181.5,180.0,177.5,174.5,170.5,166.5,162.0,157.5,152.5,148.0,143.0,138.0,133.0,128.0,123.0,118.0,113.5,109.5,106.0,0.0,0.0
19.5,19.0,19.0,19.0,19.0,19.5,20.0,20.5,21.0,21.5,22.0,22.5,23.0,23.0,23.5,23.5,23.0,22.5,22.0,21.5,21.5,21.0,21.0,21.0,21.0,21.5,21.5,22.0,22.0,22.5,22.5,23.0,23.0,23.5,23.0,21.5,20.0,18.5,16.0,14.0,11.5,9.0,7.0,5.0,3.5,3.0,2.5,2.5,2.5,3.5,4.5,6.5,9.0,12.5,17.0,22.0,27.5,34.0,41.0,48.0,54.5,61.0,67.0,73.5,80.0,87.0,93.5,99.5,104.0,107.5,110.0,111.5,112.0,112.0,110.5,108.0,104.5,99.5,94.0,88.5,83.0,77.0,71.5,66.0,61.0,56.0,51.5,47.0,43.0,40.0,37.0,34.5,32.5,31.0,29.5,28.5,28.0,27.5,27.0,27.0,26.5,26.5,26.0,26.0,25.5,25.5,25.5,26.0,26.5,27.0,27.5,27.5,27.5,27.5,27.5,27.0,26.5,26.0,25.5,25.0,24.0,23.5,23.0,23.0,23.0,23.0,23.5,24.0,24.5,25.0,25.0,25.5,25.5,26.0,26.0,26.0,26.0,26.0,25.5,25.0,25.0,24.5,24.0,24.0,24.0,24.0,24.0,24.5,25.0,25.0,25.5,25.5,26.0,26.0,25.5,25.5,25.5,25.0,25.0,24.5,24.0,23.5,23.0,23.0,23.0,23.5,24.0,24.5,24.5,25.0,25.5,25.5,25.5,26.0,26.0,25.5,25.5,25.0,25.0,24.5,24.0,23.5,23.0,23.0,23.0,23.0,23.0,23.0,23.5,24.0,24.0,24.0,24.0,24.0,24.0,24.0,24.0,24.5,24.5,24.5,24.0,24.0,23.5,23.5,23.5,23.5,23.5,23.5,24.0,24.5,24.5,25.0,25.0,25.5,25.5,25.5,25.5,25.0,25.0,24.5,24.0,24.0,23.5,23.5,23.0,23.0,23.5,23.5,24.0,24.0,24.5,24.5,24.5,25.0,25.0,25.5,25.5,25.0,25.0,24.5,24.5,24.0,24.0,23.5,23.5,23.5,24.0,24.0,24.5,25.0,25.0,25.0,25.0,25.0,25.5,25.5,25.0,25.0,24.5,24.5,24.0,23.5,23.0,22.5,22.0,21.5,21.0,20.5,20.5,20.0,19.5,19.0,19.0,19.5,20.0,21.0,22.0,23.0,23.5,24.5,25.0,25.5,26.0,26.5,26.5,27.0,27.0,27.0,27.0,27.0,27.0,27.0,27.0,26.5,26.5,26.0,25.5,25.0,24.5,24.0,23.5,23.0,23.0,23.0,23.0,23.0,23.0,23.5,23.5,24.0,24.0,24.5,24.5,24.5,24.5,24.5,24.0,24.0,23.5,23.0,0.0,0.0
82.5,82.5,82.5,82.5,82.5,82.0,81.5,81.0,81.0,80.5,80.5,80.0,80.0,80.0,80.5,80.5,80.5,80.5,80.5,80.0,79.5,78.0,76.5,75.0,72.5,70.5,68.0,66.0,64.0,62.0,61.0,60.0,60.0,60.0,60.5,61.5,63.5,66.0,69.5,73.5,79.0,84.5,91.0,98.0,105.5,112.0,119.0,125.0,131.5,137.5,143.5,149.5,155.5,160.5,164.5,167.5,169.5,171.0,171.5,171.0,169.5,166.5,162.5,158.0,152.5,147.0,141.5,135.5,129.5,124.0,118.5,113.5,108.5,104.5,101.0,97.5,94.5,92.0,90.0,88.5,87.5,86.5,86.0,85.5,85.0,84.5,84.0,84.0,83.5,83.0,82.5,82.0,82.0,82.0,81.5,82.0,82.0,82.0,82.0,82.0,82.0,82.0,81.5,81.0,80.5,80.0,79.5,79.0,79.0,78.5,78.5,78.5,78.5,78.5,78.5,79.0,79.0,79.5,79.5,80.0,80.0,80.0,80.0,80.0,80.0,79.5,79.5,79.0,79.0,78.5,78.0,78.0,78.0,78.5,79.0,79.0,79.5,80.0,80.0,80.5,81.0,81.0,81.0,80.5,80.5,80.0,79.5,79.5,79.0,79.0,79.0,78.5,78.5,78.5,78.5,79.0,79.0,79.5,79.5,80.0,80.0,80.0,80.0,79.5,79.5,79.0,79.0,78.5,78.5,78.5,78.5,79.0,79.0,79.5,79.5,80.0,80.0,80.5,81.0,81.5,81.5,82.0,82.0,82.0,81.5,81.0,80.5,80.0,80.0,79.5,79.5,79.5,79.5,79.5,79.5,80.0,80.0,80.5,80.5,81.0,81.0,81.0,81.0,81.0,81.0,81.0,81.0,80.5,80.0,80.0,79.5,79.5,79.0,79.0,79.5,79.5,80.0,81.0,81.5,82.0,82.5,82.5,82.5,82.5,82.0,82.0,81.5,81.0,80.5,80.0,80.0,80.0,80.0,80.0,80.0,80.5,80.5,81.0,81.0,81.5,82.0,82.0,82.0,82.0,81.5,81.5,81.0,80.5,80.5,80.0,80.0,80.0,80.0,80.5,80.5,81.0,81.5,81.5,82.0,82.5,83.0,83.5,84.0,84.0,84.0,84.0,83.5,83.5,83.0,82.5,82.5,83.0,83.0,83.0,83.0,83.5,83.5,84.0,84.0,84.0,84.5,84.5,84.0,84.0,84.0,84.0,83.5,83.5,83.0,83.0,82.5,82.5,82.5,82.5,82.5,83.0,83.0,83.0,83.0,83.5,83.5,83.5,83.5,83.5,83.5,83.5,83.0,83.0,83.0,83.0,82.5,82.5,82.5,83.0,83.0,83.0,83.5,84.0,84.5,84.5,0.0,0.0
31.0,31.0,31.0,31.0,31.0,30.5,30.0,29.5,29.0,28.0,27.5,27.0,26.5,26.5,26.5,26.5,26.5,27.0,27.0,27.5,28.0,28.5,29.0,29.0,29.5,29.5,29.0,28.5,28.0,27.0,26.0,25.5,24.5,24.5,24.0,24.0,24.5,25.0,25.5,26.0,26.5,26.0,25.0,23.5,21.5,19.0,15.5,12.5,9.5,7.0,5.5,4.0,3.0,2.5,2.5,2.5,3.5,5.0,7.5,11.0,15.0,20.0,25.5,31.0,38.0,45.0,52.0,59.0,65.0,71.0,76.5,81.5,86.5,90.5,94.0,97.0,99.0,100.0,101.0,101.0,101.0,100.0,98.5,96.5,93.5,89.5,85.0,80.0,75.0,69.5,64.0,59.0,54.0,49.5,45.0,41.5,38.5,35.5,33.0,31.0,29.0,28.0,27.0,26.5,26.0,25.5,25.0,24.5,24.0,23.0,23.0,22.5,22.5,22.5,22.0,22.0,21.5,22.0,22.0,22.0,22.0,22.0,22.0,22.0,22.0,21.5,21.5,21.0,20.5,20.0,19.5,19.0,18.5,18.5,18.5,18.5,19.0,19.0,19.5,19.5,20.0,20.5,20.5,21.0,21.0,20.5,20.5,20.0,19.5,19.0,18.5,18.0,17.5,17.5,17.5,17.5,17.5,18.0,18.5,19.0,20.0,20.5,21.0,21.5,21.5,21.0,21.0,20.5,20.0,20.0,19.5,19.0,19.0,18.5,18.5,18.0,18.5,19.0,19.5,20.0,20.5,21.0,21.0,21.5,21.5,21.5,21.5,21.0,21.0,20.5,20.0,20.0,19.5,19.5,19.5,20.0,20.0,20.5,21.0,21.5,22.5,23.0,23.5,24.0,24.0,23.5,23.0,22.5,22.0,21.5,21.5,21.0,21.0,20.5,20.5,20.5,20.5,21.0,21.5,22.0,22.5,23.0,23.0,23.0,23.0,23.0,23.0,22.5,22.0,21.5,21.0,20.5,20.5,20.5,20.5,21.0,21.5,22.5,23.0,23.5,24.0,24.0,24.0,24.0,24.0,23.5,23.5,23.0,22.5,22.0,22.0,22.0,22.0,22.0,21.5,21.5,22.0,22.5,23.0,24.0,24.5,25.0,25.5,25.5,25.5,25.0,24.5,24.0,23.5,22.5,21.5,20.5,19.5,19.0,18.5,18.5,19.0,20.0,21.5,23.0,25.0,26.5,27.5,28.5,29.5,30.0,30.5,30.5,30.5,30.0,30.0,29.5,29.0,28.5,28.0,27.5,27.0,27.0,27.5,27.5,27.5,27.5,27.5,27.5,27.0,27.0,26.5,26.0,25.0,24.5,24.0,23.5,23.0,23.0,22.5,22.5,22.5,22.5,22.5,22.5,0.0,0.0
3.5,4.0,4.5,5.5,5.5,6.0,6.0,6.0,5.5,5.5,5.0,4.5,4.0,3.5,2.5,2.0,2.0,1.5,1.5,1.5,2.0,2.5,3.0,3.5,4.0,4.0,4.5,4.0,4.0,3.5,3.5,3.0,2.5,2.5,2.0,1.5,1.5,1.5,1.5,2.0,2.0,2.5,3.0,3.5,4.0,4.5,5.0,5.5,5.5,5.0,4.5,4.5,4.0,3.5,3.5,3.0,2.5,2.5,2.5,2.5,2.5,2.5,2.5,3.0,3.0,3.5,3.5,3.5,3.5,3.5,3.5,3.5,3.5,3.0,3.0,2.5,2.5,2.5,2.5,2.5,3.0,3.5,4.0,4.5,5.0,5.0,5.5,5.5,5.5,5.0,4.5,4.0,3.5,3.5,3.0,2.5,2.0,1.5,1.5,1.5,1.5,2.0,2.5,3.0,3.5,4.0,4.0,4.0,4.0,3.5,3.5,3.5,3.0,3.0,2.5,2.5,3.0,3.0,4.0,4.5,5.0,5.5,6.0,6.5,7.0,7.0,7.0,7.0,6.5,6.0,5.5,5.0,5.0,5.0,5.0,5.0,5.5,6.0,6.0,6.5,7.0,7.0,7.5,8.0,8.0,8.0,8.0,8.0,7.5,7.5,7.0,6.5,6.5,6.0,6.0,6.0,6.0,6.0,6.5,6.5,7.0,7.5,7.5,8.0,8.5,9.0,9.0,9.5,9.5,9.0,8.5,8.0,8.0,7.5,7.5,7.0,7.0,7.5,7.5,8.0,8.5,8.5,9.0,9.0,9.5,9.5,9.5,9.5,9.5,9.5,9.0,9.0,9.0,9.0,9.0,9.0,8.5,8.5,8.5,9.0,9.5,9.5,10.0,10.0,10.5,10.5,11.0,11.5,12.0,12.0,12.0,11.5,10.5,10.0,9.5,9.5,9.0,9.0,9.0,9.0,8.5,8.5,8.0,8.0,7.5,7.5,7.5,7.5,7.5,7.0,6.5,6.0,5.5,5.0,5.0,5.0,5.0,5.5,6.0,6.5,7.0,8.0,9.0,9.5,10.5,11.5,11.5,12.0,12.0,11.5,11.5,11.5,11.5,11.5,11.5,12.0,12.0,12.5,12.5,12.5,13.0,13.0,13.0,13.5,13.0,13.0,13.0,13.0,12.5,12.0,11.0,10.5,10.0,9.0,9.0,9.0,8.5,9.0,9.0,9.5,10.0,10.5,10.5,11.0,11.5,12.0,12.0,12.5,12.5,12.5,12.5,12.0,11.5,11.0,11.0,10.5,10.5,10.5,11.0,11.5,12.0,12.5,13.0,13.5,14.0,14.0,14.5,15.0,15.5,15.0,15.0,14.5,14.0,14.0,13.5,13.0,13.0,13.0,13.0,13.5,0.0,0.0
32.0,32.0,32.0,32.0,32.0,31.5,31.5,31.5,31.0,31.0,31.0,31.0,31.0,31.5,32.0,32.0,32.5,33.0,33.5,33.5,33.5,33.5,33.5,33.0,33.0,32.5,32.0,32.0,31.5,31.5,31.5,31.5,31.5,32.0,32.0,32.5,32.5,33.0,33.0,33.5,34.0,34.0,34.0,34.0,33.5,33.0,33.0,32.5,32.5,32.5,32.5,32.5,33.0,33.5,34.0,34.5,34.5,35.0,35.0,35.0,35.0,35.5,35.5,35.5,35.5,35.0,35.0,35.0,35.0,35.0,35.0,35.0,35.0,35.0,35.0,35.5,36.0,36.0,36.5,37.0,37.0,37.0,37.0,37.0,36.5,36.5,36.5,36.0,36.0,36.0,35.5,35.5,35.5,35.5,36.0,36.5,37.0,37.5,37.5,38.0,37.5,37.5,37.5,37.5,37.0,37.5,37.5,37.5,37.5,37.5,37.5,37.5,37.5,37.5,38.0,38.0,39.0,39.5,40.0,40.5,40.5,40.5,40.5,40.5,40.5,40.0,40.0,39.5,39.0,39.0,38.5,38.5,38.5,38.5,38.5,38.5,39.0,39.0,39.5,40.0,40.0,40.5,40.5,40.5,40.0,40.0,39.5,39.5,39.0,39.0,39.5,39.5,40.0,40.5,41.0,41.5,42.5,43.0,43.5,44.0,44.5,44.5,44.0,44.0,43.5,43.0,43.0,42.5,42.5,43.0,43.0,43.5,43.5,43.5,43.5,44.0,44.5,45.0,45.5,45.5,46.0,45.5,45.5,45.0,44.5,44.0,44.0,43.5,43.5,43.0,43.0,43.5,44.0,44.0,44.5,45.0,45.5,46.0,46.5,47.0,47.0,47.0,46.5,46.5,46.5,46.0,46.0,46.0,45.5,46.0,46.0,46.0,46.5,46.5,47.0,47.0,47.5,47.5,48.0,48.0,48.0,48.5,48.0,48.0,47.5,47.0,47.0,46.5,46.0,46.0,45.5,45.5,46.0,46.0,46.5,47.0,48.0,48.5,49.0,49.5,49.5,49.5,49.5,49.5,49.0,49.0,48.5,48.5,48.5,48.0,48.0,48.0,48.0,48.5,49.0,49.5,50.0,50.0,50.5,50.5,50.5,50.0,50.0,49.5,49.5,49.5,49.5,49.0,49.0,48.5,48.5,48.0,48.0,48.0,48.5,48.5,49.0,49.0,49.5,49.5,50.0,49.5,49.5,49.5,49.0,49.0,49.0,48.5,48.5,49.0,49.0,49.5,50.0,50.5,51.0,52.0,52.0,52.5,52.5,53.0,53.0,53.0,52.5,52.0,51.5,51.0,50.5,50.0,49.5,49.5,49.5,49.0,49.0,49.5,49.5,50.0,50.5,50.5,50.5,50.5,0.0,0.0
53.5,53.5,53.5,54.0,54.0,54.0,54.0,54.0,54.5,54.0,54.0,53.5,53.0,52.5,52.0,51.0,50.5,49.5,48.5,47.0,45.0,43.0,41.5,39.5,38.0,36.5,35.0,34.0,33.0,32.0,31.0,30.5,30.5,31.5,33.0,36.0,39.5,43.5,49.0,55.0,62.0,69.5,77.5,85.0,92.0,98.5,105.0,111.0,116.5,121.5,125.5,129.0,131.5,132.5,133.5,134.0,133.5,132.5,130.0,127.0,123.0,118.5,114.0,109.0,104.0,99.0,94.0,89.0,84.0,79.5,74.5,70.5,66.5,63.0,59.5,57.0,55.0,54.0,53.0,53.0,52.5,53.0,53.0,53.0,52.5,52.5,52.5,52.5,52.0,52.0,51.5,51.0,50.5,49.5,49.0,48.5,47.5,47.5,47.0,47.0,47.0,47.5,47.5,48.0,48.0,48.5,48.5,48.5,49.0,49.0,49.0,48.5,48.5,48.5,48.0,48.0,47.5,47.5,47.0,47.5,47.5,48.0,48.0,48.5,49.0,49.0,49.5,49.5,49.5,49.5,49.0,48.5,48.5,48.0,47.5,47.5,47.0,47.0,47.0,47.0,47.5,47.5,48.0,48.0,48.5,49.0,49.5,50.0,50.0,50.5,50.5,50.5,50.5,50.0,49.5,49.5,49.0,48.5,48.0,48.0,48.5,48.5,49.0,49.0,49.5,49.5,50.0,50.0,50.5,50.5,50.0,50.0,50.0,49.5,49.5,49.5,49.5,49.5,49.0,49.0,49.0,49.5,50.0,50.5,51.0,51.5,52.0,52.5,52.5,52.0,52.0,51.0,50.5,50.0,49.5,49.0,48.5,48.5,48.0,48.0,48.0,48.0,48.5,49.0,49.0,49.5,49.5,49.5,49.5,49.5,49.0,49.0,49.0,49.0,49.0,49.0,49.0,49.0,49.0,49.0,49.0,49.0,49.0,49.0,49.5,50.0,50.0,50.5,51.0,51.5,51.5,51.0,50.5,50.0,49.5,49.0,48.5,48.5,48.5,48.5,48.5,49.0,49.5,50.0,50.0,50.5,51.0,51.0,51.5,51.5,51.0,51.0,50.5,49.5,49.0,49.0,48.5,48.5,48.5,49.0,49.5,50.0,51.0,51.5,52.0,52.5,53.0,53.0,53.0,53.0,52.5,52.0,52.0,51.5,51.0,51.0,51.0,51.0,50.5,50.5,50.5,50.5,50.5,51.0,51.5,52.0,52.0,52.5,52.5,52.0,52.0,51.5,51.0,50.5,50.0,49.5,49.5,49.0,49.5,50.0,50.5,51.0,51.5,52.5,52.5,53.0,53.0,53.0,53.0,53.0,52.5,52.0,51.0,50.5,49.5,48.0,47.0,46.5,46.0,45.5,0.0,0.0
29.0,28.5,28.5,28.5,28.0,28.0,27.5,27.5,27.5,27.0,27.0,27.0,27.0,27.0,27.5,28.0,28.5,29.0,29.0,29.0,29.0,28.5,28.5,28.5,28.0,27.5,27.5,27.0,27.0,27.0,27.0,27.5,27.5,28.0,28.0,28.5,28.5,29.0,29.0,29.5,29.5,29.0,29.0,28.5,28.5,28.0,28.0,27.5,27.5,27.0,27.0,27.0,27.5,27.5,28.0,28.0,28.5,28.5,28.5,28.5,29.0,28.5,28.5,28.0,27.5,27.0,27.0,27.0,27.0,27.0,27.5,27.5,28.0,28.0,28.5,29.0,29.0,29.5,29.5,29.5,29.5,29.0,29.0,28.5,28.5,28.0,27.5,27.0,27.0,26.5,26.5,26.5,27.0,27.5,27.5,28.0,28.0,28.5,28.5,28.5,28.5,28.0,27.5,27.0,26.5,26.0,25.5,25.0,25.0,24.5,25.0,25.5,26.0,27.0,27.5,27.5,28.0,28.5,28.5,28.5,28.5,28.5,28.0,28.0,27.5,27.0,27.0,26.5,26.5,26.0,26.0,26.0,26.5,26.5,27.0,27.5,27.5,28.0,28.0,28.0,28.5,28.0,28.0,27.5,27.5,27.5,27.0,27.0,26.5,26.5,26.5,26.5,26.5,27.0,27.5,28.0,28.5,29.0,29.5,29.5,29.5,29.0,29.0,28.5,28.0,28.0,27.5,27.5,27.0,27.0,27.0,27.0,27.5,28.0,28.5,28.5,29.0,29.0,29.0,29.0,29.0,29.0,28.5,28.5,28.0,28.0,27.5,27.5,27.0,27.5,27.5,28.0,28.5,29.0,29.5,29.5,30.0,30.0,30.0,30.0,30.0,30.0,29.5,29.0,28.5,28.0,27.5,27.5,27.0,27.0,27.0,27.0,27.5,27.5,28.0,28.5,29.0,29.0,29.0,29.5,29.5,29.0,29.0,28.5,28.5,28.0,28.0,28.0,28.0,28.5,28.5,29.0,29.5,30.0,30.0,30.0,30.0,30.0,30.0,30.0,29.5,29.5,29.0,29.0,28.5,28.0,27.5,27.5,27.5,27.5,27.5,27.5,27.5,27.5,28.0,28.0,28.5,28.5,29.0,29.0,29.0,28.5,28.5,28.0,28.0,27.5,27.5,27.5,27.5,27.5,27.5,28.0,28.5,29.0,29.5,30.0,30.0,30.5,30.5,30.5,30.5,30.5,30.0,30.0,29.5,29.0,28.5,28.5,28.5,28.5,28.5,28.5,28.5,28.5,29.0,29.0,29.0,29.0,29.5,30.0,30.0,30.5,30.5,30.0,30.0,29.5,29.0,28.5,28.0,28.0,28.0,28.0,28.5,28.5,29.0,29.5,30.0,30.0,30.5,30.5,0.0,0.0
95.5,96.0,96.5,97.0,97.5,98.0,98.5,98.5,98.5,98.5,98.5,98.5,98.0,97.5,97.0,97.0,96.5,96.5,96.5,96.5,96.5,96.5,97.0,97.0,97.5,97.5,97.5,97.5,97.0,96.5,95.0,93.5,91.5,89.0,86.0,83.5,81.0,79.0,78.0,77.0,77.0,77.0,77.5,78.0,79.5,81.0,83.0,86.5,90.5,95.0,101.0,107.0,113.5,120.5,127.5,134.0,140.0,146.0,152.5,159.0,165.5,171.5,176.5,180.5,183.0,185.0,186.0,186.5,186.0,184.0,181.0,176.5,172.0,166.5,161.0,155.5,149.5,144.0,138.5,133.5,128.5,124.0,120.0,116.5,113.5,111.0,109.0,107.0,105.5,104.5,103.5,102.5,102.0,101.5,101.0,100.5,100.0,99.5,99.0,99.0,98.5,99.0,99.0,99.0,99.5,100.0,100.0,100.0,100.0,100.0,99.5,99.0,98.5,98.0,97.5,97.0,97.0,97.0,97.0,97.0,97.0,97.0,97.0,97.5,98.0,98.0,98.0,98.5,99.0,99.0,99.0,99.0,98.5,98.0,97.5,97.0,96.5,96.5,96.5,97.0,97.0,97.0,97.5,98.0,98.0,98.5,98.5,99.0,99.0,98.5,98.5,98.0,97.5,97.0,96.5,96.5,96.0,96.5,96.5,97.0,97.0,97.5,97.5,98.0,98.0,98.5,98.5,98.5,98.5,98.5,98.0,98.0,97.5,97.5,97.0,97.0,96.5,96.5,96.5,96.5,96.5,96.5,97.0,97.5,97.5,98.0,98.5,98.5,99.0,99.0,99.0,99.0,98.5,98.0,98.0,97.5,97.5,97.5,97.0,97.0,97.0,97.5,98.0,98.0,98.5,99.0,99.0,99.0,99.0,99.0,99.0,99.0,99.0,98.5,98.5,98.0,98.0,97.5,97.5,97.5,97.5,97.5,97.5,98.0,98.0,98.5,99.0,99.0,99.5,99.0,99.0,98.5,98.5,98.0,98.0,97.5,97.5,97.5,97.5,97.0,97.0,97.0,97.5,97.5,98.0,98.5,98.5,99.0,99.0,99.0,98.5,98.5,98.5,98.0,97.5,97.5,97.0,97.0,96.5,97.0,97.0,97.5,97.5,98.0,98.0,98.5,99.0,99.0,99.5,99.5,99.0,99.0,98.5,98.5,98.0,98.0,97.5,97.5,97.5,97.5,97.5,98.0,98.0,98.5,98.5,99.0,99.0,99.5,99.5,99.5,99.5,99.0,99.0,98.5,98.0,97.5,97.5,97.0,97.0,97.0,97.5,97.5,98.0,98.5,99.0,99.0,99.5,99.5,100.0,100.5,100.5,100.5,100.5,100.5,100.0,99.5,99.5,99.0,98.5,98.5,0.0,0.0
142.0,138.0,133.5,128.5,123.5,118.5,113.0,108.0,102.5,97.5,92.5,88.0,83.5,79.5,76.0,73.0,70.0,68.0,66.5,65.5,65.0,65.0,64.5,64.5,64.5,65.0,65.0,65.5,66.0,66.0,66.0,66.0,66.0,65.5,65.0,64.5,63.5,62.5,62.0,61.5,61.5,61.5,61.5,62.0,62.0,62.5,62.5,62.5,62.5,62.5,62.5,62.5,62.5,62.0,62.0,61.5,61.5,61.5,61.0,60.5,60.5,60.5,60.5,60.5,60.5,61.0,61.0,61.5,62.0,62.5,62.5,62.5,62.5,62.5,62.5,62.0,62.0,61.5,61.0,61.0,60.5,60.5,60.5,60.5,61.0,61.0,61.5,62.0,62.0,62.0,62.0,62.0,62.0,62.0,62.0,61.5,61.5,61.0,61.0,60.5,61.0,61.0,61.0,61.5,62.0,62.0,62.0,62.0,62.5,62.5,62.5,62.0,62.0,62.0,61.5,61.0,60.5,60.0,59.5,59.5,59.5,60.0,60.0,60.5,60.5,61.0,61.0,61.0,60.5,60.5,60.5,60.5,60.5,60.5,60.5,60.0,60.0,59.5,59.5,59.0,59.0,59.0,59.0,59.5,59.5,60.0,60.0,60.5,60.5,61.0,61.0,60.5,60.5,60.0,60.0,59.5,59.0,58.5,58.0,57.5,57.5,57.5,57.0,57.0,57.5,57.5,58.0,58.5,59.0,59.5,59.5,59.5,59.5,59.0,58.0,57.5,57.0,56.5,56.0,56.0,55.5,55.5,55.5,55.5,55.5,56.0,56.5,57.0,57.5,58.0,58.0,58.0,58.0,57.5,57.0,56.5,56.0,56.0,55.5,55.0,55.0,55.5,55.5,56.0,57.0,57.5,58.0,58.5,58.5,59.0,59.0,59.0,59.0,59.0,58.5,58.5,58.5,58.0,58.0,57.5,57.5,58.0,58.0,58.5,58.5,59.0,59.0,59.5,60.0,59.5,59.5,59.0,59.0,58.5,58.5,58.0,58.0,58.0,57.5,57.5,57.5,57.5,57.5,57.5,58.0,58.5,58.5,59.0,59.5,59.5,59.5,59.5,59.5,59.0,58.5,58.0,57.5,57.0,57.0,56.5,56.5,56.5,56.5,57.0,57.5,58.0,58.0,58.5,58.5,58.5,58.5,58.5,58.0,57.5,57.5,57.0,56.5,56.5,56.5,56.5,56.5,56.5,56.5,56.5,57.0,57.5,58.0,58.5,58.5,58.5,58.5,58.5,58.5,58.0,58.0,58.0,57.5,57.5,57.0,57.0,57.0,56.5,56.5,57.0,57.0,57.5,58.0,58.5,58.5,58.5,58.0,58.0,57.5,57.0,56.5,56.0,55.5,55.0,55.0,55.0,0.0,0.0
71.0,71.0,71.0,71.0,71.0,71.5,71.5,72.0,72.0,72.5,72.5,72.5,73.0,73.0,73.0,73.5,73.5,73.5,73.0,72.5,72.0,71.5,71.0,70.5,70.0,70.0,70.0,70.5,71.0,71.5,72.0,72.5,72.5,72.0,72.0,71.5,71.5,71.0,70.5,70.5,70.0,70.0,70.0,70.0,70.0,70.5,70.5,70.5,70.5,70.5,71.0,71.5,72.0,72.5,72.5,72.0,72.0,71.5,71.0,70.5,69.5,69.0,69.0,69.0,69.0,69.0,69.0,69.5,70.0,70.5,70.5,71.0,71.0,71.5,71.5,71.5,71.0,70.5,70.0,69.5,69.5,69.0,68.5,68.0,68.0,68.5,68.5,69.0,70.0,70.5,71.0,71.5,71.5,72.0,72.0,72.0,71.5,71.0,70.0,69.0,68.5,68.0,67.5,67.5,67.5,68.0,68.5,69.0,69.5,70.0,70.0,70.5,70.5,70.5,70.0,70.0,69.5,69.5,69.0,68.5,68.0,68.0,67.5,67.5,67.5,68.0,68.5,69.0,69.5,69.5,70.0,70.0,70.5,70.5,71.0,71.0,71.0,71.0,70.5,70.0,69.5,69.0,68.5,68.5,68.5,68.5,69.0,69.5,70.0,70.5,71.5,72.0,72.0,72.0,71.5,71.0,70.5,69.5,69.0,68.5,68.0,67.5,67.5,67.5,68.0,68.5,69.0,69.5,70.0,70.0,70.0,69.5,69.5,69.5,69.5,69.5,69.0,68.5,68.0,67.5,67.0,66.5,66.5,67.0,67.0,67.5,68.0,68.5,68.5,68.5,68.5,68.0,67.5,67.0,67.0,66.5,66.5,66.0,66.0,66.0,65.5,65.0,64.5,64.5,64.5,64.5,64.5,65.0,65.5,65.5,66.0,66.0,66.5,67.0,67.0,67.0,67.0,67.0,66.5,66.0,66.0,65.5,65.0,64.5,64.5,64.5,65.0,65.5,66.0,67.0,67.5,68.5,69.0,69.0,69.0,69.0,68.5,67.5,67.0,66.5,65.5,65.0,64.5,64.0,64.0,63.5,63.5,63.0,63.0,63.0,63.5,64.0,65.0,66.0,67.5,68.5,69.0,69.5,70.0,70.0,70.0,70.0,69.5,69.5,69.5,69.5,70.0,70.0,70.5,70.5,70.0,69.5,69.5,69.0,69.0,68.5,68.0,67.0,66.5,66.5,66.0,65.5,65.5,65.0,65.0,65.5,65.5,66.0,66.0,66.5,66.5,67.0,67.0,67.0,66.5,66.5,66.5,66.5,66.5,66.0,66.0,65.5,65.5,65.0,65.0,65.0,65.5,66.0,66.5,67.0,67.0,67.5,68.0,68.0,68.5,68.0,68.0,67.5,67.0,66.5,0.0,0.0
47.0,47.0,47.0,47.5,47.5,48.0,48.0,48.5,48.5,48.5,49.0,49.0,49.0,48.5,48.5,48.0,48.0,47.5,47.5,47.5,47.5,48.0,48.0,48.5,48.5,49.0,49.0,49.5,50.0,50.0,50.0,50.0,49.5,49.0,49.0,48.5,48.5,48.5,48.5,48.0,48.0,48.0,48.0,48.0,48.0,48.0,48.0,48.0,48.0,47.5,47.5,47.5,47.0,47.0,47.0,47.0,48.0,49.0,50.0,51.0,52.0,52.5,53.5,54.0,54.5,55.0,55.5,55.5,55.5,55.5,55.0,54.5,53.5,52.5,52.0,51.0,50.5,50.0,50.0,49.5,49.5,49.5,49.5,50.0,50.0,50.5,50.5,51.0,51.5,52.0,52.5,52.5,52.5,52.5,52.5,52.5,52.0,51.5,51.5,51.0,51.0,51.0,51.0,51.0,51.5,51.5,52.0,52.0,52.0,52.0,52.0,52.0,51.5,51.5,51.0,51.0,50.5,50.5,50.0,50.0,50.0,50.0,50.0,50.5,50.5,51.0,51.0,51.0,51.5,51.5,52.0,52.0,51.5,51.0,51.0,50.5,50.0,50.0,49.5,49.5,49.5,49.5,49.5,50.0,50.5,50.5,51.0,51.0,51.0,51.0,51.5,51.5,51.5,51.5,51.0,50.5,50.0,49.5,49.0,48.5,48.0,48.0,47.5,47.5,48.0,48.0,48.5,49.0,49.0,49.0,49.0,49.0,48.5,48.5,48.0,47.5,47.0,47.0,46.5,46.5,46.5,46.5,46.5,47.0,47.5,48.0,49.0,49.5,50.0,50.5,51.0,51.5,51.5,51.5,51.5,51.5,51.0,51.0,51.0,51.0,51.0,51.5,51.5,51.5,52.0,52.5,52.5,53.0,53.0,53.0,53.0,52.5,52.0,51.5,51.0,50.5,50.5,50.0,50.0,49.5,49.0,49.0,48.5,48.5,49.0,49.5,49.5,50.0,50.5,50.5,50.5,50.5,50.5,50.0,50.0,49.5,49.0,48.5,48.5,48.0,48.0,48.0,48.0,48.5,48.5,49.0,49.5,49.5,50.0,50.0,50.0,50.0,50.0,50.0,50.0,49.5,49.5,49.5,49.5,49.5,50.0,50.0,50.5,50.5,51.0,51.0,51.5,51.5,51.5,51.5,51.5,51.5,51.5,51.0,50.0,49.0,47.5,45.5,44.0,41.5,39.5,37.5,35.5,34.0,33.0,32.0,32.0,32.0,32.5,33.5,35.0,36.5,38.5,41.5,45.5,50.0,55.0,61.0,68.0,75.0,82.0,88.5,95.0,101.5,108.0,114.5,120.5,125.5,129.5,132.5,134.0,134.5,134.0,133.5,131.5,129.0,126.0,122.0,117.5,113.0,0.0,0.0
13.5,13.0,12.0,11.5,11.0,11.0,11.0,11.0,11.5,12.0,12.0,12.5,12.5,12.5,12.5,12.5,12.5,12.5,12.0,12.0,12.0,12.0,11.5,11.5,11.5,11.5,11.0,11.5,11.5,12.0,12.5,13.0,13.5,14.0,14.5,15.0,15.0,15.0,15.0,14.5,14.5,14.0,13.5,13.0,12.5,12.0,12.0,12.0,12.5,13.0,13.5,14.0,14.5,14.5,14.5,14.5,14.0,14.0,14.0,13.5,13.5,13.0,13.0,12.5,12.5,12.5,12.5,12.5,13.0,13.0,13.5,14.0,14.5,14.5,15.0,15.0,15.0,15.5,15.5,15.5,15.0,15.0,15.0,15.0,14.5,14.5,14.5,15.0,15.0,15.5,16.0,16.5,16.5,17.0,17.5,17.5,17.5,17.5,17.5,17.0,17.0,16.5,16.0,15.5,15.0,15.0,14.5,14.5,14.5,14.5,14.5,15.0,15.5,16.0,16.0,16.0,16.0,16.0,15.5,15.5,15.0,15.0,14.5,14.5,14.5,14.5,14.5,14.5,14.5,14.5,15.0,15.5,16.0,16.5,17.0,17.0,17.5,17.5,17.5,17.5,17.0,16.5,16.0,16.0,16.0,16.0,16.0,16.0,16.0,16.5,16.5,16.5,17.0,17.0,17.5,18.0,18.0,18.0,18.0,18.0,17.5,16.5,16.0,16.0,15.5,15.5,15.5,16.0,16.0,16.5,17.0,17.5,18.0,18.5,19.0,19.5,20.0,20.0,19.5,19.0,19.0,18.5,18.0,18.0,18.0,18.0,18.0,18.0,18.0,18.5,18.5,18.5,19.0,19.0,19.0,19.0,19.0,19.0,18.5,18.5,18.5,18.0,18.0,18.0,17.5,17.5,17.5,17.5,18.0,18.5,19.0,19.5,20.0,20.5,21.0,21.0,21.5,21.5,21.5,21.5,21.5,21.0,21.0,21.0,20.5,20.5,20.5,20.0,20.0,20.0,20.0,20.0,20.0,20.5,20.5,21.0,21.0,21.0,21.0,20.5,20.0,19.5,19.5,19.0,19.0,19.0,19.0,19.0,19.5,20.0,20.5,21.0,21.0,21.0,21.0,21.5,21.5,21.5,21.5,21.0,20.5,20.5,20.0,20.0,19.5,19.0,19.0,19.0,19.0,19.5,20.0,20.5,21.5,22.0,22.0,22.5,22.5,22.5,22.0,21.5,21.0,20.0,19.0,18.0,17.0,15.5,14.5,14.0,14.0,14.0,15.0,16.0,17.5,19.0,20.5,22.0,23.5,24.5,25.0,25.5,25.0,24.5,24.0,23.5,23.0,22.5,21.5,21.0,20.5,20.0,20.0,20.0,20.0,20.5,20.5,20.5,20.5,20.0,20.0,19.5,0.0,0.0
109.0,115.0,120.0,123.5,126.0,127.5,128.5,128.5,128.0,126.0,123.0,119.0,114.0,109.0,103.5,97.5,92.0,86.5,81.0,76.5,72.0,67.5,63.5,60.0,57.0,54.0,51.5,49.0,47.5,46.0,45.0,44.0,43.0,42.0,41.5,41.0,41.0,41.0,41.0,41.0,41.0,41.5,41.5,42.0,42.0,42.0,42.5,42.5,42.0,41.5,41.5,41.0,40.5,40.5,40.0,40.0,39.5,39.5,39.5,40.0,40.0,40.5,40.5,40.5,40.5,40.5,40.5,40.5,40.0,40.0,40.0,39.5,39.5,39.5,39.0,39.0,38.5,38.5,38.5,38.5,39.0,39.0,39.5,40.0,40.5,41.0,41.5,42.0,42.0,42.0,42.0,41.5,41.5,41.0,41.0,40.5,40.5,40.5,40.5,41.0,41.0,41.5,42.0,42.0,42.0,42.5,42.5,42.5,42.0,42.0,41.5,41.5,41.0,40.5,40.5,40.0,39.5,39.5,39.5,40.0,40.5,41.0,41.0,41.5,41.5,41.5,42.0,42.0,41.5,41.5,41.5,41.5,41.0,40.5,40.5,40.0,40.0,40.0,40.0,40.0,40.5,41.0,41.0,41.5,42.0,42.0,42.0,42.0,41.5,41.0,41.0,40.5,40.0,40.0,40.0,40.0,40.0,40.0,40.5,40.5,41.0,41.5,42.0,42.5,43.0,43.0,43.5,43.5,43.0,43.0,42.5,42.0,41.5,41.5,41.0,41.0,41.0,41.0,41.5,41.5,42.0,42.5,42.5,43.0,43.0,43.0,43.0,42.5,42.5,42.0,41.5,41.0,40.5,40.5,40.5,40.0,40.0,40.0,40.0,40.0,40.0,40.0,40.0,40.0,40.5,40.5,40.5,40.5,40.0,40.0,39.5,39.5,39.5,39.0,39.0,39.0,39.0,39.5,40.0,40.0,40.5,41.0,41.5,42.0,42.0,42.5,42.5,43.0,43.0,42.5,42.0,41.5,41.0,41.0,40.5,40.5,40.5,40.5,40.5,41.0,41.0,41.5,41.5,42.0,42.0,42.5,42.5,42.5,42.5,42.5,42.0,42.0,41.5,41.0,40.5,40.5,40.0,40.5,40.5,41.0,41.0,41.5,42.0,42.5,42.5,43.0,43.0,43.0,43.0,43.0,42.5,42.0,41.5,41.5,41.0,41.0,41.5,41.5,42.0,42.5,43.0,43.5,44.0,44.0,44.5,44.5,44.5,44.5,44.5,44.0,43.5,43.5,43.0,43.0,43.0,43.0,43.0,43.0,43.0,43.0,43.0,43.5,44.0,44.5,45.0,45.5,46.0,46.0,46.0,45.5,45.0,44.5,43.5,43.0,42.0,41.5,40.5,40.0,39.5,39.0,0.0,0.0
56.5,58.0,59.0,60.0,60.5,61.0,61.5,61.5,61.5,61.0,61.0,60.5,60.0,59.0,58.5,57.5,56.5,56.0,56.0,55.5,55.5,55.5,56.0,56.0,56.5,57.0,57.0,57.0,57.0,57.0,57.0,56.5,56.5,56.0,56.0,55.5,55.0,54.5,54.0,54.0,54.0,54.0,54.0,54.5,55.0,55.5,56.0,56.0,56.5,56.5,56.5,56.5,56.0,56.0,56.0,55.5,55.5,55.0,55.0,54.5,54.0,54.0,54.0,54.5,54.5,55.0,55.5,55.5,55.5,55.0,55.0,54.5,54.5,54.0,54.0,53.5,53.0,53.0,52.5,52.5,52.0,52.0,52.0,52.0,52.5,52.5,53.0,53.0,53.0,53.5,53.5,53.5,53.0,52.5,52.0,51.0,50.5,49.5,49.0,49.0,49.0,49.0,49.0,49.5,49.5,50.0,50.0,50.0,50.0,50.0,50.0,50.0,49.5,49.5,49.5,49.0,49.0,49.5,50.0,50.5,51.0,52.0,52.5,52.5,53.0,53.0,53.0,53.0,53.0,53.5,53.5,53.5,53.5,53.5,53.0,52.5,52.5,52.0,51.5,51.5,52.0,52.0,52.5,52.5,53.0,53.5,53.5,54.0,54.5,55.0,55.5,55.5,55.5,55.5,55.0,54.5,54.5,54.0,54.0,53.5,53.5,53.5,54.0,54.0,54.5,54.5,55.0,55.0,55.0,55.0,55.0,54.5,54.5,54.0,54.0,53.5,53.5,53.0,53.0,53.5,53.5,53.5,54.0,54.5,55.0,55.5,55.5,56.0,56.0,56.0,56.0,55.5,55.0,54.5,53.5,52.5,51.0,49.0,47.0,44.5,42.5,40.5,38.5,37.0,36.0,35.5,35.5,36.0,36.5,37.5,39.0,41.5,44.5,48.0,52.5,57.5,63.5,70.0,77.0,83.5,90.0,96.5,102.5,109.0,115.0,121.0,126.5,131.0,134.0,136.0,137.5,138.0,137.5,136.5,134.0,131.0,126.5,121.5,116.5,111.0,106.0,100.5,95.5,90.5,86.0,81.5,77.5,73.5,70.5,67.5,65.0,63.0,61.0,59.0,57.5,56.5,55.5,54.5,54.0,54.0,53.5,53.5,53.0,53.0,53.0,53.0,53.0,53.0,53.0,53.0,53.0,52.5,52.0,51.5,51.0,51.0,50.5,50.0,50.0,50.0,50.0,50.0,50.0,50.5,51.0,51.0,51.5,51.5,52.0,51.5,51.5,51.0,50.5,50.0,49.0,48.5,48.0,48.0,47.5,47.5,47.5,47.5,47.5,48.0,48.5,48.5,49.0,49.0,49.5,49.5,50.0,50.0,50.0,50.0,49.5,49.5,49.0,48.5,48.0,48.0,0.0,0.0
49.0,49.0,49.5,49.0,49.0,49.0,49.0,49.0,49.0,49.0,49.0,48.5,48.0,48.0,47.5,47.5,47.0,47.0,47.0,47.0,47.5,48.0,49.0,49.5,50.0,50.0,50.0,49.5,49.0,48.5,48.0,47.5,47.0,46.5,46.0,46.0,45.5,46.0,46.5,47.0,47.5,48.0,48.5,48.5,49.0,49.0,48.5,48.5,48.0,47.5,47.0,46.5,45.5,45.0,45.0,44.5,44.5,44.5,44.5,45.0,45.5,46.0,46.5,47.0,47.5,48.0,48.0,48.5,48.0,48.0,48.0,48.0,48.0,47.5,47.0,46.5,46.0,46.0,46.0,46.5,47.0,47.5,48.0,48.0,48.5,48.5,48.5,48.5,48.5,48.5,48.0,47.5,47.0,46.5,46.0,45.5,45.0,45.0,45.0,45.5,46.0,46.0,46.0,46.0,46.0,46.0,46.0,46.0,46.0,45.5,45.0,44.5,44.5,44.0,44.0,44.0,44.0,44.0,43.5,43.5,43.5,43.5,43.5,43.5,43.5,43.0,43.0,43.0,42.5,42.5,42.5,42.5,42.5,42.5,42.5,42.5,43.0,43.0,43.0,43.5,43.5,43.0,43.0,43.0,43.0,43.0,43.5,43.5,43.5,43.5,43.5,43.5,43.5,43.5,43.0,43.0,42.5,42.5,42.5,43.0,43.0,43.5,43.5,43.5,43.5,43.0,43.0,42.5,42.5,42.0,42.0,42.0,42.0,42.0,41.5,41.5,41.0,41.0,40.5,41.0,41.0,41.5,42.0,42.0,42.5,42.5,42.5,42.5,42.5,42.0,41.5,41.0,41.0,40.5,40.0,39.5,39.5,39.5,40.0,40.0,40.5,41.0,41.5,41.5,41.5,41.5,41.5,41.5,41.0,40.5,40.5,40.5,40.0,40.0,39.5,39.0,39.0,38.5,38.5,38.5,39.0,39.0,39.5,39.5,40.0,40.0,40.0,40.5,40.5,40.5,40.0,39.5,38.5,38.0,37.5,37.0,37.0,37.0,37.0,37.5,38.0,38.5,39.0,39.0,39.5,40.0,40.0,40.0,39.5,39.5,39.5,39.0,39.0,39.0,38.5,38.5,38.5,38.5,39.0,39.0,39.5,39.5,39.5,40.0,40.0,40.5,40.5,40.5,40.5,40.0,39.5,39.0,38.5,38.5,38.0,38.0,37.5,38.0,38.0,38.0,38.5,38.5,39.0,39.0,39.5,39.5,40.0,40.5,40.5,40.5,40.5,40.0,40.0,39.5,38.5,38.0,38.0,37.5,37.5,37.5,38.0,38.0,38.5,38.5,39.0,39.5,39.5,39.5,39.5,39.0,38.5,38.0,37.5,37.0,36.5,36.0,35.5,35.5,35.5,36.0,0.0,0.0
42.0,42.0,42.0,41.5,41.5,41.0,40.5,40.0,39.5,39.0,39.0,39.0,39.0,39.0,39.5,40.0,40.0,40.5,40.5,41.0,41.5,41.5,41.5,41.0,40.5,40.0,39.5,38.5,38.0,38.0,37.5,37.5,38.0,38.0,38.5,38.5,39.0,39.5,40.0,40.5,41.0,41.5,41.5,41.5,41.5,41.5,41.0,40.5,40.5,40.0,40.0,40.0,40.0,40.5,40.5,41.0,41.0,41.5,41.5,41.0,41.0,41.0,41.0,40.5,40.5,40.0,40.0,40.0,39.5,39.5,39.5,39.0,39.0,39.5,39.5,40.0,40.5,41.0,41.0,41.5,42.0,42.0,42.0,42.0,41.5,41.5,41.0,40.5,40.5,40.0,40.0,40.0,40.0,40.0,40.5,40.5,41.0,41.5,41.5,42.0,42.0,42.0,41.5,41.5,41.0,40.5,40.0,40.0,39.5,39.5,39.5,39.5,40.0,40.0,40.5,41.5,42.0,42.5,43.0,43.5,43.5,44.0,44.0,44.0,44.0,43.5,43.5,43.5,43.0,43.0,42.5,42.5,42.5,42.5,43.0,43.0,43.5,44.0,44.0,44.5,44.5,44.5,44.0,44.0,43.5,43.5,43.0,42.5,41.5,41.0,40.5,40.5,41.0,41.0,41.5,42.0,42.0,42.5,43.0,43.0,43.5,43.5,43.5,43.0,43.0,43.0,43.0,43.0,43.0,43.0,43.0,43.5,43.5,43.5,43.5,44.0,44.5,45.0,45.5,46.0,46.0,46.0,46.0,46.0,46.0,46.0,46.0,45.5,45.5,45.0,44.5,44.5,44.5,44.5,44.5,44.5,45.0,45.5,46.0,46.0,46.5,46.5,47.0,47.0,46.5,46.5,46.5,46.5,46.0,46.0,46.0,46.0,46.5,46.5,47.0,47.0,47.0,47.5,47.5,47.5,48.0,48.0,48.0,47.5,47.5,47.5,47.0,46.5,46.5,46.0,46.0,46.0,46.0,46.0,46.0,46.5,47.0,47.5,48.0,48.5,48.5,48.5,48.5,48.0,47.5,47.5,47.0,47.0,47.0,47.0,47.0,47.0,47.0,47.5,47.5,48.0,48.0,48.5,49.0,49.0,49.5,49.5,49.5,49.5,49.5,49.0,48.5,48.5,48.0,47.5,47.0,47.0,47.0,47.0,47.5,47.5,48.0,48.0,48.5,48.5,48.5,49.0,49.0,49.0,48.5,48.5,48.0,48.0,47.5,47.5,47.5,47.5,48.0,48.0,48.5,48.5,49.0,49.0,49.5,50.0,50.0,50.0,50.0,49.5,49.0,49.0,48.5,48.5,48.5,48.5,48.0,48.0,48.0,48.0,48.0,48.0,48.0,48.0,48.0,48.0,0.0,0.0
34.5,34.5,35.0,35.5,35.5,35.5,35.0,35.0,35.0,35.0,35.0,35.0,35.5,35.5,35.5,35.5,35.5,35.5,35.5,36.0,36.0,36.5,37.0,37.0,37.5,37.5,37.0,37.0,36.5,36.5,36.5,36.0,36.0,36.0,36.0,36.0,36.0,36.0,35.5,35.0,34.5,34.0,33.0,32.5,32.5,32.5,32.5,33.5,34.5,35.5,36.5,37.5,38.5,39.5,40.0,41.0,41.5,41.5,41.5,41.5,41.0,41.0,40.5,39.5,39.0,38.0,37.5,37.0,36.5,36.5,36.0,36.0,36.0,36.5,37.0,37.5,37.5,38.0,38.0,38.5,39.0,39.0,39.0,39.0,39.0,39.0,38.5,38.5,38.0,38.0,38.0,37.5,37.5,37.5,37.5,37.5,38.0,38.0,38.5,39.0,40.0,40.5,40.5,41.0,41.0,41.0,41.0,41.0,41.0,41.0,41.0,41.0,40.5,40.5,40.5,40.5,41.0,41.5,42.0,42.0,42.0,42.0,42.0,41.5,41.0,41.0,40.5,40.0,40.0,40.0,40.0,39.5,39.5,40.0,40.0,40.0,40.5,41.0,41.0,41.5,41.5,41.5,41.5,41.5,41.5,41.5,41.5,41.5,41.5,41.5,41.5,42.0,42.0,42.5,42.5,43.0,43.5,44.0,44.5,45.0,45.0,45.5,45.5,45.5,45.5,45.0,45.0,44.5,44.0,43.5,43.5,43.5,44.0,44.5,45.0,45.5,46.5,47.0,47.5,48.0,48.5,48.5,49.0,49.0,49.0,48.5,48.5,48.5,48.5,48.0,48.0,48.0,47.5,48.0,48.0,48.5,49.0,49.5,50.0,50.5,50.5,51.0,50.5,50.5,50.0,50.0,49.5,49.5,49.0,49.0,49.0,49.0,49.0,49.0,49.5,50.0,50.5,51.0,51.0,51.5,52.0,52.0,52.0,52.0,51.5,51.5,51.5,51.0,50.5,50.5,50.0,50.0,50.0,50.0,50.5,50.5,51.0,51.0,51.5,51.5,52.0,52.0,52.5,52.5,52.5,52.5,53.0,53.0,53.0,53.0,53.0,52.5,52.5,52.5,52.5,53.0,53.5,54.0,54.5,54.5,54.5,54.5,55.0,55.0,55.0,54.5,54.5,54.0,53.5,53.5,53.5,53.5,53.5,53.5,53.5,54.0,54.0,54.5,55.0,55.5,55.5,56.0,56.0,56.0,55.5,55.5,55.5,55.5,55.5,55.5,55.5,55.0,55.0,55.0,55.5,55.5,56.0,56.0,56.5,56.5,56.5,57.0,57.0,57.5,57.0,57.0,57.0,56.5,56.5,57.0,57.0,57.5,57.5,58.0,58.5,59.0,59.5,60.0,60.5,61.0,0.0,0.0
10.5,10.0,9.5,9.0,8.5,8.5,8.0,8.5,8.5,9.0,9.5,9.5,9.5,9.5,9.0,9.0,8.5,8.0,8.0,7.5,7.5,7.5,7.5,7.5,8.0,8.5,9.0,9.5,9.5,10.0,10.0,10.5,10.5,10.0,10.0,9.5,9.0,8.5,8.0,7.5,7.5,7.5,7.5,7.5,7.5,8.0,8.0,8.5,8.5,8.5,8.5,8.5,8.5,8.0,8.0,7.5,7.0,6.5,6.0,5.5,5.5,5.0,5.5,5.5,6.0,6.5,7.0,7.5,7.5,8.0,8.0,8.0,8.0,8.0,7.5,7.5,7.0,6.0,5.5,5.0,4.5,4.5,4.5,4.5,4.5,5.0,5.0,5.5,5.5,5.5,6.0,6.0,6.5,6.5,6.5,6.5,6.0,5.5,5.0,5.0,5.0,5.0,5.0,5.5,6.0,6.5,7.0,7.5,8.0,8.0,8.5,8.5,8.5,8.5,8.0,7.5,7.5,7.5,7.5,7.0,7.0,7.5,7.5,7.5,8.0,8.0,8.5,9.0,9.5,10.0,10.5,10.0,10.0,9.5,9.0,8.5,8.0,7.5,7.0,6.5,6.5,6.0,6.0,6.0,6.5,6.5,7.0,8.0,8.5,9.0,9.5,9.5,9.5,9.5,9.0,8.5,8.5,8.0,7.5,7.5,7.0,6.5,6.5,6.0,6.5,6.5,7.0,7.0,7.5,7.5,8.0,8.0,8.0,8.0,7.5,7.0,6.5,6.5,6.0,6.0,6.0,6.0,6.5,7.0,7.5,8.0,8.5,9.0,9.0,9.5,10.0,10.0,10.0,9.5,9.5,9.0,8.5,8.5,8.5,8.0,8.0,8.5,8.5,8.5,8.5,9.0,9.0,9.0,9.5,9.5,9.5,9.5,9.5,9.5,9.5,9.5,9.0,9.0,8.5,8.5,8.5,8.5,8.5,9.0,9.5,10.0,10.5,10.5,11.0,11.0,11.0,11.5,11.5,11.5,11.0,11.0,11.0,10.5,10.0,10.0,9.5,9.5,9.5,9.5,9.5,10.0,10.5,10.5,10.5,11.0,11.0,10.5,10.5,10.0,10.0,9.5,9.0,9.0,9.0,8.5,8.5,8.5,8.5,8.5,8.5,9.0,9.5,10.0,10.5,10.5,10.5,10.5,10.5,10.5,10.5,10.0,9.5,9.0,8.5,8.0,7.0,6.5,6.5,6.0,6.5,6.5,7.0,7.0,7.5,7.5,7.5,7.0,7.0,6.0,5.5,5.0,5.0,5.0,5.0,5.0,5.0,5.5,5.5,5.5,6.0,6.5,7.0,8.0,8.5,9.0,9.0,9.0,9.5,9.5,10.0,10.0,10.5,10.5,10.5,10.0,0.0,0.0
-1.5,-2.5,-3.0,-3.5,-4.0,-3.5,-3.5,-3.5,-3.0,-3.0,-2.5,-2.0,-1.5,-1.5,-1.0,-1.5,-1.5,-1.5,-2.0,-2.0,-2.5,-2.5,-3.0,-3.0,-3.5,-3.5,-3.5,-3.5,-3.5,-3.0,-3.0,-2.5,-2.0,-1.5,-1.0,-1.0,-0.5,-0.5,-1.0,-1.0,-2.0,-2.5,-3.0,-3.5,-3.5,-4.0,-4.0,-4.0,-4.0,-3.5,-3.5,-3.0,-2.5,-2.0,-1.5,-1.0,-1.0,-1.0,-1.0,-1.5,-2.5,-3.5,-5.0,-7.0,-9.0,-11.0,-13.0,-15.5,-17.5,-19.0,-20.5,-21.5,-22.0,-21.5,-21.0,-20.5,-19.5,-18.0,-16.5,-14.0,-11.0,-7.0,-2.5,3.0,8.5,15.0,22.0,29.0,36.0,42.5,48.5,54.5,60.0,65.5,69.5,72.5,74.5,75.5,75.0,74.5,73.5,71.5,69.5,67.0,64.0,60.5,57.0,53.5,49.5,45.0,40.5,36.0,31.5,27.0,23.0,19.0,15.5,12.5,9.0,6.5,4.0,2.0,1.0,0.0,-0.5,-0.5,-0.5,-1.0,-1.5,-1.5,-2.0,-2.0,-2.5,-2.5,-3.0,-4.0,-4.5,-4.5,-5.0,-5.5,-6.0,-6.0,-6.5,-7.0,-7.0,-7.0,-7.0,-6.5,-6.5,-6.0,-5.5,-5.0,-5.0,-4.5,-4.5,-4.5,-4.5,-4.5,-4.5,-4.5,-4.5,-4.5,-5.0,-5.5,-6.0,-6.5,-7.0,-7.0,-7.0,-6.5,-6.0,-5.5,-5.0,-4.5,-4.5,-4.0,-4.0,-4.5,-4.5,-5.0,-5.5,-6.0,-6.5,-7.0,-7.5,-7.5,-7.5,-7.0,-6.5,-6.5,-6.0,-6.0,-6.0,-5.5,-5.5,-5.5,-5.0,-5.0,-5.0,-5.5,-5.5,-6.0,-6.5,-7.5,-8.0,-9.0,-9.5,-10.0,-10.0,-9.5,-9.0,-8.5,-8.0,-7.5,-7.5,-7.5,-7.5,-7.5,-8.0,-8.0,-8.0,-8.0,-8.0,-8.0,-8.0,-8.0,-7.5,-7.5,-7.5,-7.5,-7.5,-7.5,-7.0,-7.0,-7.0,-6.5,-6.5,-6.5,-6.5,-6.5,-7.0,-7.0,-8.0,-8.5,-9.5,-10.5,-11.5,-12.5,-13.0,-13.5,-13.5,-13.5,-13.0,-12.0,-11.0,-10.0,-9.0,-7.5,-6.5,-5.5,-4.5,-4.5,-4.0,-4.5,-5.0,-5.5,-6.0,-6.5,-6.5,-7.0,-7.0,-7.0,-7.0,-7.0,-7.0,-7.0,-7.0,-7.5,-7.5,-8.0,-8.0,-8.5,-9.0,-9.5,-10.0,-10.0,-10.0,-10.0,-9.5,-9.5,-9.0,-8.0,-7.5,-7.0,-6.5,-6.5,-6.5,-7.0,-7.0,-8.0,-8.5,-9.0,-9.5,-10.0,-10.0,-10.0,-10.0,-10.0,-9.5,-9.0,-8.5,-8.0,-7.5,-7.5,-7.0,-7.0,-6.5,-6.5,-6.0,-6.0,0.0,0.0
60.5,60.5,60.5,60.5,60.5,61.0,61.0,61.5,62.0,62.5,62.5,62.5,62.5,62.5,62.5,62.0,62.0,61.5,61.0,61.0,60.5,60.5,60.5,60.5,61.0,61.0,61.5,62.0,62.0,62.0,62.0,62.0,62.0,62.0,62.0,61.5,61.5,61.0,61.0,60.5,61.0,61.0,61.0,61.5,62.0,62.0,62.0,62.0,62.5,62.5,62.5,62.0,62.0,62.0,61.5,61.0,60.5,60.0,59.5,59.5,59.5,60.0,60.0,60.5,60.5,61.0,61.0,61.0,60.5,60.5,60.5,60.5,60.5,60.5,60.5,60.0,60.0,59.5,59.5,59.0,59.0,59.0,59.0,59.5,59.5,60.0,60.0,60.5,60.5,61.0,61.0,60.5,60.5,60.0,60.0,59.5,59.0,58.5,58.0,57.5,57.5,57.5,57.0,57.0,57.5,57.5,58.0,58.5,59.0,59.5,59.5,59.5,59.5,59.0,58.0,57.5,57.0,56.5,56.0,56.0,55.5,55.5,55.5,55.5,55.5,56.0,56.5,57.0,57.5,58.0,58.0,58.0,58.0,57.5,57.0,56.5,56.0,56.0,55.5,55.0,55.0,55.5,55.5,56.0,57.0,57.5,58.0,58.5,58.5,59.0,59.0,59.0,59.0,59.0,58.5,58.5,58.5,58.0,58.0,57.5,57.5,58.0,58.0,58.5,58.5,59.0,59.0,59.5,60.0,59.5,59.5,59.0,59.0,58.5,58.5,58.0,58.0,58.0,57.5,57.5,57.5,57.5,57.5,57.5,58.0,58.5,58.5,59.0,59.5,59.5,59.5,59.5,59.5,59.0,58.5,58.0,57.5,57.0,57.0,56.5,56.5,56.5,56.5,57.0,57.5,58.0,58.0,58.5,58.5,58.5,58.5,58.5,58.0,57.5,57.5,57.0,56.5,56.5,56.5,56.5,56.5,56.5,56.5,56.5,57.0,57.5,58.0,58.5,58.5,58.5,58.5,58.5,58.5,58.0,58.0,58.0,57.5,57.5,57.0,57.0,57.0,56.5,56.5,57.0,57.0,57.5,58.0,58.5,58.5,58.5,58.0,58.0,57.5,57.0,56.5,56.0,55.5,55.0,55.0,55.0,55.0,55.0,55.0,55.0,55.5,55.5,56.0,56.0,56.0,56.0,56.0,56.5,56.5,57.0,57.0,56.5,56.5,56.5,56.5,56.5,56.5,56.5,56.5,56.5,56.5,56.5,56.5,56.0,55.5,55.0,54.5,54.0,53.0,52.0,51.5,51.0,51.0,52.0,53.0,54.0,55.5,56.5,58.0,59.0,60.0,60.5,61.0,61.5,61.5,61.5,61.0,61.0,60.5,60.0,59.0,58.5,57.5,56.5,56.0,56.0,0.0,0.0
-14.0,-14.0,-14.0,-13.5,-13.0,-13.0,-12.5,-12.5,-12.0,-11.5,-11.5,-11.0,-11.0,-11.5,-12.0,-12.5,-13.0,-13.0,-13.5,-14.0,-14.0,-14.0,-14.0,-13.5,-13.0,-12.5,-12.0,-12.0,-11.5,-12.0,-12.0,-12.0,-12.0,-12.5,-13.0,-13.0,-13.5,-13.5,-14.0,-14.0,-14.0,-13.5,-13.0,-12.5,-12.0,-11.0,-10.5,-10.0,-10.0,-9.5,-9.5,-9.0,-9.0,-9.5,-9.5,-9.5,-10.0,-10.0,-10.5,-11.0,-11.5,-11.5,-12.0,-12.0,-12.0,-11.5,-11.0,-10.5,-10.5,-10.0,-9.5,-9.5,-10.0,-10.0,-10.5,-11.0,-11.5,-11.5,-12.0,-12.0,-12.0,-12.0,-12.0,-11.5,-11.0,-10.5,-10.5,-10.0,-10.0,-10.0,-10.0,-10.0,-10.0,-10.0,-10.0,-10.5,-10.5,-10.5,-10.5,-10.5,-10.0,-10.0,-10.0,-9.5,-9.0,-9.0,-8.5,-8.0,-8.0,-8.0,-8.0,-8.5,-8.5,-9.0,-9.0,-9.0,-9.5,-9.5,-9.5,-10.0,-10.0,-10.0,-9.5,-9.5,-9.0,-8.5,-8.0,-8.0,-8.0,-8.0,-7.5,-7.5,-7.5,-7.5,-8.0,-8.0,-8.0,-8.0,-8.0,-8.0,-8.0,-8.0,-7.5,-7.5,-7.0,-6.5,-6.0,-6.0,-5.5,-5.5,-5.5,-5.5,-5.5,-5.5,-6.0,-6.0,-6.5,-6.5,-6.5,-6.5,-6.5,-6.5,-6.0,-6.0,-5.5,-5.5,-5.0,-5.0,-4.5,-4.5,-4.5,-5.0,-5.0,-5.5,-6.0,-6.0,-6.5,-6.5,-7.0,-7.0,-7.0,-6.5,-6.5,-6.0,-5.5,-5.5,-5.0,-4.5,-4.5,-4.5,-4.5,-4.5,-4.5,-5.0,-5.0,-5.5,-5.5,-6.0,-6.0,-6.0,-6.0,-5.5,-5.0,-5.0,-5.0,-4.5,-4.5,-4.0,-4.0,-4.0,-4.0,-4.0,-4.5,-4.5,-5.0,-5.0,-5.5,-5.5,-6.0,-6.0,-6.0,-6.0,-6.0,-5.5,-5.0,-5.0,-4.5,-4.0,-3.5,-3.0,-3.0,-3.0,-3.0,-3.5,-4.0,-4.5,-5.0,-5.0,-5.5,-5.5,-5.0,-5.0,-4.5,-4.0,-3.5,-3.0,-2.5,-2.5,-2.0,-2.0,-2.0,-2.0,-2.5,-3.0,-3.0,-3.5,-4.0,-4.0,-4.5,-4.5,-4.5,-4.5,-4.5,-4.0,-3.5,-2.5,-2.0,-1.0,-0.5,-0.5,0.0,-0.5,-0.5,-1.0,-1.5,-1.5,-2.0,-2.5,-2.5,-2.5,-3.0,-3.0,-3.0,-3.0,-3.0,-2.5,-2.5,-2.0,-2.0,-1.5,-1.5,-2.0,-2.0,-2.5,-3.0,-3.5,-4.5,-5.0,-5.5,-6.0,-6.0,-6.0,-5.5,-5.5,-5.0,-5.0,-4.5,-4.0,-3.5,-3.5,-3.5,-3.0,-3.5,-3.5,-4.0,-4.5,-5.0,-5.5,-6.0,-6.5,0.0,0.0
68.5,68.5,69.0,69.0,69.5,69.5,70.0,71.0,71.5,71.5,72.0,72.0,72.0,71.5,71.5,71.0,71.0,70.5,70.0,69.5,69.5,69.5,70.0,71.0,72.0,72.5,73.0,73.5,74.0,74.0,74.0,74.5,74.0,74.0,73.5,73.0,72.5,72.5,72.0,72.0,71.5,71.5,72.0,72.0,72.5,72.5,72.5,72.5,72.5,72.5,73.0,73.0,73.0,73.0,73.0,73.0,72.5,72.0,71.5,71.5,71.5,71.5,72.0,72.5,73.0,73.5,74.5,75.0,75.5,76.0,76.0,76.0,75.5,75.0,74.5,73.5,73.0,73.0,73.0,73.0,73.0,73.5,73.5,73.5,74.0,74.5,74.5,75.0,75.5,75.5,75.5,75.5,75.0,75.0,75.0,74.5,74.5,74.0,74.0,73.5,73.5,73.5,73.5,74.0,74.0,74.5,74.5,74.5,74.5,74.5,75.0,75.0,75.0,75.0,74.5,74.5,74.0,74.0,73.5,73.5,73.5,74.0,74.0,75.0,75.5,76.0,76.5,77.0,77.5,77.5,77.5,77.0,76.5,76.0,76.0,75.5,75.5,75.0,75.0,75.0,74.5,74.5,74.5,74.5,74.5,74.5,75.0,75.0,75.0,75.0,75.0,74.5,74.0,73.5,73.0,73.0,72.5,72.5,72.5,72.5,72.5,72.5,72.5,73.0,74.0,75.0,76.0,77.0,78.0,78.5,78.5,78.0,78.0,77.5,77.0,77.0,76.5,76.0,75.0,74.5,74.0,74.0,74.0,74.0,74.5,74.5,74.5,74.5,74.5,74.5,74.0,74.0,73.5,73.0,72.5,72.0,72.0,71.5,71.5,71.5,71.5,72.0,72.0,72.5,73.0,73.5,74.5,74.5,75.0,75.0,74.5,74.5,74.0,73.5,73.5,73.5,73.5,73.5,73.5,73.5,73.5,73.5,74.0,74.5,75.0,75.5,75.5,76.0,76.0,75.5,75.5,75.5,75.0,74.5,74.0,73.5,73.0,72.5,72.5,72.0,72.0,72.0,71.5,71.0,70.5,69.5,68.5,67.0,65.5,64.0,62.0,59.5,57.5,55.5,54.0,52.5,52.0,51.5,51.5,52.0,53.5,55.5,59.0,63.0,68.0,73.5,80.0,87.0,94.5,102.0,109.0,115.0,120.5,126.0,131.0,135.5,140.0,143.0,145.5,147.0,147.5,147.5,147.5,147.0,145.5,143.5,140.0,136.0,131.0,125.5,120.0,115.0,109.5,104.5,100.0,96.5,93.0,90.0,87.0,84.5,82.0,79.5,78.0,76.5,75.5,75.0,74.5,74.5,74.0,73.5,72.5,71.5,70.5,69.0,68.0,67.0,66.0,65.0,64.0,63.5,0.0,0.0
18.5,18.5,18.5,18.5,18.0,18.0,18.0,17.5,17.5,17.5,17.5,17.5,17.5,17.5,17.5,18.0,18.0,18.5,19.0,19.0,19.0,19.0,19.0,18.5,18.5,18.5,18.5,18.5,18.5,18.5,18.0,18.0,17.5,17.5,17.5,17.5,17.0,17.0,17.0,17.0,17.0,17.0,17.0,17.0,17.0,17.0,17.0,17.0,16.5,16.5,16.0,16.0,15.5,15.5,15.5,16.0,16.5,16.5,17.0,17.5,17.5,18.0,18.0,18.0,18.0,18.0,17.5,17.0,17.0,16.5,16.5,16.0,15.5,15.5,15.0,15.0,15.5,15.5,16.0,16.0,16.5,16.5,17.0,17.0,17.0,16.5,16.5,16.0,16.0,15.5,15.5,15.0,15.0,14.5,15.0,15.0,15.5,16.0,16.5,17.0,17.5,18.0,18.5,18.5,18.5,18.5,18.0,17.5,17.0,16.5,16.0,16.0,16.0,16.0,16.0,16.0,16.0,16.5,16.5,17.0,17.0,17.5,18.0,18.5,18.5,18.5,18.0,17.5,17.0,16.5,16.0,15.5,15.0,15.0,15.0,15.5,16.0,16.0,16.0,16.0,16.0,16.0,16.0,16.5,16.5,16.0,16.0,15.5,15.0,14.5,14.0,13.5,14.0,14.0,14.0,14.5,14.5,14.5,14.5,14.5,14.5,14.5,14.0,14.0,13.5,13.5,13.0,12.5,12.0,11.5,11.0,11.0,11.0,11.0,11.0,11.5,12.0,12.5,13.0,14.0,14.5,15.0,15.5,16.0,16.0,15.5,15.0,14.5,14.0,13.5,13.0,12.5,12.5,12.5,12.5,13.0,13.0,13.5,14.0,14.5,14.5,15.0,15.0,15.0,15.0,15.0,14.5,14.0,14.0,14.0,14.0,14.0,14.0,14.5,14.5,14.5,15.0,15.5,16.0,16.0,16.5,16.5,17.0,17.0,17.0,16.5,16.5,16.0,16.0,15.5,15.0,14.5,14.5,14.5,14.0,14.0,14.0,14.0,14.5,14.5,15.0,15.5,15.5,16.0,16.0,16.0,15.5,15.5,15.0,15.0,15.0,15.0,15.0,15.0,15.0,15.0,15.5,16.0,16.5,17.0,17.0,17.0,17.5,17.5,17.5,17.0,16.5,16.0,15.5,15.0,14.5,14.0,13.5,13.5,13.5,13.5,13.5,13.5,13.5,13.5,13.5,13.5,14.0,14.0,14.0,14.0,14.0,13.5,13.0,13.0,12.5,12.5,12.5,12.5,13.0,13.5,14.0,14.5,14.5,15.0,15.0,15.0,15.5,15.5,15.0,14.5,14.0,13.5,13.0,12.5,12.0,11.0,10.5,10.0,9.5,9.0,9.0,9.0,9.5,10.5,0.0,0.0
81.5,81.5,81.5,81.5,81.0,80.0,79.5,79.0,78.5,77.5,77.0,76.5,76.0,76.0,76.5,77.5,78.5,80.0,81.5,83.0,84.0,85.5,86.0,86.0,85.5,85.0,84.5,83.5,83.0,83.0,82.5,82.0,82.0,82.0,82.0,82.0,82.0,82.5,82.5,83.0,83.0,82.5,82.5,82.0,81.5,81.0,80.5,80.0,79.5,79.0,78.5,78.5,78.0,78.0,78.0,78.0,78.0,78.0,78.0,78.5,78.5,79.0,79.0,79.0,79.0,78.5,78.5,78.0,77.5,77.5,77.0,77.0,77.5,77.5,77.5,78.0,78.0,78.0,78.0,78.0,78.0,78.0,78.0,77.5,77.0,76.5,75.5,74.0,72.0,69.5,67.0,65.0,62.5,60.5,59.0,58.0,57.0,57.0,57.0,57.5,58.0,59.5,61.5,64.5,68.0,72.5,77.0,82.5,88.5,94.5,101.5,108.0,114.5,121.0,127.0,133.0,138.5,143.5,148.0,151.5,153.5,155.0,155.0,155.0,154.5,153.5,151.5,148.5,144.5,140.5,135.5,131.0,126.5,122.0,117.5,113.0,108.5,104.5,100.5,97.0,93.0,90.0,86.5,83.5,81.0,79.0,77.0,76.0,75.5,75.0,75.0,75.0,75.5,75.5,75.5,76.0,76.0,76.5,76.5,76.5,76.5,76.0,75.5,75.0,74.0,73.5,73.0,72.5,72.0,71.5,71.0,70.5,70.5,70.5,70.5,71.0,71.0,71.0,71.5,71.5,71.0,71.0,71.0,71.0,71.0,71.0,71.0,71.0,71.0,71.0,71.0,71.0,71.0,71.5,71.5,72.0,72.0,72.5,72.5,72.5,73.0,73.0,73.0,73.5,73.5,73.5,73.0,72.5,72.0,71.5,71.0,70.5,70.0,70.0,70.0,70.5,71.0,71.5,72.0,72.5,72.5,72.0,72.0,71.5,71.5,71.0,70.5,70.5,70.0,70.0,70.0,70.0,70.0,70.5,70.5,70.5,70.5,70.5,71.0,71.5,72.0,72.5,72.5,72.0,72.0,71.5,71.0,70.5,69.5,69.0,69.0,69.0,69.0,69.0,69.0,69.5,70.0,70.5,70.5,71.0,71.0,71.5,71.5,71.5,71.0,70.5,70.0,69.5,69.5,69.0,68.5,68.0,68.0,68.5,68.5,69.0,70.0,70.5,71.0,71.5,71.5,72.0,72.0,72.0,71.5,71.0,70.0,69.0,68.5,68.0,67.5,67.5,67.5,68.0,68.5,69.0,69.5,70.0,70.0,70.5,70.5,70.5,70.0,70.0,69.5,69.5,69.0,68.5,68.0,68.0,67.5,67.5,67.5,68.0,68.5,69.0,69.5,69.5,70.0,70.0,0.0,0.0
29.5,30.0,30.5,30.5,30.5,30.0,30.0,29.5,29.0,28.5,28.0,27.0,26.5,26.0,25.5,25.0,24.5,24.0,23.5,23.5,23.5,23.5,24.0,25.0,26.0,26.5,27.0,27.5,27.5,28.0,28.0,28.5,29.0,29.0,29.0,29.0,29.0,28.5,28.0,27.5,27.0,26.5,26.5,26.0,25.5,25.0,24.5,24.0,23.5,23.5,23.5,23.5,23.5,23.5,23.5,23.5,24.0,24.0,24.0,24.0,24.0,24.0,23.5,23.5,23.5,23.0,22.5,22.0,21.5,21.5,21.0,21.0,21.0,21.0,20.5,21.0,21.0,21.5,21.5,22.0,22.0,22.5,22.5,22.0,21.5,20.5,19.5,18.5,18.0,18.0,17.5,17.5,17.5,17.5,18.0,18.5,19.5,20.5,21.0,21.5,22.0,22.5,22.0,22.0,21.5,21.0,21.0,20.5,20.5,20.5,20.0,20.0,20.0,20.0,19.5,19.5,19.5,19.5,19.5,20.0,20.0,20.0,19.5,19.5,19.0,18.5,18.5,18.0,18.0,18.0,18.0,18.0,18.5,18.5,19.0,19.0,19.5,19.5,19.5,19.5,19.5,19.5,19.5,19.5,19.5,19.0,19.0,18.5,18.5,18.0,18.0,17.5,17.0,17.0,17.0,17.0,17.5,17.5,18.0,18.0,18.0,17.5,17.5,17.0,17.0,17.0,16.5,16.5,16.0,16.0,16.0,16.0,16.5,16.5,17.0,17.0,17.0,17.0,17.0,17.0,17.0,17.0,16.5,16.0,15.5,14.5,13.5,12.0,10.5,8.5,6.5,4.5,2.0,0.0,-1.5,-2.5,-3.5,-4.0,-4.0,-3.5,-3.0,-2.0,0.0,3.0,6.0,10.0,14.5,20.0,26.0,32.5,39.0,45.5,51.5,57.0,63.0,68.5,74.0,79.5,83.5,87.0,89.5,90.5,91.0,91.0,90.5,89.0,87.5,85.0,82.0,78.0,73.5,69.0,64.0,59.0,54.0,49.5,45.0,41.0,37.0,33.5,30.0,27.0,24.0,21.5,19.0,17.5,16.5,15.5,15.0,14.5,14.0,13.5,13.5,13.5,13.5,13.5,14.0,14.5,15.0,15.0,15.5,15.0,15.0,14.5,14.0,13.5,13.0,12.5,11.5,11.0,10.0,9.5,9.5,9.5,10.0,10.5,11.0,11.5,11.5,12.0,12.0,12.0,11.5,11.5,11.0,10.5,9.5,9.0,8.5,8.5,8.5,8.5,9.0,9.5,9.5,10.0,10.0,10.5,10.5,10.5,10.5,10.5,10.0,10.0,9.5,9.0,8.5,8.0,7.5,7.5,7.0,7.0,6.5,6.0,6.0,6.0,6.0,6.0,6.0,6.0,0.0,0.0
73.5,73.5,74.0,74.0,74.5,74.0,74.0,73.5,73.5,73.5,73.0,73.0,72.5,72.5,72.5,72.0,72.0,71.5,71.5,71.5,71.5,72.0,72.5,72.5,73.0,73.0,73.0,73.0,73.0,72.5,72.5,72.0,72.0,72.0,72.0,72.0,72.0,72.5,73.0,73.0,73.5,74.0,74.0,74.0,74.5,74.5,74.5,74.5,74.5,74.0,74.0,74.0,74.0,74.0,74.5,74.5,75.0,75.5,75.5,76.0,76.5,76.5,77.0,77.5,78.0,78.0,78.0,78.0,78.0,77.5,77.5,77.0,76.5,76.5,76.0,75.5,75.0,75.0,75.0,75.0,75.5,76.0,76.5,76.5,77.0,77.0,77.0,76.5,76.5,76.0,75.5,75.0,75.0,74.5,74.5,74.5,74.5,75.0,75.0,75.5,75.5,76.0,76.5,77.0,77.0,77.0,76.5,76.5,76.5,76.5,76.0,76.0,76.0,75.5,75.5,75.5,75.5,75.5,75.5,75.5,76.0,76.0,76.5,77.0,77.0,77.5,77.5,77.0,77.0,76.5,76.0,76.0,75.5,75.5,75.5,75.0,75.0,75.5,76.0,76.5,77.0,77.5,78.0,78.5,78.5,78.5,78.5,78.5,78.5,78.5,78.0,78.0,78.0,77.5,77.5,77.0,77.0,77.0,77.0,77.0,77.5,77.5,78.0,78.0,78.5,78.5,78.5,78.5,78.5,78.5,78.0,77.5,77.5,77.0,77.0,76.5,76.5,76.5,76.5,77.0,77.0,77.5,77.5,78.0,78.0,78.5,79.0,79.0,78.5,78.5,78.0,78.0,77.5,77.5,77.0,77.0,77.0,77.0,77.0,77.0,77.5,77.5,77.5,77.5,77.5,77.5,77.5,77.5,77.5,77.0,76.5,76.5,76.0,76.0,75.5,75.5,75.5,75.5,75.5,75.5,75.5,76.0,76.0,76.5,77.0,77.5,77.5,78.0,78.0,77.5,77.5,77.0,77.0,76.5,76.5,76.0,76.5,76.5,77.0,77.5,77.5,78.0,78.5,78.5,78.5,78.5,78.5,78.0,77.5,76.5,75.5,74.5,73.5,72.5,71.5,70.5,70.0,69.5,69.5,70.0,71.0,72.0,73.5,75.0,76.5,77.5,78.5,79.0,79.0,79.0,79.0,79.0,79.0,79.0,78.5,78.0,77.5,77.0,76.5,76.5,76.5,76.5,76.5,76.5,76.5,76.5,76.5,76.5,76.0,76.0,75.5,75.0,75.0,74.5,74.5,74.5,74.5,74.5,75.0,75.0,75.5,76.0,76.0,76.5,76.5,76.5,76.5,76.0,75.5,75.0,75.0,74.5,74.0,73.5,73.5,73.5,73.5,73.5,74.0,74.0,0.0,0.0
25.0,24.0,23.0,23.0,23.0,23.0,23.5,25.0,26.5,29.0,32.0,35.5,40.0,45.0,50.5,57.0,63.5,70.0,76.5,83.0,89.5,96.0,102.5,109.0,115.0,120.0,123.5,126.0,127.5,128.5,128.5,128.0,126.0,123.0,119.0,114.0,109.0,103.5,97.5,92.0,86.5,81.0,76.5,72.0,67.5,63.5,60.0,57.0,54.0,51.5,49.0,47.5,46.0,45.0,44.0,43.0,42.0,41.5,41.0,41.0,41.0,41.0,41.0,41.0,41.5,41.5,42.0,42.0,42.0,42.5,42.5,42.0,41.5,41.5,41.0,40.5,40.5,40.0,40.0,39.5,39.5,39.5,40.0,40.0,40.5,40.5,40.5,40.5,40.5,40.5,40.5,40.0,40.0,40.0,39.5,39.5,39.5,39.0,39.0,38.5,38.5,38.5,38.5,39.0,39.0,39.5,40.0,40.5,41.0,41.5,42.0,42.0,42.0,42.0,41.5,41.5,41.0,41.0,40.5,40.5,40.5,40.5,41.0,41.0,41.5,42.0,42.0,42.0,42.5,42.5,42.5,42.0,42.0,41.5,41.5,41.0,40.5,40.5,40.0,39.5,39.5,39.5,40.0,40.5,41.0,41.0,41.5,41.5,41.5,42.0,42.0,41.5,41.5,41.5,41.5,41.0,40.5,40.5,40.0,40.0,40.0,40.0,40.0,40.5,41.0,41.0,41.5,42.0,42.0,42.0,42.0,41.5,41.0,41.0,40.5,40.0,40.0,40.0,40.0,40.0,40.0,40.5,40.5,41.0,41.5,42.0,42.5,43.0,43.0,43.5,43.5,43.0,43.0,42.5,42.0,41.5,41.5,41.0,41.0,41.0,41.0,41.5,41.5,42.0,42.5,42.5,43.0,43.0,43.0,43.0,42.5,42.5,42.0,41.5,41.0,40.5,40.5,40.5,40.0,40.0,40.0,40.0,40.0,40.0,40.0,40.0,40.0,40.5,40.5,40.5,40.5,40.0,40.0,39.5,39.5,39.5,39.0,39.0,39.0,39.0,39.5,40.0,40.0,40.5,41.0,41.5,42.0,42.0,42.5,42.5,43.0,43.0,42.5,42.0,41.5,41.0,41.0,40.5,40.5,40.5,40.5,40.5,41.0,41.0,41.5,41.5,42.0,42.0,42.5,42.5,42.5,42.5,42.5,42.0,42.0,41.5,41.0,40.5,40.5,40.0,40.5,40.5,41.0,41.0,41.5,42.0,42.5,42.5,43.0,43.0,43.0,43.0,43.0,42.5,42.0,41.5,41.5,41.0,41.0,41.5,41.5,42.0,42.5,43.0,43.5,44.0,44.0,44.5,44.5,44.5,44.5,44.5,44.0,43.5,43.5,43.0,43.0,43.0,43.0,43.0,0.0,0.0
25.0,25.0,25.5,25.5,26.0,26.5,27.0,27.0,27.5,27.5,27.5,28.0,28.0,28.0,27.5,27.0,26.5,26.0,25.5,25.0,25.5,25.5,26.0,27.0,27.5,28.0,28.0,28.0,28.0,27.5,27.5,27.0,27.0,26.5,26.0,25.5,25.0,25.0,24.5,24.5,24.0,24.0,24.0,24.5,24.5,25.0,25.0,25.5,25.5,25.5,25.5,25.5,25.0,24.5,24.5,24.0,24.0,24.0,24.0,24.0,24.0,24.0,24.5,24.5,25.0,25.0,25.0,25.5,25.5,25.5,25.5,25.5,25.5,25.5,25.0,25.0,25.0,24.5,24.0,24.0,24.0,24.0,24.5,24.5,25.0,25.5,26.0,26.5,26.5,27.0,27.0,27.0,26.5,26.5,26.0,25.5,25.0,25.0,25.0,24.5,24.5,25.0,25.5,26.0,26.5,27.0,27.0,27.5,27.5,27.5,27.0,26.5,26.0,26.0,25.5,25.0,24.5,24.5,24.0,24.0,24.0,24.5,24.5,25.0,25.5,25.5,26.0,26.0,26.5,26.5,26.5,26.5,26.5,26.5,26.5,26.0,26.0,25.5,25.5,25.5,25.5,26.0,26.0,26.0,26.0,26.5,26.5,27.0,27.0,27.0,27.0,27.0,26.5,26.0,26.0,25.5,25.5,25.0,25.0,24.5,24.5,24.5,24.5,24.5,24.5,25.0,25.5,25.5,25.5,26.0,26.0,26.0,25.5,25.5,25.0,25.0,24.5,24.5,24.5,24.5,25.0,25.5,26.0,26.0,26.5,27.0,27.5,27.5,28.0,28.0,28.0,28.0,27.5,27.5,27.0,26.5,26.5,26.5,26.5,26.5,26.0,26.5,26.5,27.0,27.0,27.5,28.0,28.0,28.5,28.5,28.5,28.0,28.0,27.5,27.0,26.5,26.5,26.0,26.0,26.0,26.0,26.5,27.0,27.0,27.5,27.5,27.5,28.0,28.0,28.0,28.0,27.5,27.5,27.0,26.5,26.0,26.0,25.5,25.5,25.5,26.0,26.0,26.5,27.0,27.5,28.0,28.0,28.5,28.5,28.5,28.5,28.5,28.0,28.0,27.5,27.5,27.0,27.0,26.5,26.5,26.5,26.5,26.5,26.5,27.0,27.0,27.5,27.5,28.0,28.0,28.0,27.5,27.5,27.0,26.5,26.5,26.0,25.5,25.5,25.0,25.0,25.5,26.0,26.5,27.0,27.5,27.5,27.5,27.5,27.5,27.0,27.0,26.5,26.0,26.0,26.0,26.0,26.0,26.0,25.5,25.5,25.5,25.5,25.5,25.5,25.5,25.5,25.5,25.5,25.5,25.5,25.5,25.5,25.5,25.0,24.5,24.5,24.0,24.0,24.0,0.0,0.0
34.0,34.0,33.5,33.5,33.0,32.5,32.5,32.5,32.0,32.0,32.5,32.5,32.5,32.5,32.5,32.5,33.0,33.5,34.0,34.0,34.0,34.0,33.5,33.5,33.0,32.5,32.0,31.5,31.0,31.0,30.5,30.0,29.5,29.5,29.5,30.0,30.0,30.5,31.0,31.5,31.5,32.0,32.0,31.5,31.0,31.0,30.5,30.5,30.0,30.0,29.5,29.5,29.5,29.5,29.5,30.0,30.0,30.5,31.0,31.5,31.5,32.0,32.0,31.5,31.5,31.0,30.5,29.5,29.0,28.5,28.0,28.0,28.0,28.5,28.5,29.0,29.5,30.0,30.0,30.5,30.5,31.0,31.0,31.0,31.0,30.5,30.5,30.0,30.0,29.5,29.0,29.0,29.0,29.5,30.0,30.5,31.0,31.5,32.0,32.5,32.5,33.0,33.0,33.0,32.5,32.5,32.5,32.0,32.0,32.0,32.0,32.0,32.0,32.5,32.5,33.0,33.5,34.0,34.5,34.5,35.0,35.0,34.5,34.5,34.0,33.5,33.0,32.5,32.0,31.5,31.5,31.5,31.5,31.5,32.0,32.5,32.5,33.0,33.5,34.0,34.0,34.0,34.0,34.0,33.5,33.5,33.0,33.0,32.5,32.0,32.0,32.0,32.0,32.0,32.5,32.5,33.0,33.0,33.5,34.0,34.0,34.5,34.5,34.5,34.5,34.5,34.0,34.0,33.5,33.5,33.0,33.0,33.0,33.5,33.5,34.0,34.5,34.5,35.0,35.5,35.5,35.5,35.5,35.0,35.0,34.5,34.0,34.0,34.0,34.0,34.0,34.0,34.0,34.0,34.5,34.5,35.0,35.5,36.0,36.5,36.5,36.5,36.5,36.5,36.0,36.0,36.0,35.5,35.0,35.0,34.5,34.5,34.5,35.0,35.0,35.5,35.5,36.0,36.5,37.0,37.0,37.0,37.0,36.5,36.5,36.0,35.5,35.0,35.0,34.5,34.5,34.5,34.5,34.5,35.0,35.5,35.5,36.0,36.5,36.5,37.0,37.5,37.5,37.5,37.5,37.0,36.5,35.5,35.0,34.5,34.5,34.5,34.5,35.0,35.5,35.5,36.0,36.5,37.0,37.0,37.5,38.0,38.5,38.5,38.5,38.5,38.5,38.0,38.0,38.0,37.5,37.5,37.5,37.5,37.0,37.0,37.5,37.5,37.5,37.5,37.5,38.0,38.0,38.0,37.5,37.5,37.0,37.0,37.0,36.5,36.5,36.5,36.5,37.0,37.0,37.5,38.5,39.0,39.0,39.5,39.5,39.5,39.5,39.5,39.0,38.5,38.0,37.5,37.5,37.0,37.0,37.0,37.0,37.0,37.5,38.0,38.5,39.0,39.0,39.0,0.0,0.0
94.0,94.0,93.5,93.5,93.0,92.5,92.0,92.0,91.5,91.5,91.5,91.5,91.5,92.0,92.0,92.5,93.0,93.0,93.5,93.5,93.5,93.5,93.0,93.0,92.5,92.5,92.5,92.5,92.0,92.0,92.0,92.0,92.5,92.5,93.0,93.5,93.5,93.0,92.5,91.5,90.5,89.5,88.5,88.0,87.0,86.0,86.0,86.0,86.5,87.5,89.0,90.5,92.0,93.5,95.0,96.0,97.0,97.5,98.0,98.0,98.0,98.0,98.0,97.5,97.5,97.5,97.0,96.5,96.0,95.5,95.0,95.0,95.0,95.0,95.0,95.5,95.5,95.5,96.0,96.0,96.5,96.5,96.0,96.0,96.0,95.5,95.5,95.0,94.5,94.5,94.5,94.5,95.0,95.5,96.0,96.5,96.5,97.0,97.0,97.0,97.0,96.5,96.5,96.0,96.0,95.5,95.5,95.0,95.0,95.0,95.0,95.0,95.5,96.0,96.5,97.0,97.5,98.0,98.5,98.5,98.5,98.5,98.5,98.5,98.0,97.5,97.0,97.0,96.5,96.5,96.5,96.5,96.5,96.5,97.0,97.0,97.5,97.5,97.5,97.5,97.0,96.5,95.0,93.5,91.5,89.0,86.0,83.5,81.0,79.0,78.0,77.0,77.0,77.0,77.5,78.0,79.5,81.0,83.0,86.5,90.5,95.0,101.0,107.0,113.5,120.5,127.5,134.0,140.0,146.0,152.5,159.0,165.5,171.5,176.5,180.5,183.0,185.0,186.0,186.5,186.0,184.0,181.0,176.5,172.0,166.5,161.0,155.5,149.5,144.0,138.5,133.5,128.5,124.0,120.0,116.5,113.5,111.0,109.0,107.0,105.5,104.5,103.5,102.5,102.0,101.5,101.0,100.5,100.0,99.5,99.0,99.0,98.5,99.0,99.0,99.0,99.5,100.0,100.0,100.0,100.0,100.0,99.5,99.0,98.5,98.0,97.5,97.0,97.0,97.0,97.0,97.0,97.0,97.0,97.0,97.5,98.0,98.0,98.0,98.5,99.0,99.0,99.0,99.0,98.5,98.0,97.5,97.0,96.5,96.5,96.5,97.0,97.0,97.0,97.5,98.0,98.0,98.5,98.5,99.0,99.0,98.5,98.5,98.0,97.5,97.0,96.5,96.5,96.0,96.5,96.5,97.0,97.0,97.5,97.5,98.0,98.0,98.5,98.5,98.5,98.5,98.5,98.0,98.0,97.5,97.5,97.0,97.0,96.5,96.5,96.5,96.5,96.5,96.5,97.0,97.5,97.5,98.0,98.5,98.5,99.0,99.0,99.0,99.0,98.5,98.0,98.0,97.5,97.5,97.5,97.0,97.0,97.0,97.5,98.0,98.0,98.5,99.0,99.0,99.0,0.0,0.0
39.0,39.5,40.0,40.5,40.5,40.5,40.0,38.5,37.0,35.0,32.5,30.0,27.5,25.0,23.5,22.0,21.0,20.5,20.5,21.0,22.0,23.5,25.5,28.0,31.0,35.5,40.0,45.5,51.0,57.5,64.5,71.0,77.5,83.5,89.5,96.0,102.0,108.0,113.5,118.0,121.5,124.0,125.5,126.5,126.5,126.0,124.0,121.0,117.0,112.5,107.0,102.0,96.5,90.5,85.0,79.5,74.0,69.5,65.5,61.5,58.0,54.5,52.0,49.5,47.5,46.0,45.0,44.0,43.0,42.5,42.0,41.0,40.5,40.0,39.5,39.0,39.0,39.0,38.5,38.5,38.5,38.5,38.5,38.5,38.0,38.0,38.0,38.0,37.5,37.0,37.0,36.5,36.0,35.5,35.5,36.0,36.0,36.5,37.0,37.5,38.0,38.5,38.5,38.5,38.5,38.5,38.5,38.5,38.5,38.0,38.0,37.5,37.0,36.5,36.5,36.0,36.0,36.5,36.5,36.5,36.5,37.0,37.0,37.5,37.5,38.0,38.0,38.0,38.0,37.5,37.5,37.0,37.0,36.5,36.5,36.5,36.5,37.0,37.0,37.5,37.5,38.0,38.5,38.5,39.0,39.0,39.0,39.0,38.5,38.0,37.0,36.5,36.0,35.5,35.5,35.5,36.0,36.0,36.5,36.5,36.5,37.0,37.0,37.5,37.5,38.0,38.0,38.0,38.0,37.5,37.5,37.0,36.5,36.5,36.0,36.0,36.0,36.5,36.5,37.5,38.0,38.5,38.5,39.0,39.5,39.5,39.5,39.0,39.0,38.5,38.0,37.5,37.0,37.0,37.0,36.5,36.5,36.5,37.0,37.5,38.0,38.0,38.5,38.5,39.0,39.0,38.5,38.5,38.5,38.0,37.5,37.5,37.0,36.5,36.5,36.5,36.5,37.0,37.5,37.5,38.0,38.5,39.0,39.0,39.0,39.0,39.5,39.5,40.0,40.0,39.5,39.5,39.0,38.5,38.0,38.0,38.5,38.5,39.0,39.0,39.5,39.5,40.0,40.0,40.0,40.0,40.0,40.0,40.0,39.5,39.5,39.5,39.0,39.0,39.0,39.0,39.0,39.5,40.0,40.5,41.0,41.0,41.5,42.0,42.5,43.0,43.0,43.5,43.5,43.5,43.0,43.0,42.5,42.5,42.5,42.0,42.5,42.5,42.5,43.0,43.0,43.5,43.5,43.5,43.0,43.0,42.5,42.0,41.5,41.0,40.5,40.0,39.5,39.5,39.0,39.0,39.0,39.0,39.0,39.5,39.5,40.0,40.5,41.0,41.0,41.5,41.5,41.0,41.0,40.5,40.5,40.0,40.0,40.0,39.5,39.5,39.5,40.0,40.0,40.5,0.0,0.0
31.0,31.0,30.5,30.5,30.0,29.5,28.5,28.5,28.0,28.0,28.0,28.0,28.5,29.0,29.5,30.0,30.0,30.5,30.5,31.0,30.5,30.5,30.0,30.0,29.5,29.5,29.5,29.5,29.5,29.5,29.5,30.0,30.0,30.5,30.5,31.0,31.5,31.5,31.5,31.5,31.0,30.5,30.0,29.0,28.5,28.0,27.5,27.5,27.5,27.5,28.0,28.0,28.5,29.5,30.0,31.0,31.0,31.5,31.5,31.5,31.0,30.5,30.5,30.0,30.0,29.5,29.5,29.5,29.5,30.0,30.0,30.0,30.0,30.0,30.5,31.0,31.0,31.5,31.5,31.5,31.5,31.0,30.5,30.5,30.0,29.5,29.0,28.5,28.0,27.5,27.0,27.0,27.0,27.5,28.0,29.0,29.5,30.0,30.0,30.0,29.5,29.5,29.5,29.0,29.0,28.5,28.5,28.5,28.0,28.0,28.0,28.0,28.0,28.5,29.0,30.0,30.5,31.0,31.5,31.5,31.0,31.0,30.5,30.5,30.0,30.0,29.5,29.5,29.5,29.5,30.0,30.0,30.5,31.0,31.5,31.5,32.0,32.5,32.5,32.5,32.0,31.5,31.0,30.0,29.0,28.5,28.0,27.5,27.0,27.0,27.0,27.5,27.5,28.0,28.5,28.5,28.5,28.5,28.5,28.0,27.5,27.0,26.5,26.0,25.5,25.0,24.5,24.5,24.0,24.0,24.0,24.5,24.5,24.5,25.0,25.0,25.0,25.0,25.0,25.0,25.0,25.0,25.0,24.5,24.0,23.5,23.5,23.0,23.0,23.5,23.5,24.0,25.0,25.5,26.5,27.0,27.5,27.5,27.5,27.5,27.0,27.0,26.5,26.0,26.0,25.5,25.0,25.0,25.0,25.5,26.0,26.5,27.0,27.5,27.5,28.0,28.0,28.5,28.5,28.0,27.5,27.0,26.5,25.5,25.5,25.5,25.5,25.5,25.5,25.5,25.5,26.0,26.0,26.0,26.0,26.0,26.0,26.5,27.0,27.0,27.0,26.5,26.0,26.0,25.5,25.5,25.0,25.0,25.0,25.0,25.0,25.5,25.5,26.0,26.0,26.0,26.5,26.5,26.5,26.5,26.5,26.0,25.5,25.0,25.0,24.5,24.5,24.0,24.0,24.0,24.0,24.5,25.0,25.5,25.5,26.0,26.0,26.0,25.5,25.0,24.5,24.0,23.0,22.5,22.0,21.5,20.5,20.0,19.0,18.5,19.0,19.5,21.0,22.5,24.5,26.0,27.5,28.5,29.5,30.5,30.5,30.5,30.0,29.5,28.5,28.0,27.0,26.0,25.0,25.0,24.5,24.5,25.0,25.0,25.0,25.5,25.5,25.5,26.0,26.0,0.0,0.0
64.5,64.5,65.0,65.0,65.5,66.0,66.0,66.0,66.0,66.0,65.5,65.0,64.5,63.5,62.5,62.0,61.5,61.5,61.5,61.5,62.0,62.0,62.5,62.5,62.5,62.5,62.5,62.5,62.5,62.5,62.0,62.0,61.5,61.5,61.5,61.0,60.5,60.5,60.5,60.5,60.5,60.5,61.0,61.0,61.5,62.0,62.5,62.5,62.5,62.5,62.5,62.5,62.0,62.0,61.5,61.0,61.0,60.5,60.5,60.5,60.5,61.0,61.0,61.5,62.0,62.0,62.0,62.0,62.0,62.0,62.0,62.0,61.5,61.5,61.0,61.0,60.5,61.0,61.0,61.0,61.5,62.0,62.0,62.0,62.0,62.5,62.5,62.5,62.0,62.0,62.0,61.5,61.0,60.5,60.0,59.5,59.5,59.5,60.0,60.0,60.5,60.5,61.0,61.0,61.0,60.5,60.5,60.5,60.5,60.5,60.5,60.5,60.0,60.0,59.5,59.5,59.0,59.0,59.0,59.0,59.5,59.5,60.0,60.0,60.5,60.5,61.0,61.0,60.5,60.5,60.0,60.0,59.5,59.0,58.5,58.0,57.5,57.5,57.5,57.0,57.0,57.5,57.5,58.0,58.5,59.0,59.5,59.5,59.5,59.5,59.0,58.0,57.5,57.0,56.5,56.0,56.0,55.5,55.5,55.5,55.5,55.5,56.0,56.5,57.0,57.5,58.0,58.0,58.0,58.0,57.5,57.0,56.5,56.0,56.0,55.5,55.0,55.0,55.5,55.5,56.0,57.0,57.5,58.0,58.5,58.5,59.0,59.0,59.0,59.0,59.0,58.5,58.5,58.5,58.0,58.0,57.5,57.5,58.0,58.0,58.5,58.5,59.0,59.0,59.5,60.0,59.5,59.5,59.0,59.0,58.5,58.5,58.0,58.0,58.0,57.5,57.5,57.5,57.5,57.5,57.5,58.0,58.5,58.5,59.0,59.5,59.5,59.5,59.5,59.5,59.0,58.5,58.0,57.5,57.0,57.0,56.5,56.5,56.5,56.5,57.0,57.5,58.0,58.0,58.5,58.5,58.5,58.5,58.5,58.0,57.5,57.5,57.0,56.5,56.5,56.5,56.5,56.5,56.5,56.5,56.5,57.0,57.5,58.0,58.5,58.5,58.5,58.5,58.5,58.5,58.0,58.0,58.0,57.5,57.5,57.0,57.0,57.0,56.5,56.5,57.0,57.0,57.5,58.0,58.5,58.5,58.5,58.0,58.0,57.5,57.0,56.5,56.0,55.5,55.0,55.0,55.0,55.0,55.0,55.0,55.0,55.5,55.5,56.0,56.0,56.0,56.0,56.0,56.5,56.5,57.0,57.0,56.5,56.5,56.5,56.5,56.5,56.5,56.5,56.5,0.0,0.0
31.5,31.5,32.0,32.5,32.5,33.0,33.0,33.0,33.0,33.0,32.5,32.5,32.0,32.0,31.5,31.0,30.5,30.0,29.5,29.0,28.5,28.5,28.0,28.0,28.0,28.0,28.0,28.5,29.0,29.0,29.0,29.0,29.0,29.0,28.5,28.5,28.0,27.5,27.0,27.0,26.5,26.5,26.5,26.5,27.0,27.5,28.0,28.5,29.0,29.0,29.0,28.5,28.5,28.0,27.5,27.0,26.5,26.0,25.5,25.0,25.0,25.0,25.5,26.0,27.0,27.5,28.0,28.5,29.0,29.0,29.5,29.5,29.0,28.5,28.0,27.5,27.0,26.0,26.0,25.5,26.0,26.0,26.0,26.0,26.0,25.5,25.5,26.0,26.5,27.0,27.5,28.0,28.5,28.5,28.5,28.5,28.0,27.5,27.0,26.5,26.0,25.5,25.5,25.0,25.5,25.5,26.0,26.5,26.5,27.0,27.0,27.0,27.5,27.5,27.0,26.5,26.0,26.0,25.5,25.5,25.5,25.5,25.0,25.0,25.5,25.5,26.0,26.5,26.5,27.0,27.0,27.5,27.5,27.0,27.0,26.5,26.5,26.0,25.5,25.0,24.5,24.0,24.0,24.5,25.0,25.5,26.5,27.5,28.0,28.5,29.0,29.0,29.0,29.0,29.0,29.0,28.5,28.5,28.5,28.5,28.5,28.5,29.0,29.0,29.5,30.0,30.5,31.0,31.5,32.0,32.5,32.5,32.0,32.0,31.5,31.0,30.5,30.0,29.0,28.0,27.5,26.5,26.0,26.0,26.0,26.5,27.0,27.5,27.5,28.0,28.0,28.0,28.0,27.5,27.5,27.0,26.5,26.5,26.0,25.5,25.5,25.0,25.0,25.0,25.5,25.5,26.0,26.5,27.0,27.0,27.5,27.0,27.0,26.5,26.0,25.5,24.5,24.0,23.5,23.0,22.5,22.0,22.0,22.0,22.0,22.5,23.0,23.5,24.0,24.5,25.0,25.0,25.0,24.5,24.5,24.0,23.5,23.0,22.5,22.0,21.5,21.5,21.5,22.0,22.5,23.5,24.0,24.5,25.0,25.5,26.0,26.0,26.0,26.0,26.0,25.5,25.0,25.0,24.5,24.0,24.0,24.0,24.0,24.0,24.5,25.0,25.5,26.0,26.5,26.5,26.5,26.5,26.0,26.0,25.5,25.0,24.5,24.0,23.5,23.5,23.5,23.5,23.5,24.0,24.0,24.0,24.0,24.0,24.5,24.5,24.5,24.5,24.5,24.0,24.0,24.0,24.0,23.5,23.5,23.5,23.0,23.0,23.0,23.0,23.5,24.5,25.0,26.0,26.5,27.0,27.5,27.5,27.5,27.5,27.0,26.5,26.0,25.5,25.0,25.0,0.0,0.0
64.5,64.5,64.5,65.0,64.5,64.5,64.5,64.0,63.5,63.0,63.0,62.5,62.5,63.0,63.0,63.5,64.0,64.5,65.0,65.5,65.5,65.5,65.5,65.0,65.0,64.5,64.0,63.5,63.5,63.5,63.5,63.5,63.5,63.5,63.5,63.5,63.5,64.0,64.0,64.5,64.5,64.5,64.5,64.5,64.0,64.0,63.5,63.0,62.5,62.5,62.5,62.5,62.5,62.5,63.0,63.5,63.5,63.5,63.5,64.0,63.5,63.5,63.5,63.0,63.0,62.5,62.0,62.0,61.5,61.5,61.0,61.0,61.0,61.0,61.0,61.5,61.5,62.0,62.0,62.0,62.5,62.5,62.0,62.0,61.5,61.0,60.5,60.0,59.0,59.0,58.5,58.5,58.5,58.5,58.5,58.5,59.0,59.0,59.0,59.0,59.0,59.0,58.5,58.0,57.5,57.0,56.0,55.5,55.0,55.0,55.0,55.0,55.5,56.0,57.0,57.5,58.5,59.5,60.5,61.0,61.5,62.0,62.0,62.5,62.0,62.0,62.0,61.5,61.0,60.5,60.5,60.0,60.0,60.0,60.0,60.5,61.0,61.5,61.5,61.0,61.0,60.5,60.5,60.0,60.0,59.5,59.5,59.0,59.0,59.0,59.0,59.5,59.5,59.5,60.0,60.0,60.5,60.5,61.0,61.5,62.0,62.0,61.5,61.5,61.0,60.5,60.0,60.0,59.5,59.0,58.5,58.5,58.5,58.5,58.5,59.0,59.0,59.5,60.0,60.0,60.5,61.0,61.0,61.0,61.0,61.0,60.5,60.0,60.0,59.5,59.0,59.0,59.0,59.0,59.0,59.0,59.0,59.0,59.0,59.0,58.5,57.5,56.5,55.0,53.0,51.0,48.5,46.5,44.5,42.5,41.0,40.0,39.5,39.5,40.0,41.0,42.5,45.0,48.0,52.0,56.5,62.0,67.5,74.0,81.0,88.0,94.5,101.0,107.0,112.5,118.0,123.0,128.5,132.5,136.0,138.0,139.0,139.5,139.5,139.0,137.5,135.5,133.0,130.0,126.0,121.5,117.0,112.0,106.5,101.0,95.0,90.0,85.0,80.5,76.5,73.0,70.5,68.0,66.0,64.0,63.0,62.0,61.5,61.0,60.5,60.0,59.5,59.0,59.0,58.5,58.5,58.5,58.5,58.5,58.5,58.5,58.0,57.5,57.5,57.0,56.5,55.5,55.0,54.0,53.5,53.0,53.0,53.0,53.5,54.0,54.5,55.0,55.5,56.5,57.5,58.0,58.5,58.5,58.5,58.0,58.0,57.5,56.5,56.0,55.0,54.0,53.5,52.5,52.0,51.5,51.5,51.5,51.5,51.5,52.0,52.0,52.5,53.0,53.0,53.5,0.0,0.0
47.5,47.5,48.0,48.5,48.5,49.0,49.0,49.0,49.0,49.0,49.0,49.0,48.5,48.5,48.0,48.0,47.5,47.5,48.0,48.0,48.5,49.0,50.0,50.5,51.0,51.5,51.5,51.5,51.5,51.0,50.5,50.0,50.0,50.0,49.5,49.5,49.5,49.5,50.0,50.0,50.5,50.5,51.0,51.5,52.0,52.0,52.0,52.0,52.0,52.0,52.0,52.0,52.0,52.0,52.0,52.0,52.0,52.0,52.0,52.5,52.5,53.0,53.0,53.5,53.5,54.0,54.0,54.0,54.0,54.0,53.5,53.0,52.5,52.0,51.5,51.5,51.5,51.5,52.0,52.5,53.0,53.5,54.0,54.5,54.5,55.0,55.0,55.0,55.0,54.5,54.5,54.5,54.5,54.5,54.0,54.0,54.0,54.5,55.0,55.5,56.0,56.5,56.5,57.0,57.0,57.0,57.0,57.0,57.0,57.0,57.0,56.5,56.5,56.0,55.5,55.5,55.0,55.5,55.5,56.0,56.0,56.0,56.0,56.5,56.5,56.5,56.5,57.0,57.0,56.5,56.5,56.5,56.0,56.0,55.5,55.5,55.5,55.5,56.0,56.5,57.0,58.0,58.5,59.0,59.0,59.5,59.5,59.5,59.5,59.5,59.5,59.5,59.0,58.5,58.0,57.5,57.5,57.0,57.0,57.5,57.5,58.0,59.0,59.5,59.5,60.0,59.5,59.5,59.0,59.0,58.5,58.0,57.5,57.5,57.0,57.0,57.0,57.0,57.0,57.5,58.0,58.0,58.5,58.5,58.5,58.5,58.0,58.0,57.5,57.5,57.0,56.5,56.0,55.5,55.5,55.0,55.0,55.0,55.5,55.5,56.0,56.0,56.0,56.0,55.5,55.5,55.5,55.0,55.0,54.5,54.5,54.5,54.5,54.5,55.0,55.5,56.0,56.5,57.0,58.0,58.5,59.0,59.5,60.0,60.5,61.0,61.5,61.5,61.5,61.5,61.5,61.0,61.0,61.0,61.0,60.5,60.5,60.5,60.5,60.0,60.0,60.0,60.0,60.0,60.5,60.5,60.5,60.5,60.5,60.0,60.0,59.5,59.0,58.5,58.0,58.0,58.0,58.0,58.0,58.5,58.5,58.5,59.0,59.0,59.5,60.0,60.0,60.0,60.5,60.5,60.5,60.0,60.0,59.5,59.0,59.0,58.5,58.5,59.0,59.0,59.5,59.5,60.0,60.0,60.5,61.0,61.0,61.5,61.5,61.0,61.0,61.0,60.5,60.5,60.5,60.5,60.0,60.0,59.5,59.5,59.0,58.0,57.0,55.5,54.0,51.5,49.5,46.5,44.0,42.0,40.0,39.5,39.5,40.0,41.5,43.0,45.5,48.5,52.5,57.0,0.0,0.0
79.0,80.0,80.0,79.5,79.0,77.5,76.0,73.0,69.5,65.0,60.5,55.5,51.0,46.0,41.5,37.0,33.0,29.0,25.5,22.0,18.5,15.0,12.0,9.5,7.5,6.0,5.0,4.0,3.5,3.5,3.5,4.0,4.0,4.0,4.5,4.5,4.0,4.0,3.5,3.0,2.5,2.0,1.5,1.0,1.0,0.5,0.0,0.0,0.0,0.0,0.0,0.5,1.0,2.0,2.5,2.5,2.5,2.5,2.5,2.0,1.5,1.0,0.5,0.0,-0.5,-0.5,-1.0,-1.0,-0.5,-0.5,-0.5,-0.5,-0.5,0.0,0.0,-0.5,-0.5,-0.5,-0.5,-1.0,-1.5,-2.0,-2.5,-3.5,-4.0,-4.0,-4.5,-4.5,-4.5,-4.5,-4.5,-4.0,-3.5,-3.0,-2.5,-2.0,-1.5,-1.0,-0.5,-0.5,-0.5,-1.0,-1.5,-2.5,-3.0,-3.0,-3.0,-3.0,-3.0,-3.0,-3.0,-3.0,-2.5,-2.5,-2.0,-1.5,-1.5,-1.5,-1.5,-1.5,-2.0,-2.0,-2.5,-3.0,-3.5,-4.0,-4.0,-4.5,-4.5,-4.5,-4.5,-4.5,-4.0,-4.0,-3.5,-3.0,-3.0,-2.5,-2.5,-2.5,-2.5,-3.0,-3.5,-3.5,-4.0,-4.5,-4.5,-5.0,-5.0,-5.0,-5.0,-4.5,-4.5,-4.0,-4.0,-3.5,-3.0,-3.0,-2.5,-2.5,-3.0,-3.0,-3.5,-4.0,-4.5,-4.5,-5.0,-5.5,-6.0,-6.0,-6.0,-5.5,-5.0,-4.5,-4.0,-4.0,-3.5,-3.5,-3.5,-3.5,-4.0,-4.0,-4.5,-5.0,-5.5,-6.0,-6.0,-6.0,-6.0,-6.0,-6.0,-6.5,-6.5,-6.5,-6.5,-6.5,-6.0,-6.0,-6.0,-5.5,-5.5,-5.0,-5.0,-5.5,-5.5,-6.0,-6.5,-6.5,-6.5,-6.5,-6.0,-5.5,-5.0,-4.5,-4.0,-3.5,-3.5,-3.5,-3.5,-3.5,-4.0,-4.0,-4.5,-5.0,-5.0,-5.5,-5.5,-5.5,-5.5,-5.5,-5.5,-5.5,-5.0,-4.5,-4.5,-4.0,-4.0,-3.5,-4.0,-4.0,-4.5,-5.5,-6.0,-7.0,-7.5,-8.5,-9.0,-9.5,-9.5,-9.5,-9.0,-8.5,-8.0,-8.0,-7.5,-7.5,-7.0,-7.0,-7.0,-7.0,-7.0,-7.0,-7.0,-7.0,-7.0,-7.0,-7.5,-8.0,-8.0,-8.5,-8.5,-8.5,-8.0,-7.5,-7.0,-6.5,-6.5,-6.0,-6.0,-6.0,-6.5,-6.5,-7.0,-7.5,-8.0,-9.0,-9.5,-10.5,-11.0,-12.0,-12.5,-12.5,-12.5,-12.0,-11.0,-10.0,-8.5,-7.0,-5.5,-4.5,-4.0,-4.0,-4.0,-4.5,-5.0,-5.5,-6.0,-6.0,-6.5,-7.0,-7.5,-8.0,-8.0,-8.5,-8.5,-8.5,-8.5,-8.5,-8.5,-8.0,0.0,0.0
27.5,26.5,25.5,25.0,25.0,25.5,26.5,27.5,29.0,30.0,31.5,33.0,34.0,35.0,35.5,36.0,36.0,35.5,35.5,34.5,34.0,33.0,31.5,30.5,30.0,29.5,29.5,29.5,29.5,30.0,30.0,30.5,30.5,30.5,30.5,30.5,30.5,30.5,30.0,29.5,29.0,28.5,28.0,27.0,26.5,26.5,26.0,26.0,26.5,26.5,27.0,27.0,27.5,28.0,28.0,28.5,28.5,28.5,28.5,28.0,27.5,27.5,27.0,27.0,26.5,26.5,26.5,26.5,26.5,26.5,27.0,27.0,27.0,27.0,27.0,27.0,27.0,26.5,26.5,26.0,26.0,26.0,25.5,25.5,25.5,25.0,25.0,25.0,25.0,25.0,25.5,25.5,26.0,26.0,26.5,26.5,26.5,26.5,26.5,26.5,26.0,26.0,25.5,25.5,25.0,24.5,24.5,24.5,25.0,25.0,25.0,25.0,25.0,25.0,25.0,25.0,25.0,25.0,25.0,25.0,25.0,25.0,24.5,24.5,24.5,24.0,24.0,24.0,24.5,24.5,25.0,25.5,26.0,26.5,26.5,26.5,26.5,26.5,26.0,25.5,24.5,24.0,23.5,23.5,23.0,23.0,23.0,23.5,24.0,24.5,24.5,25.0,25.0,25.5,25.5,25.5,25.5,25.0,24.5,24.0,23.5,23.0,22.5,22.0,22.0,22.0,22.5,22.5,23.0,23.5,23.5,24.0,24.0,24.5,24.5,25.0,25.0,25.0,25.0,24.5,24.5,24.0,23.5,23.0,23.0,23.0,22.5,22.5,22.5,23.0,23.5,24.0,24.5,25.0,25.0,25.0,25.0,25.0,24.5,24.5,24.0,23.5,23.0,22.5,22.0,21.5,21.5,22.0,22.0,22.5,23.0,23.5,24.0,24.5,25.0,25.0,25.0,24.5,24.5,24.0,23.5,23.0,22.5,22.0,22.0,21.5,21.5,21.5,22.0,22.0,22.0,22.5,22.5,23.0,23.0,23.5,23.5,23.5,23.5,23.5,23.0,22.5,22.0,22.0,21.5,22.0,22.0,22.0,22.5,22.5,23.0,23.0,23.0,23.0,23.0,23.0,23.0,23.5,23.5,23.5,23.5,23.0,23.0,22.5,22.5,22.5,22.5,22.5,23.0,23.5,23.5,23.5,23.5,23.5,23.5,23.5,23.5,23.0,23.0,22.5,22.5,22.0,21.5,21.0,20.5,20.5,21.0,21.0,21.5,22.5,23.0,23.5,23.5,23.5,23.5,23.0,23.0,22.5,22.0,21.5,21.0,21.0,20.5,20.5,20.0,20.0,20.0,20.5,20.5,20.5,20.5,21.0,21.0,21.5,21.5,21.5,21.0,21.0,20.5,20.5,0.0,0.0
53.0,52.5,51.5,50.5,49.5,48.5,47.5,46.5,46.0,45.5,45.0,45.0,45.0,45.0,45.5,45.5,46.0,46.5,47.0,47.0,47.0,46.5,46.0,45.5,45.5,45.0,45.0,45.0,45.0,45.5,45.5,45.5,45.5,45.5,46.0,46.0,46.5,47.0,47.5,48.0,48.0,48.0,48.0,47.5,47.0,46.5,45.5,45.0,44.5,44.5,44.5,44.5,45.0,45.0,45.5,46.0,46.0,46.5,46.5,46.5,46.5,46.0,46.0,46.0,45.5,45.0,44.5,44.0,43.5,43.5,43.5,44.0,44.0,44.0,44.0,44.5,44.5,45.0,45.0,45.5,45.5,45.5,45.0,44.5,44.5,44.0,44.0,43.5,43.0,43.0,43.0,43.0,43.5,44.0,44.0,44.5,45.0,45.5,46.0,46.0,46.0,46.0,45.5,45.5,45.0,44.5,44.0,43.5,43.5,43.5,43.5,43.5,43.5,43.5,44.0,44.5,44.5,45.0,45.5,45.5,45.5,45.5,45.0,45.0,44.5,44.5,45.0,45.0,45.0,45.0,45.0,45.0,45.5,46.0,46.5,47.0,47.0,47.0,47.0,47.0,46.5,46.5,46.5,46.5,46.0,46.0,45.5,45.5,45.0,44.5,44.5,45.0,45.0,45.5,46.0,46.0,46.5,46.5,47.0,47.0,47.0,46.5,46.5,46.0,45.5,45.5,45.0,45.0,45.0,45.0,45.5,45.5,45.5,45.5,46.0,46.0,46.0,46.5,46.5,47.0,47.0,47.0,46.5,46.5,46.0,46.0,45.5,45.5,45.5,45.5,45.5,46.0,46.0,46.5,47.0,47.5,47.5,48.0,48.0,48.5,48.5,48.0,48.0,47.5,47.0,46.5,46.5,46.0,46.0,46.0,46.0,46.5,46.5,47.0,47.0,47.5,47.5,47.5,47.5,48.0,47.5,47.5,47.0,47.0,46.5,46.0,46.0,45.5,45.5,45.5,45.5,45.5,46.0,46.5,47.0,47.5,48.0,48.0,47.5,47.5,47.5,47.0,47.0,46.5,46.5,46.0,46.0,46.0,46.0,46.0,46.0,46.5,46.5,46.5,46.5,46.5,47.0,47.5,47.5,47.5,47.5,47.5,47.0,46.5,46.5,46.0,45.5,45.0,44.5,44.5,44.5,44.5,45.0,45.0,45.5,46.0,46.5,47.0,47.5,48.0,48.0,48.0,47.5,47.0,46.5,46.0,45.5,45.5,45.5,45.5,45.5,46.0,46.5,47.0,47.5,48.0,48.5,49.0,49.0,49.0,49.0,48.5,48.0,48.0,47.5,47.0,46.5,46.0,45.5,45.5,45.0,45.0,45.5,45.5,46.0,46.5,47.0,47.0,47.5,47.5,0.0,0.0
90.5,90.5,91.0,91.0,91.0,90.5,90.5,90.5,90.0,89.5,89.0,89.0,88.5,88.5,88.5,89.0,89.0,89.5,90.0,90.0,90.5,90.5,90.5,91.0,91.0,91.0,90.5,90.5,90.0,89.5,89.5,89.5,89.5,89.5,90.0,90.0,90.5,91.0,91.0,91.5,91.5,92.0,92.5,92.5,92.5,92.0,91.5,91.0,91.0,90.5,90.5,90.5,90.5,90.5,90.5,90.5,90.5,91.0,91.0,91.0,91.5,92.0,92.0,92.5,92.5,92.5,92.0,91.5,91.0,91.0,90.5,90.5,90.5,91.0,91.0,91.0,91.5,91.5,92.0,92.0,92.5,92.5,92.5,93.0,93.0,93.0,92.5,92.5,92.0,91.5,91.0,90.5,90.0,89.5,89.5,89.5,89.5,90.0,90.0,90.0,90.0,90.0,90.0,90.0,90.0,90.0,89.5,89.5,89.0,88.5,88.5,88.0,88.0,87.5,88.0,88.0,88.5,89.5,90.0,90.5,91.0,91.5,91.5,91.5,91.5,91.5,91.0,90.5,90.0,89.5,89.0,88.5,88.0,88.0,88.0,88.0,88.0,88.5,88.5,89.0,89.5,90.0,90.5,90.5,91.0,90.5,90.5,89.5,89.0,88.5,88.0,87.5,87.0,86.5,86.5,86.5,87.0,87.5,88.0,88.5,89.5,90.0,91.0,91.0,91.5,91.0,91.0,90.0,89.5,89.0,88.5,88.0,88.0,88.0,88.0,88.0,88.5,88.5,89.0,89.5,89.5,90.0,90.0,90.0,90.0,89.5,89.0,88.5,88.0,88.0,87.5,87.0,86.5,86.0,86.0,86.5,87.0,87.5,88.5,89.0,89.5,89.5,90.0,90.0,90.0,89.5,89.5,89.0,88.5,88.5,88.0,88.0,88.0,87.5,87.5,87.5,87.5,87.5,88.0,88.0,88.5,88.5,88.5,88.5,88.5,88.5,88.5,88.0,88.0,87.5,87.5,87.0,87.0,86.5,86.5,86.0,86.0,86.5,86.5,87.0,87.5,88.0,88.5,89.0,89.0,89.5,89.5,89.5,89.0,88.5,88.5,88.0,88.0,87.5,87.5,87.5,88.0,88.5,89.0,89.5,90.0,90.0,90.0,89.5,89.5,88.5,88.0,87.5,86.5,85.5,84.5,83.5,83.0,82.0,81.0,81.0,81.0,81.5,82.5,84.0,85.5,87.5,89.0,90.5,91.5,92.0,92.0,92.0,91.5,91.5,91.0,90.5,90.0,89.5,89.0,88.5,88.0,87.5,87.0,87.0,87.0,87.0,87.0,87.0,87.0,87.0,86.5,86.5,86.0,85.0,84.5,84.0,83.0,82.5,82.5,82.0,82.0,82.0,81.5,81.5,0.0,0.0
37.0,37.0,36.5,36.5,37.0,37.5,38.0,38.0,38.5,38.5,38.5,38.5,38.0,37.5,37.5,37.0,36.5,36.5,36.0,36.0,35.5,35.5,36.0,36.5,37.0,37.0,37.5,38.0,38.0,38.5,39.0,39.0,39.0,39.0,39.0,38.5,38.0,38.0,37.5,37.5,37.5,37.5,37.5,37.5,38.0,38.5,38.5,39.0,39.0,39.0,39.0,39.0,38.5,38.5,38.0,37.0,37.0,36.5,36.5,36.0,36.0,36.0,36.0,36.5,37.0,37.0,37.5,38.0,38.5,38.5,38.5,38.5,38.5,38.0,38.0,37.5,37.0,37.0,36.5,36.5,36.0,36.0,36.0,36.5,37.0,37.5,38.0,38.0,38.5,38.5,38.5,38.5,38.5,38.5,38.5,38.0,37.5,37.5,37.0,37.0,37.0,37.5,38.0,38.5,38.5,39.0,39.5,40.0,40.5,41.0,41.0,41.0,41.0,40.5,40.5,40.5,40.0,39.5,39.5,39.5,39.5,39.5,40.0,40.0,40.5,41.0,41.5,42.0,42.0,42.5,42.5,42.5,42.0,42.0,41.5,41.0,41.0,41.0,41.0,41.0,41.0,41.0,41.0,41.5,41.5,42.0,42.0,41.5,41.5,41.5,41.5,41.5,41.5,41.0,40.5,40.0,40.0,39.5,39.5,39.5,40.0,40.0,40.5,41.0,41.5,42.5,43.0,43.5,44.0,44.0,44.0,44.0,43.5,43.0,43.0,42.5,42.0,41.5,41.0,41.0,41.0,41.5,41.5,42.0,42.5,42.5,43.0,43.5,44.0,44.5,44.5,44.0,43.5,43.0,42.5,42.5,42.0,42.0,42.0,42.0,42.0,42.0,42.5,42.5,43.0,43.0,43.5,43.5,44.0,44.0,44.0,43.5,43.5,43.0,43.0,42.5,42.0,42.0,42.0,41.5,41.5,42.0,42.5,43.0,43.5,43.5,43.5,43.5,43.5,43.5,43.5,43.0,43.0,42.5,42.5,42.0,41.5,41.0,40.5,40.0,40.0,40.0,40.0,40.5,41.0,41.0,41.5,41.5,41.5,41.5,41.5,41.0,41.0,41.0,40.5,40.5,40.0,40.0,39.5,39.5,39.0,39.5,39.5,39.5,40.0,40.0,40.0,40.0,40.5,40.5,40.0,40.0,39.5,39.0,39.0,39.0,38.5,39.0,39.0,39.0,39.0,39.5,40.0,41.0,41.5,42.0,42.5,43.0,43.5,43.5,43.5,43.5,43.0,43.0,42.5,42.5,42.5,42.5,42.5,42.5,42.5,42.5,42.5,42.5,42.5,43.0,43.0,43.5,43.5,43.5,43.5,43.0,42.5,42.0,41.5,40.5,40.0,39.5,39.0,38.5,0.0,0.0
37.5,37.5,38.0,38.5,38.5,39.0,39.0,39.0,39.0,39.0,38.5,38.5,38.0,37.0,37.0,36.5,36.5,36.0,36.0,36.0,36.0,36.5,37.0,37.0,37.5,38.0,38.5,38.5,38.5,38.5,38.5,38.0,38.0,37.5,37.0,37.0,36.5,36.5,36.0,36.0,36.0,36.5,37.0,37.5,38.0,38.0,38.5,38.5,38.5,38.5,38.5,38.5,38.5,38.0,37.5,37.5,37.0,37.0,37.0,37.5,38.0,38.5,38.5,39.0,39.5,40.0,40.5,41.0,41.0,41.0,41.0,40.5,40.5,40.5,40.0,39.5,39.5,39.5,39.5,39.5,40.0,40.0,40.5,41.0,41.5,42.0,42.0,42.5,42.5,42.5,42.0,42.0,41.5,41.0,41.0,41.0,41.0,41.0,41.0,41.0,41.0,41.5,41.5,42.0,42.0,41.5,41.5,41.5,41.5,41.5,41.5,41.0,40.5,40.0,40.0,39.5,39.5,39.5,40.0,40.0,40.5,41.0,41.5,42.5,43.0,43.5,44.0,44.0,44.0,44.0,43.5,43.0,43.0,42.5,42.0,41.5,41.0,41.0,41.0,41.5,41.5,42.0,42.5,42.5,43.0,43.5,44.0,44.5,44.5,44.0,43.5,43.0,42.5,42.5,42.0,42.0,42.0,42.0,42.0,42.0,42.5,42.5,43.0,43.0,43.5,43.5,44.0,44.0,44.0,43.5,43.5,43.0,43.0,42.5,42.0,42.0,42.0,41.5,41.5,42.0,42.5,43.0,43.5,43.5,43.5,43.5,43.5,43.5,43.5,43.0,43.0,42.5,42.5,42.0,41.5,41.0,40.5,40.0,40.0,40.0,40.0,40.5,41.0,41.0,41.5,41.5,41.5,41.5,41.5,41.0,41.0,41.0,40.5,40.5,40.0,40.0,39.5,39.5,39.0,39.5,39.5,39.5,40.0,40.0,40.0,40.0,40.5,40.5,40.0,40.0,39.5,39.0,39.0,39.0,38.5,39.0,39.0,39.0,39.0,39.5,40.0,41.0,41.5,42.0,42.5,43.0,43.5,43.5,43.5,43.5,43.0,43.0,42.5,42.5,42.5,42.5,42.5,42.5,42.5,42.5,42.5,42.5,42.5,43.0,43.0,43.5,43.5,43.5,43.5,43.0,42.5,42.0,41.5,40.5,40.0,39.5,39.0,38.5,38.5,38.0,38.5,39.0,39.5,40.0,40.5,41.0,41.5,41.5,41.5,41.0,41.0,41.0,40.5,40.5,40.0,39.5,39.0,39.0,39.0,39.0,39.0,39.5,40.0,40.5,40.5,40.5,40.5,40.5,40.5,40.5,40.5,40.0,39.5,39.0,38.5,38.0,37.5,37.5,37.5,38.0,0.0,0.0
22.0,22.0,22.0,22.0,22.0,22.0,22.5,23.0,23.5,23.5,24.0,24.5,25.0,24.5,24.5,24.0,24.0,23.5,23.0,23.0,22.5,22.0,22.0,22.0,22.5,23.0,23.5,24.0,24.5,25.0,25.5,25.5,26.0,26.0,26.0,26.0,26.0,25.5,25.0,25.0,24.5,24.5,24.0,24.0,24.0,24.5,24.5,25.0,25.5,26.0,26.5,26.5,27.0,27.0,27.0,27.0,26.5,26.0,26.0,25.5,25.5,25.5,25.5,25.5,25.5,25.5,26.0,26.0,26.0,26.5,27.0,27.5,27.5,28.0,27.5,27.5,27.0,27.0,26.5,26.5,26.0,26.0,26.0,26.0,26.0,26.0,26.5,27.0,27.5,28.0,28.0,28.5,29.0,29.0,29.0,29.0,29.0,28.5,28.5,28.0,28.0,28.0,28.0,28.0,28.5,28.5,28.5,29.0,29.5,30.0,30.5,31.0,31.5,32.0,32.0,32.0,32.0,31.5,31.0,30.5,30.0,30.0,29.5,29.5,29.5,30.0,30.5,31.0,31.5,32.0,32.5,33.0,33.0,33.5,33.5,33.5,33.5,33.5,33.5,33.0,33.0,32.5,32.5,32.5,32.5,32.5,33.0,33.5,33.5,34.0,34.5,34.5,35.0,35.0,35.5,35.0,35.0,34.5,34.5,34.0,33.5,33.0,32.5,32.0,32.5,32.5,33.0,33.0,33.5,34.0,34.5,35.0,35.5,36.0,36.0,36.0,36.0,36.0,36.0,36.0,35.5,35.5,35.0,35.0,35.0,35.5,36.0,36.5,37.0,37.5,37.5,38.0,38.5,38.5,39.0,39.0,38.5,38.5,38.0,37.5,37.5,37.0,36.5,36.0,36.0,36.0,36.0,36.5,36.5,37.0,37.5,37.5,38.0,38.0,38.0,38.0,37.5,37.5,37.0,36.5,36.0,35.5,35.0,35.0,35.5,35.5,36.0,36.0,36.5,36.5,37.0,37.5,37.5,37.5,37.5,37.0,37.0,37.0,36.5,36.5,36.0,36.0,36.0,36.0,36.0,36.0,36.0,36.5,36.5,37.0,37.5,38.0,38.5,38.5,38.5,38.5,38.5,38.0,37.5,37.5,37.0,37.0,36.5,36.5,36.5,37.0,38.0,38.5,39.5,40.0,40.5,41.0,41.0,41.5,41.0,41.0,40.5,40.0,40.0,39.5,39.5,39.0,39.0,39.0,39.5,39.5,40.0,40.5,40.5,41.0,42.0,42.0,42.5,42.0,42.0,42.0,41.5,41.5,41.5,41.0,40.5,40.5,40.0,40.0,40.0,40.0,40.0,40.0,40.5,41.0,41.5,42.0,42.0,42.5,42.5,42.5,42.5,42.0,42.0,41.5,0.0,0.0
47.0,46.5,46.5,47.0,47.0,47.0,47.0,46.5,46.0,45.0,44.5,44.0,43.5,43.0,42.5,42.5,42.5,42.5,43.0,43.5,43.5,44.0,44.5,45.0,45.0,45.0,45.0,45.0,45.0,45.0,45.0,44.5,44.5,44.0,44.0,43.5,43.5,43.0,43.0,43.5,43.5,44.0,44.0,44.5,44.5,44.5,44.0,44.0,44.5,44.5,44.0,44.0,43.5,43.5,43.0,43.0,42.5,42.5,42.5,42.5,42.5,43.0,43.0,43.5,44.0,44.5,45.0,45.0,45.0,45.0,44.5,44.0,44.0,43.5,43.5,43.0,43.0,43.0,43.0,43.0,43.0,43.0,43.5,43.5,43.5,44.0,44.5,44.5,45.0,44.5,44.5,44.0,43.5,43.0,43.0,43.0,43.0,43.0,43.0,43.0,43.5,43.5,43.5,43.5,43.5,43.5,43.5,43.5,43.5,44.0,44.0,44.0,44.0,44.0,43.5,43.5,43.5,44.0,44.5,45.0,45.5,45.5,45.5,45.0,45.0,44.5,44.0,44.0,44.0,44.0,44.0,44.0,44.0,43.5,43.0,42.5,42.0,42.0,41.5,41.5,41.5,42.0,42.5,42.5,42.5,43.0,43.0,43.5,43.5,43.5,43.0,43.0,42.5,42.5,42.0,42.0,41.5,41.5,41.5,41.5,41.5,42.0,42.0,42.5,43.0,43.5,44.0,44.0,44.0,43.5,43.0,42.0,41.0,40.0,39.5,38.5,38.0,38.0,38.0,38.0,38.0,38.5,39.0,39.5,40.0,40.5,41.0,41.0,41.0,41.0,40.5,39.5,39.0,38.5,38.0,38.5,38.5,39.5,40.0,41.0,41.5,42.0,42.5,42.5,42.5,42.5,42.5,42.0,41.5,41.0,40.0,39.5,38.5,38.0,37.5,37.0,36.5,36.5,36.5,36.5,36.5,36.5,37.0,37.5,37.5,38.0,38.0,38.0,38.0,38.0,38.0,38.0,37.5,37.5,37.0,36.5,36.5,36.0,35.5,35.0,34.5,34.5,34.5,34.5,35.0,35.5,36.5,37.0,37.0,37.0,37.0,36.5,36.0,35.5,35.5,36.0,36.0,36.5,37.0,37.5,38.0,39.0,39.5,40.0,40.0,40.0,40.0,40.0,39.5,39.0,38.5,38.0,37.5,37.0,36.5,36.5,36.5,36.5,36.5,36.5,37.0,37.0,37.0,37.0,37.5,37.5,38.0,38.0,38.0,37.5,37.5,37.0,36.0,36.0,35.5,35.5,35.5,35.5,35.5,36.0,36.0,35.5,35.5,35.0,35.0,35.0,35.5,36.0,36.0,36.5,36.5,36.5,36.0,35.5,35.5,35.0,35.0,34.5,34.5,34.0,0.0,0.0
64.5,64.5,64.5,64.5,64.5,64.0,63.5,63.0,62.5,62.0,62.0,62.0,62.5,63.0,63.5,63.5,64.0,64.0,64.5,64.5,64.5,64.0,63.5,62.5,61.5,60.5,59.0,58.0,57.0,56.0,55.5,55.0,55.0,56.0,57.0,58.5,60.0,61.5,63.0,64.5,65.5,66.0,66.5,66.5,66.0,65.5,65.0,65.0,64.5,64.0,64.0,63.5,63.0,62.5,62.5,62.5,62.0,62.0,62.0,62.0,62.0,62.0,62.0,62.0,61.5,61.0,60.5,60.0,60.0,59.5,60.0,60.0,60.5,61.0,61.5,61.5,62.0,62.5,63.0,63.5,64.0,64.0,63.5,63.5,63.0,62.5,62.0,61.5,61.0,60.5,60.0,60.0,60.0,60.0,60.0,60.0,60.5,60.5,61.0,61.0,61.0,60.5,60.0,59.5,59.5,59.0,58.5,58.0,57.5,57.0,56.5,56.5,56.5,57.0,57.5,58.5,59.0,59.5,60.0,60.5,61.0,61.5,62.0,62.0,62.0,62.0,62.0,62.0,62.5,62.5,63.0,63.0,63.5,63.5,64.0,64.0,64.5,65.0,65.5,65.5,65.5,65.5,65.5,65.0,64.5,64.0,63.5,62.5,62.0,61.5,61.5,61.5,61.5,62.0,63.0,63.5,64.0,64.5,64.5,64.5,64.5,64.5,64.5,64.5,64.5,64.0,64.0,63.5,63.0,62.5,62.5,62.0,62.5,62.5,63.0,64.0,64.5,65.5,65.5,66.0,66.0,66.0,65.5,65.5,65.0,65.0,64.5,64.5,64.0,64.0,64.5,64.5,64.5,64.5,65.0,65.5,66.0,66.5,67.0,67.0,67.5,67.0,67.0,66.5,66.0,66.0,65.5,64.5,64.0,63.0,61.5,60.0,58.5,57.0,55.0,53.5,52.0,50.5,49.5,48.5,48.5,48.5,49.0,50.0,51.5,53.5,56.0,59.5,63.5,68.5,74.5,81.0,88.5,95.5,103.0,110.0,116.5,123.0,129.5,136.0,142.0,146.5,150.0,152.5,153.5,154.0,153.5,152.5,151.0,148.0,145.0,141.0,136.5,132.0,127.5,123.0,118.0,113.0,108.0,103.5,99.0,95.0,91.0,87.5,84.0,81.5,79.0,77.0,75.0,73.5,73.0,72.5,72.0,72.0,72.0,72.0,72.5,72.5,72.5,72.5,72.5,72.5,72.0,71.5,71.0,70.5,70.5,70.0,70.0,70.0,69.5,69.5,69.0,69.0,69.0,69.5,69.5,70.0,71.0,71.0,71.5,71.5,71.0,70.5,70.0,69.5,69.0,68.5,68.0,68.0,67.5,67.5,67.5,67.5,67.5,68.0,68.5,69.0,69.5,69.5,0.0,0.0
43.0,43.0,43.0,43.0,43.0,43.0,42.5,42.5,42.0,41.5,41.5,41.0,40.5,40.5,40.5,40.0,40.5,40.5,40.5,41.0,41.5,42.0,42.5,43.0,43.5,43.5,43.5,43.5,43.0,42.5,42.0,41.5,41.5,41.0,41.0,41.0,41.5,41.5,41.5,42.0,42.0,42.5,42.5,42.5,42.5,42.5,42.0,41.5,41.5,41.0,40.5,40.5,40.5,40.0,40.0,40.0,40.5,40.5,41.0,41.0,41.5,41.5,42.0,42.0,42.5,42.5,42.5,42.5,42.0,41.5,41.5,41.0,40.5,40.0,40.0,39.5,39.5,40.0,40.5,40.5,41.0,41.5,41.5,41.5,41.5,41.0,41.0,40.5,40.5,40.0,40.0,40.0,39.5,39.5,39.5,39.5,39.5,40.0,40.5,40.5,41.0,41.5,42.0,42.0,42.5,42.0,42.0,41.5,41.0,41.0,40.5,40.0,40.0,40.5,40.5,40.5,41.0,41.5,41.5,42.0,42.0,42.5,42.5,42.5,42.5,42.5,42.5,42.0,42.0,41.5,41.5,41.0,41.0,41.0,41.0,41.0,41.5,42.0,42.5,42.5,43.0,43.5,44.0,44.5,44.5,45.0,45.0,44.5,44.0,43.5,43.0,43.0,43.0,42.5,42.5,42.5,42.5,43.0,43.5,44.0,44.0,44.5,45.0,45.0,45.0,45.0,45.0,44.5,44.5,44.0,43.5,43.0,43.0,42.5,42.5,42.0,42.0,42.0,42.5,43.0,43.0,43.5,43.5,44.0,44.0,44.0,44.0,44.0,43.5,43.0,42.5,42.0,42.0,42.0,42.0,42.0,42.0,42.5,42.5,42.5,42.5,43.0,43.0,43.5,44.0,44.0,44.0,43.5,43.5,43.0,42.5,42.5,42.0,42.0,42.0,42.0,42.5,43.0,43.5,43.5,44.0,44.0,44.0,44.0,44.0,44.0,43.5,43.5,43.0,42.5,42.5,42.5,42.0,42.0,42.0,42.0,42.0,42.5,42.5,43.0,43.0,43.5,44.0,44.0,44.5,44.5,44.5,44.5,44.0,44.0,44.0,44.0,43.5,43.5,43.0,43.0,42.5,42.5,42.5,42.5,42.5,42.0,41.5,41.0,40.5,40.0,39.5,39.0,39.5,40.0,40.5,41.5,42.5,43.5,44.5,45.0,45.5,46.5,47.0,47.0,47.5,47.5,47.5,47.5,47.0,47.0,46.5,45.5,45.0,44.5,44.0,43.5,43.0,43.0,43.0,43.0,43.0,43.5,43.5,44.0,44.5,44.5,45.0,45.0,45.0,45.0,44.5,44.5,44.0,43.5,43.0,42.5,42.0,41.5,41.5,41.5,41.5,41.5,42.0,42.5,0.0,0.0
37.0,36.0,35.0,33.5,31.5,30.0,28.0,26.5,25.0,23.5,22.5,21.5,21.0,21.0,21.5,22.0,23.5,26.0,29.5,33.5,38.5,44.5,51.0,58.0,65.0,72.0,79.0,85.5,92.5,99.5,106.0,112.0,117.0,121.0,123.5,125.0,126.0,126.5,126.5,125.5,124.0,121.5,118.5,114.5,110.0,105.5,100.5,95.5,90.0,84.5,79.0,74.0,69.5,65.0,61.5,58.0,55.0,52.5,50.5,49.0,48.0,47.5,47.0,47.5,47.5,48.0,48.5,48.5,49.0,49.0,48.5,48.0,47.5,47.5,47.0,46.5,46.5,46.0,46.0,46.0,45.5,45.5,46.0,46.0,46.0,46.5,46.5,47.0,47.0,47.5,47.5,47.5,47.0,46.5,46.0,45.5,45.0,45.0,45.0,44.5,44.5,44.5,44.5,45.0,45.5,45.5,46.0,46.5,46.5,46.5,46.5,46.0,46.0,45.5,45.5,45.0,45.0,45.0,45.0,45.0,45.5,45.5,46.0,46.0,46.0,46.0,46.5,46.5,47.0,47.0,47.0,46.5,46.5,46.0,45.5,45.5,45.0,45.0,45.0,45.0,45.5,45.5,46.0,46.0,46.5,46.5,47.0,47.0,47.5,47.5,47.0,47.0,47.0,46.5,46.0,46.0,46.0,46.0,46.0,46.0,45.5,45.5,45.0,45.0,45.0,45.5,45.5,45.5,45.5,45.5,45.5,45.0,44.5,44.5,44.0,43.5,43.5,43.5,43.5,44.0,44.0,44.5,45.0,45.0,45.5,46.0,46.0,46.5,46.5,46.5,46.5,46.0,45.5,45.5,45.0,44.5,44.0,43.5,43.0,42.5,42.5,42.5,42.5,43.0,43.0,43.0,43.0,43.0,43.0,43.0,43.0,43.0,42.5,42.5,42.0,41.5,41.0,41.0,40.5,40.5,40.5,41.0,41.5,42.0,42.5,43.0,43.0,43.5,44.0,44.0,44.0,44.0,44.0,44.0,43.5,43.5,43.0,42.5,42.0,42.0,42.0,42.5,42.5,43.0,43.5,43.5,44.0,44.0,44.5,44.5,44.5,44.5,44.5,44.5,44.5,44.5,44.5,44.5,44.5,44.5,44.5,44.5,45.0,45.0,45.5,45.5,46.0,46.0,46.5,46.5,46.5,46.5,46.0,46.0,45.5,45.0,44.5,43.5,43.0,43.0,43.0,43.5,44.5,44.5,45.0,45.5,45.5,46.0,46.0,46.0,46.0,45.5,44.5,43.5,42.5,41.5,41.0,40.0,39.5,38.5,38.5,38.5,38.5,39.5,41.0,42.5,44.0,45.5,47.0,48.0,49.0,49.5,50.0,49.5,49.5,48.5,48.0,47.0,46.5,46.0,0.0,0.0
47.0,47.0,46.5,46.5,46.5,46.5,47.0,47.5,47.5,48.0,48.5,48.5,49.0,49.0,49.0,49.0,49.0,49.0,49.0,48.5,48.5,48.0,48.0,47.5,47.5,48.0,48.0,48.5,49.0,50.0,50.5,51.0,51.5,51.5,51.5,51.5,51.0,50.5,50.0,50.0,50.0,49.5,49.5,49.5,49.5,50.0,50.0,50.5,50.5,51.0,51.5,52.0,52.0,52.0,52.0,52.0,52.0,52.0,52.0,52.0,52.0,52.0,52.0,52.0,52.0,52.0,52.5,52.5,53.0,53.0,53.5,53.5,54.0,54.0,54.0,54.0,54.0,53.5,53.0,52.5,52.0,51.5,51.5,51.5,51.5,52.0,52.5,53.0,53.5,54.0,54.5,54.5,55.0,55.0,55.0,55.0,54.5,54.5,54.5,54.5,54.5,54.0,54.0,54.0,54.5,55.0,55.5,56.0,56.5,56.5,57.0,57.0,57.0,57.0,57.0,57.0,57.0,57.0,56.5,56.5,56.0,55.5,55.5,55.0,55.5,55.5,56.0,56.0,56.0,56.0,56.5,56.5,56.5,56.5,57.0,57.0,56.5,56.5,56.5,56.0,56.0,55.5,55.5,55.5,55.5,56.0,56.5,57.0,58.0,58.5,59.0,59.0,59.5,59.5,59.5,59.5,59.5,59.5,59.5,59.0,58.5,58.0,57.5,57.5,57.0,57.0,57.5,57.5,58.0,59.0,59.5,59.5,60.0,59.5,59.5,59.0,59.0,58.5,58.0,57.5,57.5,57.0,57.0,57.0,57.0,57.0,57.5,58.0,58.0,58.5,58.5,58.5,58.5,58.0,58.0,57.5,57.5,57.0,56.5,56.0,55.5,55.5,55.0,55.0,55.0,55.5,55.5,56.0,56.0,56.0,56.0,55.5,55.5,55.5,55.0,55.0,54.5,54.5,54.5,54.5,54.5,55.0,55.5,56.0,56.5,57.0,58.0,58.5,59.0,59.5,60.0,60.5,61.0,61.5,61.5,61.5,61.5,61.5,61.0,61.0,61.0,61.0,60.5,60.5,60.5,60.5,60.0,60.0,60.0,60.0,60.0,60.5,60.5,60.5,60.5,60.5,60.0,60.0,59.5,59.0,58.5,58.0,58.0,58.0,58.0,58.0,58.5,58.5,58.5,59.0,59.0,59.5,60.0,60.0,60.0,60.5,60.5,60.5,60.0,60.0,59.5,59.0,59.0,58.5,58.5,59.0,59.0,59.5,59.5,60.0,60.0,60.5,61.0,61.0,61.5,61.5,61.0,61.0,61.0,60.5,60.5,60.5,60.5,60.0,60.0,59.5,59.5,59.0,58.0,57.0,55.5,54.0,51.5,49.5,46.5,44.0,42.0,40.0,39.5,39.5,0.0,0.0
67.5,69.0,70.0,71.0,71.5,72.5,73.0,73.0,73.0,73.0,73.0,73.5,73.5,73.5,73.0,73.0,72.5,72.5,72.0,71.5,71.0,70.5,70.0,70.0,69.5,69.5,69.0,69.0,68.5,68.5,68.5,68.5,68.5,69.0,69.0,69.0,69.5,70.0,70.0,70.0,70.0,70.0,69.5,69.5,69.0,68.5,68.5,68.0,68.0,68.0,68.0,68.0,68.0,68.5,69.0,69.5,70.0,70.0,70.5,70.0,70.0,70.0,69.5,69.5,69.5,69.0,69.0,68.5,68.5,68.5,69.0,69.0,69.5,69.5,70.0,70.5,71.0,71.5,71.5,71.0,71.0,70.5,70.5,70.0,69.5,69.0,69.0,68.5,68.5,68.5,69.0,69.5,69.5,70.0,70.0,70.5,70.5,71.0,71.5,72.0,72.0,72.0,72.0,72.0,71.5,71.5,71.0,70.5,70.0,70.0,70.0,69.5,69.5,69.5,70.0,70.5,70.5,71.0,71.0,71.5,71.0,71.0,70.5,70.0,69.5,69.5,69.0,69.0,68.5,68.5,68.5,69.0,69.0,69.5,69.5,70.0,71.0,71.5,71.5,72.0,72.0,72.0,71.5,71.5,71.0,71.0,70.5,70.0,69.5,69.5,69.5,70.0,71.0,72.0,72.5,73.0,73.5,74.0,74.0,74.0,74.5,74.0,74.0,73.5,73.0,72.5,72.5,72.0,72.0,71.5,71.5,72.0,72.0,72.5,72.5,72.5,72.5,72.5,72.5,73.0,73.0,73.0,73.0,73.0,73.0,72.5,72.0,71.5,71.5,71.5,71.5,72.0,72.5,73.0,73.5,74.5,75.0,75.5,76.0,76.0,76.0,75.5,75.0,74.5,73.5,73.0,73.0,73.0,73.0,73.0,73.5,73.5,73.5,74.0,74.5,74.5,75.0,75.5,75.5,75.5,75.5,75.0,75.0,75.0,74.5,74.5,74.0,74.0,73.5,73.5,73.5,73.5,74.0,74.0,74.5,74.5,74.5,74.5,74.5,75.0,75.0,75.0,75.0,74.5,74.5,74.0,74.0,73.5,73.5,73.5,74.0,74.0,75.0,75.5,76.0,76.5,77.0,77.5,77.5,77.5,77.0,76.5,76.0,76.0,75.5,75.5,75.0,75.0,75.0,74.5,74.5,74.5,74.5,74.5,74.5,75.0,75.0,75.0,75.0,75.0,74.5,74.0,73.5,73.0,73.0,72.5,72.5,72.5,72.5,72.5,72.5,72.5,73.0,74.0,75.0,76.0,77.0,78.0,78.5,78.5,78.0,78.0,77.5,77.0,77.0,76.5,76.0,75.0,74.5,74.0,74.0,74.0,74.0,74.5,74.5,74.5,74.5,74.5,74.5,74.0,0.0,0.0
109.0,104.5,99.5,94.0,88.5,83.0,77.5,72.5,67.0,62.5,58.0,53.5,49.5,46.0,42.5,40.0,37.5,35.5,34.5,33.0,32.0,31.5,31.0,30.5,29.5,29.0,28.5,27.5,27.5,27.0,27.0,27.5,28.0,28.5,29.5,30.5,31.0,31.0,31.5,31.5,31.5,31.5,31.5,31.0,31.0,31.0,30.5,30.5,30.0,30.0,29.5,29.5,29.0,28.5,28.0,27.5,27.0,26.5,26.5,26.0,26.0,26.0,26.0,26.5,27.0,27.0,27.5,27.5,28.0,28.0,28.0,27.5,27.0,27.0,26.5,26.0,25.5,25.5,25.0,25.0,25.0,25.0,25.5,25.5,26.0,26.5,27.0,27.0,27.5,27.5,27.5,28.0,28.0,28.0,27.5,27.0,26.5,26.0,25.5,25.0,25.5,25.5,26.0,27.0,27.5,28.0,28.0,28.0,28.0,27.5,27.5,27.0,27.0,26.5,26.0,25.5,25.0,25.0,24.5,24.5,24.0,24.0,24.0,24.5,24.5,25.0,25.0,25.5,25.5,25.5,25.5,25.5,25.0,24.5,24.5,24.0,24.0,24.0,24.0,24.0,24.0,24.0,24.5,24.5,25.0,25.0,25.0,25.5,25.5,25.5,25.5,25.5,25.5,25.5,25.0,25.0,25.0,24.5,24.0,24.0,24.0,24.0,24.5,24.5,25.0,25.5,26.0,26.5,26.5,27.0,27.0,27.0,26.5,26.5,26.0,25.5,25.0,25.0,25.0,24.5,24.5,25.0,25.5,26.0,26.5,27.0,27.0,27.5,27.5,27.5,27.0,26.5,26.0,26.0,25.5,25.0,24.5,24.5,24.0,24.0,24.0,24.5,24.5,25.0,25.5,25.5,26.0,26.0,26.5,26.5,26.5,26.5,26.5,26.5,26.5,26.0,26.0,25.5,25.5,25.5,25.5,26.0,26.0,26.0,26.0,26.5,26.5,27.0,27.0,27.0,27.0,27.0,26.5,26.0,26.0,25.5,25.5,25.0,25.0,24.5,24.5,24.5,24.5,24.5,24.5,25.0,25.5,25.5,25.5,26.0,26.0,26.0,25.5,25.5,25.0,25.0,24.5,24.5,24.5,24.5,25.0,25.5,26.0,26.0,26.5,27.0,27.5,27.5,28.0,28.0,28.0,28.0,27.5,27.5,27.0,26.5,26.5,26.5,26.5,26.5,26.0,26.5,26.5,27.0,27.0,27.5,28.0,28.0,28.5,28.5,28.5,28.0,28.0,27.5,27.0,26.5,26.5,26.0,26.0,26.0,26.0,26.5,27.0,27.0,27.5,27.5,27.5,28.0,28.0,28.0,28.0,27.5,27.5,27.0,26.5,26.0,26.0,25.5,25.5,25.5,0.0,0.0
21.0,22.0,22.5,23.0,23.0,22.5,22.5,22.0,21.5,20.5,19.5,18.5,17.5,17.0,16.5,16.0,15.5,15.0,15.0,15.0,15.5,16.0,16.5,17.0,18.0,18.5,19.0,19.0,19.0,19.0,19.0,18.5,18.0,18.0,18.0,18.0,18.0,18.5,18.5,19.0,19.0,19.5,19.5,20.0,20.5,21.0,21.0,21.0,21.0,20.5,20.5,20.0,20.0,20.0,19.5,19.5,19.5,19.5,19.5,19.5,20.0,21.0,21.5,22.0,22.5,22.5,23.0,23.0,23.0,23.0,23.0,22.5,22.5,22.5,22.0,22.0,22.0,22.0,22.0,22.0,22.5,23.0,23.5,23.5,24.0,24.5,25.0,24.5,24.5,24.0,24.0,23.5,23.0,23.0,22.5,22.0,22.0,22.0,22.5,23.0,23.5,24.0,24.5,25.0,25.5,25.5,26.0,26.0,26.0,26.0,26.0,25.5,25.0,25.0,24.5,24.5,24.0,24.0,24.0,24.5,24.5,25.0,25.5,26.0,26.5,26.5,27.0,27.0,27.0,27.0,26.5,26.0,26.0,25.5,25.5,25.5,25.5,25.5,25.5,25.5,26.0,26.0,26.0,26.5,27.0,27.5,27.5,28.0,27.5,27.5,27.0,27.0,26.5,26.5,26.0,26.0,26.0,26.0,26.0,26.0,26.5,27.0,27.5,28.0,28.0,28.5,29.0,29.0,29.0,29.0,29.0,28.5,28.5,28.0,28.0,28.0,28.0,28.0,28.5,28.5,28.5,29.0,29.5,30.0,30.5,31.0,31.5,32.0,32.0,32.0,32.0,31.5,31.0,30.5,30.0,30.0,29.5,29.5,29.5,30.0,30.5,31.0,31.5,32.0,32.5,33.0,33.0,33.5,33.5,33.5,33.5,33.5,33.5,33.0,33.0,32.5,32.5,32.5,32.5,32.5,33.0,33.5,33.5,34.0,34.5,34.5,35.0,35.0,35.5,35.0,35.0,34.5,34.5,34.0,33.5,33.0,32.5,32.0,32.5,32.5,33.0,33.0,33.5,34.0,34.5,35.0,35.5,36.0,36.0,36.0,36.0,36.0,36.0,36.0,35.5,35.5,35.0,35.0,35.0,35.5,36.0,36.5,37.0,37.5,37.5,38.0,38.5,38.5,39.0,39.0,38.5,38.5,38.0,37.5,37.5,37.0,36.5,36.0,36.0,36.0,36.0,36.5,36.5,37.0,37.5,37.5,38.0,38.0,38.0,38.0,37.5,37.5,37.0,36.5,36.0,35.5,35.0,35.0,35.5,35.5,36.0,36.0,36.5,36.5,37.0,37.5,37.5,37.5,37.5,37.0,37.0,37.0,36.5,36.5,36.0,36.0,36.0,36.0,36.0,36.0,0.0,0.0
56.0,56.0,56.0,56.5,57.0,57.5,58.0,58.0,58.0,58.0,58.0,58.0,57.5,57.5,57.5,57.5,57.0,57.0,57.0,56.5,56.5,56.0,56.0,56.5,56.5,57.0,57.0,57.0,57.5,57.5,57.5,57.5,57.5,57.0,56.5,56.0,56.0,56.0,56.0,56.0,56.0,55.5,55.5,55.5,56.0,56.0,56.5,56.5,56.5,56.5,56.5,56.5,56.5,56.5,56.0,56.0,55.5,55.0,55.0,54.5,54.5,54.0,54.0,54.0,54.0,54.0,54.0,54.5,55.0,55.0,55.5,55.5,55.5,56.0,56.0,56.5,56.5,56.5,56.5,56.0,56.0,56.0,56.0,56.0,56.0,56.0,56.5,57.0,57.0,57.0,57.5,57.5,57.5,57.0,56.5,56.0,55.0,54.5,54.0,54.0,54.0,54.5,55.0,55.5,56.0,56.5,56.5,57.0,57.0,57.0,57.0,57.0,57.0,57.0,57.0,56.5,56.5,56.0,56.0,56.0,55.5,55.5,55.5,55.5,55.5,55.5,55.5,56.0,56.0,56.5,57.0,57.5,57.5,57.5,57.5,57.0,57.0,56.5,56.5,56.0,55.5,55.0,55.0,55.0,55.0,55.0,55.5,55.5,56.0,56.5,56.5,57.0,57.0,57.0,57.0,56.5,56.5,56.5,56.5,56.5,56.5,56.5,56.5,57.0,57.0,57.5,58.0,58.0,58.0,58.0,57.5,57.5,57.0,56.5,56.0,56.0,55.5,55.0,55.0,54.5,54.5,54.5,54.5,54.5,55.0,55.5,56.0,56.0,56.5,57.0,57.0,57.0,57.5,57.5,57.0,57.0,56.5,56.5,56.0,55.5,55.0,55.0,55.0,55.0,55.5,56.0,57.0,57.5,58.5,59.0,59.0,59.0,59.0,59.0,58.5,58.0,57.5,56.5,56.0,55.5,55.5,55.5,56.0,56.5,57.0,57.5,58.0,58.5,58.5,58.5,58.5,58.5,58.0,58.0,58.0,57.5,57.5,57.5,57.5,57.5,57.0,57.0,57.5,57.5,58.0,58.0,59.0,59.5,60.0,60.0,60.0,59.5,59.0,59.0,58.5,58.0,58.0,57.5,57.0,56.5,56.0,56.0,55.5,55.5,55.5,55.0,55.0,54.5,54.5,54.0,54.0,54.0,53.5,53.5,53.5,53.0,53.0,52.5,52.5,52.5,52.5,52.5,52.5,53.0,53.5,54.0,54.5,55.0,55.5,56.0,56.5,57.0,57.5,57.5,57.5,57.0,56.5,56.0,55.0,54.0,53.5,52.5,52.0,52.0,52.0,53.0,54.5,55.5,57.0,58.0,58.5,59.0,59.5,59.5,59.0,59.0,58.5,58.5,58.5,58.5,0.0,0.0
51.0,52.0,52.5,52.5,53.0,53.0,53.0,53.0,53.0,53.5,53.5,53.5,53.5,53.5,53.0,52.5,52.5,52.0,51.5,51.5,52.0,52.0,52.5,52.5,53.0,53.5,53.5,54.0,54.5,55.0,55.5,55.5,55.5,55.5,55.0,54.5,54.5,54.0,54.0,53.5,53.5,53.5,54.0,54.0,54.5,54.5,55.0,55.0,55.0,55.0,55.0,54.5,54.5,54.0,54.0,53.5,53.5,53.0,53.0,53.5,53.5,53.5,54.0,54.5,55.0,55.5,55.5,56.0,56.0,56.0,56.0,55.5,55.0,54.5,53.5,52.5,51.0,49.0,47.0,44.5,42.5,40.5,38.5,37.0,36.0,35.5,35.5,36.0,36.5,37.5,39.0,41.5,44.5,48.0,52.5,57.5,63.5,70.0,77.0,83.5,90.0,96.5,102.5,109.0,115.0,121.0,126.5,131.0,134.0,136.0,137.5,138.0,137.5,136.5,134.0,131.0,126.5,121.5,116.5,111.0,106.0,100.5,95.5,90.5,86.0,81.5,77.5,73.5,70.5,67.5,65.0,63.0,61.0,59.0,57.5,56.5,55.5,54.5,54.0,54.0,53.5,53.5,53.0,53.0,53.0,53.0,53.0,53.0,53.0,53.0,53.0,52.5,52.0,51.5,51.0,51.0,50.5,50.0,50.0,50.0,50.0,50.0,50.0,50.5,51.0,51.0,51.5,51.5,52.0,51.5,51.5,51.0,50.5,50.0,49.0,48.5,48.0,48.0,47.5,47.5,47.5,47.5,47.5,48.0,48.5,48.5,49.0,49.0,49.5,49.5,50.0,50.0,50.0,50.0,49.5,49.5,49.0,48.5,48.0,48.0,47.5,47.5,47.5,48.0,48.0,48.0,48.0,48.0,48.0,48.0,48.0,47.5,47.5,47.0,46.5,46.0,46.0,45.5,45.5,45.5,45.5,46.0,46.0,46.5,47.0,47.5,48.5,49.0,49.0,49.5,49.5,49.0,49.0,48.5,48.0,47.5,47.0,46.5,46.0,46.0,46.0,45.5,45.5,46.0,46.0,46.5,47.0,47.0,47.5,47.5,47.5,47.5,47.5,47.0,47.0,47.0,46.5,46.5,46.5,46.5,46.5,46.5,46.5,47.0,47.5,47.5,48.0,47.5,47.5,47.0,46.5,46.0,46.0,45.0,44.5,44.0,43.5,43.5,43.5,43.5,43.5,44.0,44.5,45.0,46.0,46.5,46.5,46.5,47.0,47.0,47.0,47.0,46.5,46.5,46.0,45.5,44.5,43.5,42.5,41.5,40.5,39.5,39.5,40.0,41.0,42.0,44.0,45.5,47.0,48.5,50.0,51.0,51.5,51.5,51.5,51.0,50.5,50.0,49.5,49.5,0.0,0.0
121.5,117.0,112.0,106.5,101.0,95.0,90.0,85.0,80.5,76.5,73.0,70.5,68.0,66.0,64.0,63.0,62.0,61.5,61.0,60.5,60.0,59.5,59.0,59.0,58.5,58.5,58.5,58.5,58.5,58.5,58.5,58.0,57.5,57.5,57.0,56.5,55.5,55.0,54.0,53.5,53.0,53.0,53.0,53.5,54.0,54.5,55.0,55.5,56.5,57.5,58.0,58.5,58.5,58.5,58.0,58.0,57.5,56.5,56.0,55.0,54.0,53.5,52.5,52.0,51.5,51.5,51.5,51.5,51.5,52.0,52.0,52.5,53.0,53.0,53.5,53.5,53.5,53.0,53.0,52.5,52.0,51.5,51.5,51.0,51.0,50.5,50.5,50.5,50.5,50.5,50.5,50.5,50.5,51.0,51.0,51.0,51.0,51.0,51.0,50.5,50.5,50.5,50.0,50.0,49.5,49.5,49.0,49.0,49.0,49.5,49.5,50.0,50.5,50.5,50.5,50.5,50.5,50.5,50.0,50.0,49.5,49.5,49.5,49.5,49.5,49.0,49.0,48.5,48.5,48.5,49.0,49.0,49.5,49.0,49.0,49.0,49.0,49.0,49.0,49.0,49.0,48.5,48.0,48.0,47.5,47.5,47.0,47.0,47.0,47.0,47.5,48.0,49.0,49.5,50.0,50.0,50.0,49.5,49.0,48.5,48.0,47.5,47.0,46.5,46.0,46.0,45.5,46.0,46.5,47.0,47.5,48.0,48.5,48.5,49.0,49.0,48.5,48.5,48.0,47.5,47.0,46.5,45.5,45.0,45.0,44.5,44.5,44.5,44.5,45.0,45.5,46.0,46.5,47.0,47.5,48.0,48.0,48.5,48.0,48.0,48.0,48.0,48.0,47.5,47.0,46.5,46.0,46.0,46.0,46.5,47.0,47.5,48.0,48.0,48.5,48.5,48.5,48.5,48.5,48.5,48.0,47.5,47.0,46.5,46.0,45.5,45.0,45.0,45.0,45.5,46.0,46.0,46.0,46.0,46.0,46.0,46.0,46.0,46.0,45.5,45.0,44.5,44.5,44.0,44.0,44.0,44.0,44.0,43.5,43.5,43.5,43.5,43.5,43.5,43.5,43.0,43.0,43.0,42.5,42.5,42.5,42.5,42.5,42.5,42.5,42.5,43.0,43.0,43.0,43.5,43.5,43.0,43.0,43.0,43.0,43.0,43.5,43.5,43.5,43.5,43.5,43.5,43.5,43.5,43.0,43.0,42.5,42.5,42.5,43.0,43.0,43.5,43.5,43.5,43.5,43.0,43.0,42.5,42.5,42.0,42.0,42.0,42.0,42.0,41.5,41.5,41.0,41.0,40.5,41.0,41.0,41.5,42.0,42.0,42.5,42.5,42.5,42.5,42.5,42.0,0.0,0.0
62.0,62.0,62.0,62.0,62.0,62.0,61.5,61.0,60.5,60.5,60.0,59.5,59.0,58.5,58.5,59.0,60.0,60.5,61.5,62.0,62.5,62.5,62.5,62.5,62.5,62.0,61.5,61.0,60.5,60.0,59.0,58.5,58.0,57.0,56.5,56.5,56.5,57.0,58.0,58.5,59.0,59.0,59.5,59.0,59.0,58.5,58.0,57.5,57.0,56.5,56.5,56.0,56.0,56.0,56.5,56.5,56.5,57.0,57.5,57.5,57.5,57.5,58.0,58.0,58.0,58.0,57.5,57.0,56.0,55.5,55.0,55.0,55.0,55.5,56.0,56.5,57.0,57.5,57.5,57.5,57.5,57.0,57.0,56.5,56.5,56.0,56.0,55.5,55.0,55.0,55.0,54.5,54.5,54.5,54.5,54.5,54.5,55.0,55.0,55.5,55.5,56.0,56.5,56.5,56.5,56.5,56.0,56.0,55.5,55.5,55.5,56.0,56.0,55.5,55.5,55.0,55.0,55.5,56.0,56.5,57.0,57.5,58.0,58.0,58.5,58.5,58.5,58.5,58.5,58.5,58.5,58.0,57.5,57.5,57.5,58.0,58.5,59.0,59.5,59.5,60.0,60.5,61.0,61.0,61.5,62.0,61.5,61.5,61.0,60.5,60.5,60.0,59.5,59.0,58.5,58.0,58.0,58.0,58.5,58.5,59.0,59.5,59.5,60.0,60.0,60.5,60.0,60.0,60.0,60.0,60.5,60.5,60.5,60.5,60.5,60.0,60.0,60.0,60.5,61.0,61.5,61.5,61.5,61.0,60.5,60.0,59.5,59.0,59.0,58.5,58.5,58.5,58.5,58.5,58.5,58.5,58.5,59.0,59.5,59.5,60.0,60.0,59.5,59.5,59.5,59.5,59.5,59.5,59.5,59.5,59.0,59.5,59.5,59.5,60.0,60.0,60.0,60.5,61.0,61.0,61.5,61.5,61.5,61.0,61.0,61.0,60.5,60.5,60.0,60.0,59.0,58.5,58.5,58.0,58.5,59.0,60.0,61.0,62.0,62.5,63.0,63.5,63.5,63.5,63.5,62.5,62.0,61.5,60.5,60.5,60.0,60.0,60.0,60.0,60.0,60.0,60.0,60.5,61.0,61.5,61.5,62.0,62.0,61.5,61.5,61.5,61.0,60.5,59.5,59.0,58.0,57.5,57.0,57.0,57.0,57.5,57.5,58.0,58.5,59.0,59.5,60.5,61.0,61.5,61.5,61.0,60.5,60.0,59.5,59.0,58.5,58.0,58.0,58.0,58.0,58.0,58.0,58.5,59.0,59.5,60.5,61.0,61.0,61.0,61.0,60.5,60.0,59.5,59.0,58.5,58.0,57.0,56.5,56.0,55.5,55.0,54.5,54.5,55.0,55.5,0.0,0.0
31.0,32.0,32.5,33.5,34.0,34.5,34.5,35.0,35.0,34.5,34.0,33.5,33.0,33.0,33.0,32.5,32.5,32.5,33.0,33.0,33.5,33.5,34.0,34.0,34.0,34.0,33.5,33.5,33.0,33.0,32.5,32.0,31.5,31.0,30.5,30.5,30.5,31.0,31.5,32.0,32.5,33.0,33.5,33.5,34.0,34.0,34.0,33.5,33.5,33.5,33.0,32.5,32.0,31.5,31.0,31.0,30.5,30.5,31.0,31.0,31.5,32.0,32.0,32.0,32.5,32.5,32.0,32.0,32.0,31.5,31.5,31.5,31.5,31.5,31.5,31.5,31.5,31.5,32.0,32.0,32.5,32.5,32.0,31.5,30.5,29.0,27.5,26.0,23.5,21.5,19.0,16.5,14.5,13.0,12.0,11.0,10.5,11.0,12.0,13.5,15.5,18.5,22.5,27.0,32.5,38.0,44.5,51.5,58.0,64.5,70.5,76.5,82.5,88.5,95.0,100.5,105.5,109.5,112.5,114.5,116.0,117.0,117.0,115.5,113.5,110.0,106.0,101.0,96.0,90.5,84.5,78.5,72.5,66.5,61.5,56.5,52.0,48.0,44.5,42.0,39.5,37.5,36.0,35.0,34.5,34.0,34.0,33.5,33.5,33.0,32.5,32.0,32.0,32.0,31.5,31.5,31.0,31.0,31.0,31.0,31.5,31.5,32.0,32.0,32.5,32.5,32.0,32.0,31.5,31.0,30.5,30.0,29.5,29.0,28.5,28.0,28.0,28.0,28.0,28.0,28.0,28.5,28.5,28.5,29.0,29.0,29.0,29.0,28.5,28.5,28.5,28.0,28.0,27.5,27.5,27.5,27.5,27.5,27.5,28.0,28.0,28.5,29.0,29.0,29.0,29.0,29.0,29.0,29.0,29.0,29.0,28.5,28.0,28.0,27.5,27.5,27.0,27.0,27.0,27.5,27.5,28.0,28.0,28.0,28.5,28.5,28.5,28.0,28.0,27.5,27.0,26.5,26.5,26.5,27.0,27.0,27.5,27.5,28.0,28.0,28.5,29.0,29.0,29.5,30.0,30.0,30.0,30.0,29.5,29.5,29.0,28.5,28.5,28.0,27.5,27.5,27.0,27.0,27.0,27.5,27.5,28.0,28.5,29.0,29.0,29.5,29.0,29.0,29.0,29.0,29.0,28.5,28.0,27.5,27.5,27.0,27.5,27.5,28.0,28.5,29.5,30.0,30.0,30.5,30.5,30.5,30.5,30.5,30.0,29.5,29.5,29.0,28.5,28.5,28.5,28.5,28.5,29.0,29.0,29.0,29.0,29.0,29.5,29.5,29.5,29.5,29.5,29.0,29.0,28.5,28.5,28.0,28.0,27.5,27.0,27.0,27.0,27.5,27.5,28.0,0.0,0.0
5.0,5.5,5.5,5.5,6.0,6.0,6.0,6.0,6.0,6.0,5.5,5.5,5.0,5.0,4.5,4.0,4.0,3.5,4.0,4.0,4.5,5.0,5.0,5.5,5.5,5.5,5.5,5.5,5.5,5.0,5.0,4.5,4.5,4.0,4.0,4.5,4.5,4.5,4.5,4.5,5.0,5.0,5.0,5.5,5.5,5.5,5.5,5.5,5.5,5.0,5.0,4.5,4.0,3.5,3.0,3.0,2.5,2.5,2.5,2.5,2.5,2.5,3.0,3.5,4.0,4.0,4.5,4.5,5.0,4.5,4.5,4.0,3.5,3.0,2.5,2.5,2.0,2.0,2.0,2.0,2.0,2.5,3.0,3.0,3.0,3.5,3.5,3.5,3.0,3.0,2.5,2.5,2.0,2.0,1.5,1.0,1.0,1.0,1.0,1.0,1.5,1.5,2.0,2.0,2.5,3.0,3.0,3.0,3.0,2.5,2.0,2.0,1.5,1.0,1.0,1.0,0.5,0.5,1.0,1.0,1.5,1.5,1.5,2.0,2.0,2.5,2.5,3.0,3.0,3.0,2.5,2.0,1.5,1.0,0.0,-0.5,-1.0,-1.0,-1.5,-1.5,-1.5,-1.5,-1.0,-1.0,-1.0,-1.0,-1.0,-1.0,-1.0,-1.0,-1.5,-1.5,-2.0,-2.0,-2.5,-2.5,-2.5,-3.0,-3.0,-3.0,-3.0,-2.5,-2.0,-1.5,-0.5,0.0,0.5,1.0,1.5,1.5,1.5,1.5,1.5,1.5,1.5,1.5,2.0,2.5,3.0,3.5,4.0,4.0,4.0,4.5,4.5,4.5,4.5,5.0,5.0,5.0,4.5,4.0,3.5,3.0,2.5,2.0,1.5,1.5,1.0,1.0,1.5,1.5,2.0,2.5,2.5,3.0,3.0,3.0,3.0,2.5,2.5,2.5,2.0,1.5,1.0,0.5,0.5,0.5,0.5,1.0,1.0,1.5,2.0,2.5,3.0,3.0,3.0,2.5,2.5,2.5,2.5,2.0,2.0,1.5,1.5,1.0,1.0,0.5,0.5,0.5,1.0,1.0,1.5,2.0,2.5,3.0,3.5,3.5,3.5,3.5,3.5,3.0,2.5,1.5,1.0,0.0,-1.5,-3.0,-4.5,-6.0,-7.5,-9.5,-10.5,-12.0,-13.5,-14.0,-14.5,-15.0,-15.0,-15.0,-14.5,-13.0,-11.0,-8.5,-5.0,-1.0,4.5,10.0,16.5,23.0,30.5,37.0,44.0,51.0,57.5,63.5,69.5,75.0,79.5,82.0,84.0,84.5,84.5,84.5,84.0,82.5,80.5,77.0,73.0,68.5,64.0,59.0,54.5,49.5,44.5,39.5,35.0,30.5,26.0,22.0,18.5,15.0,12.0,10.0,8.0,6.5,6.0,5.5,5.0,5.5,0.0,0.0
47.5,47.5,47.0,47.0,47.0,47.0,47.0,47.5,47.5,48.0,48.5,49.0,49.0,49.0,49.0,49.0,48.5,48.5,48.0,47.5,47.5,47.0,47.0,47.0,47.5,47.0,47.5,47.5,47.5,48.0,48.5,49.0,49.0,49.5,49.5,49.5,49.0,48.5,48.0,47.5,47.0,47.0,47.0,46.5,46.5,46.5,46.5,47.0,47.5,47.5,48.0,48.5,48.5,49.0,49.0,49.0,49.0,49.0,49.0,49.0,48.5,48.5,48.0,48.0,47.5,47.5,48.0,48.0,48.5,49.0,50.0,50.5,51.0,51.5,51.5,51.5,51.5,51.0,50.5,50.0,50.0,50.0,49.5,49.5,49.5,49.5,50.0,50.0,50.5,50.5,51.0,51.5,52.0,52.0,52.0,52.0,52.0,52.0,52.0,52.0,52.0,52.0,52.0,52.0,52.0,52.0,52.0,52.5,52.5,53.0,53.0,53.5,53.5,54.0,54.0,54.0,54.0,54.0,53.5,53.0,52.5,52.0,51.5,51.5,51.5,51.5,52.0,52.5,53.0,53.5,54.0,54.5,54.5,55.0,55.0,55.0,55.0,54.5,54.5,54.5,54.5,54.5,54.0,54.0,54.0,54.5,55.0,55.5,56.0,56.5,56.5,57.0,57.0,57.0,57.0,57.0,57.0,57.0,57.0,56.5,56.5,56.0,55.5,55.5,55.0,55.5,55.5,56.0,56.0,56.0,56.0,56.5,56.5,56.5,56.5,57.0,57.0,56.5,56.5,56.5,56.0,56.0,55.5,55.5,55.5,55.5,56.0,56.5,57.0,58.0,58.5,59.0,59.0,59.5,59.5,59.5,59.5,59.5,59.5,59.5,59.0,58.5,58.0,57.5,57.5,57.0,57.0,57.5,57.5,58.0,59.0,59.5,59.5,60.0,59.5,59.5,59.0,59.0,58.5,58.0,57.5,57.5,57.0,57.0,57.0,57.0,57.0,57.5,58.0,58.0,58.5,58.5,58.5,58.5,58.0,58.0,57.5,57.5,57.0,56.5,56.0,55.5,55.5,55.0,55.0,55.0,55.5,55.5,56.0,56.0,56.0,56.0,55.5,55.5,55.5,55.0,55.0,54.5,54.5,54.5,54.5,54.5,55.0,55.5,56.0,56.5,57.0,58.0,58.5,59.0,59.5,60.0,60.5,61.0,61.5,61.5,61.5,61.5,61.5,61.0,61.0,61.0,61.0,60.5,60.5,60.5,60.5,60.0,60.0,60.0,60.0,60.0,60.5,60.5,60.5,60.5,60.5,60.0,60.0,59.5,59.0,58.5,58.0,58.0,58.0,58.0,58.0,58.5,58.5,58.5,59.0,59.0,59.5,60.0,60.0,60.0,60.5,60.5,60.5,60.0,0.0,0.0
8.0,8.5,8.5,8.0,7.5,6.5,4.5,3.0,0.5,-2.0,-4.5,-7.0,-9.0,-10.5,-12.0,-12.5,-13.0,-12.5,-12.0,-10.0,-7.5,-4.0,0.5,5.5,11.0,17.5,24.5,31.5,38.5,45.0,51.0,56.5,62.0,68.0,73.5,78.5,83.0,86.5,89.5,92.0,93.5,95.0,95.5,95.5,94.0,91.5,88.0,84.0,79.0,73.5,67.5,61.5,56.0,50.0,44.5,39.5,35.0,30.5,27.0,23.5,20.5,18.5,16.5,15.5,14.5,14.5,14.0,14.0,14.0,14.0,13.5,13.5,13.0,12.5,12.0,12.0,11.5,11.5,11.5,11.5,11.5,12.0,12.5,13.0,13.0,13.0,13.0,13.0,13.0,12.5,12.0,11.5,11.0,11.0,10.5,10.5,10.0,10.0,10.5,10.5,11.0,11.5,11.5,12.0,12.0,12.0,12.0,11.5,11.5,11.5,11.0,11.0,10.5,10.5,10.5,10.5,10.5,11.0,11.0,11.0,11.0,11.0,11.5,11.5,12.0,12.0,12.5,13.0,13.0,13.0,12.5,12.5,12.0,11.5,11.5,11.0,11.0,11.0,11.0,11.0,11.5,11.5,12.0,12.0,12.5,12.5,12.5,12.5,12.0,11.5,11.0,10.5,10.0,9.5,9.5,9.0,9.0,9.5,9.5,10.0,10.5,11.0,11.5,12.0,13.0,13.5,14.0,14.0,14.0,14.0,13.5,13.0,12.0,11.5,11.0,11.0,11.0,11.0,11.5,12.0,12.0,12.5,12.5,12.5,12.5,12.5,12.5,12.5,12.0,12.0,12.0,12.0,11.5,11.5,11.5,11.5,11.0,11.5,11.5,12.0,12.5,13.0,13.5,14.0,14.5,15.0,15.0,15.0,15.0,14.5,14.5,14.0,13.5,13.0,12.5,12.0,12.0,12.0,12.5,13.0,13.5,14.0,14.5,14.5,14.5,14.5,14.0,14.0,14.0,13.5,13.5,13.0,13.0,12.5,12.5,12.5,12.5,12.5,13.0,13.0,13.5,14.0,14.5,14.5,15.0,15.0,15.0,15.5,15.5,15.5,15.0,15.0,15.0,15.0,14.5,14.5,14.5,15.0,15.0,15.5,16.0,16.5,16.5,17.0,17.5,17.5,17.5,17.5,17.5,17.0,17.0,16.5,16.0,15.5,15.0,15.0,14.5,14.5,14.5,14.5,14.5,15.0,15.5,16.0,16.0,16.0,16.0,16.0,15.5,15.5,15.0,15.0,14.5,14.5,14.5,14.5,14.5,14.5,14.5,14.5,15.0,15.5,16.0,16.5,17.0,17.0,17.5,17.5,17.5,17.5,17.0,16.5,16.0,16.0,16.0,16.0,16.0,16.0,16.0,16.5,0.0,0.0
-1.0,-3.0,-5.0,-6.5,-8.5,-10.0,-11.0,-11.5,-12.0,-12.5,-12.5,-12.5,-12.0,-11.0,-9.0,-6.5,-3.0,1.0,6.0,11.5,17.5,24.0,30.5,37.5,43.5,50.0,55.5,61.5,66.5,71.5,75.0,78.0,79.0,80.0,80.0,79.5,79.0,77.5,76.0,73.0,69.5,65.0,60.5,55.5,51.0,46.0,41.5,37.0,33.0,29.0,25.5,22.0,18.5,15.0,12.0,9.5,7.5,6.0,5.0,4.0,3.5,3.5,3.5,4.0,4.0,4.0,4.5,4.5,4.0,4.0,3.5,3.0,2.5,2.0,1.5,1.0,1.0,0.5,0.0,0.0,0.0,0.0,0.0,0.5,1.0,2.0,2.5,2.5,2.5,2.5,2.5,2.0,1.5,1.0,0.5,0.0,-0.5,-0.5,-1.0,-1.0,-0.5,-0.5,-0.5,-0.5,-0.5,0.0,0.0,-0.5,-0.5,-0.5,-0.5,-1.0,-1.5,-2.0,-2.5,-3.5,-4.0,-4.0,-4.5,-4.5,-4.5,-4.5,-4.5,-4.0,-3.5,-3.0,-2.5,-2.0,-1.5,-1.0,-0.5,-0.5,-0.5,-1.0,-1.5,-2.5,-3.0,-3.0,-3.0,-3.0,-3.0,-3.0,-3.0,-3.0,-2.5,-2.5,-2.0,-1.5,-1.5,-1.5,-1.5,-1.5,-2.0,-2.0,-2.5,-3.0,-3.5,-4.0,-4.0,-4.5,-4.5,-4.5,-4.5,-4.5,-4.0,-4.0,-3.5,-3.0,-3.0,-2.5,-2.5,-2.5,-2.5,-3.0,-3.5,-3.5,-4.0,-4.5,-4.5,-5.0,-5.0,-5.0,-5.0,-4.5,-4.5,-4.0,-4.0,-3.5,-3.0,-3.0,-2.5,-2.5,-3.0,-3.0,-3.5,-4.0,-4.5,-4.5,-5.0,-5.5,-6.0,-6.0,-6.0,-5.5,-5.0,-4.5,-4.0,-4.0,-3.5,-3.5,-3.5,-3.5,-4.0,-4.0,-4.5,-5.0,-5.5,-6.0,-6.0,-6.0,-6.0,-6.0,-6.0,-6.5,-6.5,-6.5,-6.5,-6.5,-6.0,-6.0,-6.0,-5.5,-5.5,-5.0,-5.0,-5.5,-5.5,-6.0,-6.5,-6.5,-6.5,-6.5,-6.0,-5.5,-5.0,-4.5,-4.0,-3.5,-3.5,-3.5,-3.5,-3.5,-4.0,-4.0,-4.5,-5.0,-5.0,-5.5,-5.5,-5.5,-5.5,-5.5,-5.5,-5.5,-5.0,-4.5,-4.5,-4.0,-4.0,-3.5,-4.0,-4.0,-4.5,-5.5,-6.0,-7.0,-7.5,-8.5,-9.0,-9.5,-9.5,-9.5,-9.0,-8.5,-8.0,-8.0,-7.5,-7.5,-7.0,-7.0,-7.0,-7.0,-7.0,-7.0,-7.0,-7.0,-7.0,-7.0,-7.5,-8.0,-8.0,-8.5,-8.5,-8.5,-8.0,-7.5,-7.0,-6.5,-6.5,-6.0,-6.0,-6.0,-6.5,-6.5,-7.0,-7.5,-8.0,-9.0,-9.5,-10.5,0.0,0.0
51.5,55.5,59.0,61.0,62.0,62.0,62.0,61.5,60.5,58.5,56.0,52.5,48.5,44.5,40.0,35.0,30.0,25.0,20.0,14.5,9.5,4.5,-0.5,-5.0,-8.5,-11.5,-13.0,-14.0,-14.5,-14.5,-14.0,-13.0,-12.0,-11.0,-10.0,-9.5,-9.0,-9.0,-9.0,-9.5,-10.5,-11.5,-12.5,-13.5,-15.0,-15.5,-16.5,-17.0,-17.5,-18.0,-18.0,-18.0,-18.0,-17.5,-17.5,-17.0,-17.0,-17.0,-17.0,-17.0,-17.5,-17.5,-18.0,-18.5,-19.0,-19.5,-20.0,-20.5,-21.0,-21.0,-21.5,-21.0,-20.5,-20.0,-19.0,-18.5,-18.0,-17.5,-17.0,-16.5,-16.0,-16.0,-16.5,-16.5,-17.0,-17.5,-17.5,-18.0,-18.5,-18.5,-18.5,-18.5,-18.5,-18.5,-18.5,-18.0,-17.5,-17.0,-16.5,-16.0,-16.0,-16.0,-16.0,-16.5,-16.5,-17.0,-17.5,-17.5,-18.0,-18.5,-18.5,-18.5,-18.0,-17.5,-17.5,-17.0,-17.0,-17.0,-16.5,-16.5,-16.5,-16.5,-17.0,-17.5,-18.0,-18.5,-19.0,-19.0,-19.0,-19.5,-19.5,-20.0,-20.0,-20.0,-19.5,-19.0,-18.0,-17.5,-17.0,-17.0,-17.0,-17.5,-17.5,-18.0,-18.5,-19.0,-19.0,-19.0,-19.5,-19.5,-19.5,-19.5,-19.0,-18.5,-18.0,-17.5,-17.5,-17.0,-17.0,-17.0,-17.0,-17.5,-18.0,-18.0,-18.5,-19.0,-19.0,-19.0,-19.5,-19.5,-19.5,-19.5,-19.5,-19.5,-19.5,-19.0,-19.0,-18.5,-18.0,-18.0,-17.5,-18.0,-18.0,-18.5,-18.5,-19.0,-19.5,-20.0,-20.0,-20.0,-20.0,-20.0,-19.5,-19.0,-18.5,-18.0,-17.5,-17.0,-16.5,-16.5,-16.5,-17.0,-17.5,-18.0,-18.5,-18.5,-18.5,-18.5,-18.5,-18.5,-18.5,-18.5,-18.0,-17.5,-17.0,-17.0,-16.5,-16.5,-16.5,-16.0,-16.0,-16.0,-16.0,-16.0,-16.0,-16.5,-16.5,-17.0,-17.0,-17.0,-16.5,-16.5,-16.0,-15.5,-15.0,-14.5,-14.0,-14.0,-13.5,-13.5,-14.0,-14.0,-14.5,-15.0,-15.5,-16.0,-16.0,-16.5,-16.5,-17.0,-17.0,-17.5,-17.5,-17.0,-16.5,-16.0,-15.5,-15.0,-15.0,-15.0,-15.0,-15.5,-16.0,-16.5,-17.5,-18.0,-18.5,-18.5,-19.0,-18.5,-18.5,-18.0,-17.5,-17.0,-16.5,-16.0,-15.5,-15.0,-15.0,-14.5,-14.0,-14.0,-14.0,-14.0,-14.5,-15.0,-15.5,-16.0,-16.0,-16.5,-16.0,-16.0,-15.0,-14.5,-14.0,-13.5,-13.5,-13.5,-13.5,-13.5,-14.0,-14.0,-14.0,-14.5,-14.5,-15.0,-15.0,-15.5,-15.5,-15.5,-15.5,-15.0,-15.0,-14.5,-14.0,-13.5,-13.0,-13.0,-12.5,-12.0,0.0,0.0
70.0,70.5,70.5,70.5,70.5,70.5,70.5,70.5,70.0,69.5,69.5,69.0,69.0,69.5,69.5,70.0,70.5,71.0,71.5,71.5,71.5,71.5,71.0,71.0,70.5,70.0,69.5,68.5,68.0,67.0,66.0,65.5,65.0,65.0,65.5,66.5,67.5,69.0,70.5,72.0,73.5,74.0,75.0,75.0,75.5,75.0,74.5,74.0,73.5,72.5,72.0,71.0,70.5,70.0,69.5,69.0,69.5,69.5,70.0,70.5,71.0,71.5,72.0,72.5,72.5,73.0,73.0,72.5,72.0,71.5,71.5,71.0,70.5,70.5,70.5,70.5,71.0,71.0,71.5,72.0,72.5,72.5,72.5,72.5,72.5,72.5,72.0,71.5,71.5,70.5,70.0,69.5,69.0,68.5,68.0,68.5,68.5,69.0,69.5,69.5,70.0,70.5,70.5,70.5,70.5,70.5,70.5,70.5,70.5,70.5,70.5,70.5,70.5,70.5,70.0,70.0,70.0,70.0,70.5,70.5,71.0,71.0,71.5,71.5,71.5,71.5,71.5,71.5,71.0,71.0,71.0,71.0,70.5,70.5,70.5,70.5,70.5,71.0,71.0,71.5,72.0,72.5,73.0,73.5,73.5,73.5,73.0,73.0,72.5,72.0,72.0,71.5,71.5,71.5,71.0,71.5,71.5,72.0,72.0,72.5,73.0,73.0,73.0,73.0,73.0,73.0,72.5,72.0,71.5,70.5,70.0,69.5,69.0,69.0,69.0,69.5,70.0,70.5,71.0,71.0,71.0,71.5,71.5,71.5,72.0,72.0,72.0,71.5,71.5,71.0,70.5,70.0,70.0,70.0,70.0,70.5,70.5,71.0,71.0,71.0,71.5,72.0,72.0,72.5,72.5,72.0,72.0,71.5,71.0,70.5,70.0,69.5,69.5,69.0,69.0,69.5,69.5,69.5,70.0,70.0,70.5,70.5,71.0,71.5,72.0,72.5,72.5,73.0,73.0,73.0,73.0,72.5,72.5,72.5,72.5,72.5,73.0,73.5,74.0,74.0,74.5,75.0,75.5,75.5,76.0,76.0,76.0,75.5,75.5,75.0,74.5,74.0,74.0,73.5,73.5,73.0,73.0,73.5,73.5,74.0,74.5,75.0,75.0,75.0,75.0,75.0,74.5,74.0,74.0,73.5,73.5,73.5,73.5,74.0,74.0,74.0,74.0,74.5,75.0,75.0,75.5,76.0,76.5,77.0,77.0,77.0,76.5,76.5,76.5,76.0,76.0,75.5,75.0,74.5,74.5,74.5,74.5,75.0,75.5,76.0,76.0,76.0,76.5,76.5,77.0,77.0,77.0,77.0,77.0,76.5,76.5,76.5,76.0,75.5,75.5,75.5,76.0,76.5,77.0,77.5,0.0,0.0
49.5,46.5,44.5,42.5,41.0,40.0,39.0,38.5,38.5,38.5,39.0,39.0,39.5,40.0,40.0,40.0,39.5,39.0,38.5,37.5,37.0,36.5,36.0,36.0,36.0,36.0,36.0,36.0,36.0,36.0,36.0,36.0,36.5,36.5,37.0,37.5,38.0,38.0,38.0,37.5,37.0,36.5,36.5,36.0,36.0,36.0,36.0,36.0,36.5,36.5,37.0,37.0,37.5,37.5,37.5,37.5,37.5,37.5,37.0,37.0,36.5,36.5,36.0,36.0,36.0,36.0,36.0,36.5,36.5,37.0,37.5,38.0,38.0,38.5,38.5,39.0,39.0,38.5,38.5,38.0,37.5,37.0,36.5,36.0,35.5,35.5,35.5,35.5,36.0,36.0,36.5,36.5,37.0,37.0,37.0,37.5,37.5,37.5,37.5,37.5,37.5,37.0,37.0,37.0,36.5,36.5,37.0,37.5,38.0,38.5,39.5,40.0,40.5,40.5,41.0,41.0,41.0,41.5,41.5,41.0,40.5,40.0,40.0,39.5,39.0,39.0,39.0,38.5,39.0,39.0,39.5,39.5,40.0,40.0,40.0,40.0,39.5,39.0,39.0,38.5,38.0,38.0,37.5,37.5,38.0,38.0,38.0,38.0,38.5,38.5,39.0,39.5,40.5,41.0,41.0,41.5,41.5,41.0,41.0,40.5,40.0,39.5,39.5,39.0,39.0,39.0,39.0,39.0,39.0,39.0,39.5,40.0,40.0,40.5,41.0,41.5,42.0,42.5,43.0,43.0,43.0,42.5,42.5,42.5,42.0,42.0,42.0,42.0,42.0,42.5,42.5,43.0,43.0,43.0,43.0,43.5,43.5,44.0,44.0,43.5,43.5,43.5,43.0,43.0,42.5,42.5,42.5,42.5,42.5,43.0,43.0,43.5,44.0,44.0,44.5,44.5,44.5,44.0,43.5,43.0,42.5,42.0,42.0,41.5,41.5,41.0,41.0,41.0,41.0,41.5,41.5,42.0,42.0,42.5,43.0,43.5,43.5,44.0,44.0,44.0,44.0,43.5,43.5,43.5,43.5,43.5,44.0,44.0,44.5,45.0,45.5,46.0,46.5,46.5,46.5,46.5,46.5,46.5,46.5,46.0,45.5,45.5,45.0,44.5,44.0,44.0,43.5,43.5,43.5,44.0,44.0,44.5,45.0,45.5,45.5,46.0,46.0,46.0,46.0,46.0,46.0,46.0,46.0,46.0,46.0,45.5,45.5,46.0,46.5,46.5,47.0,47.5,48.0,48.0,48.5,48.5,48.5,48.5,48.0,48.0,47.5,47.0,47.0,46.5,46.5,46.5,46.5,46.5,47.0,47.0,47.5,48.0,48.5,49.0,49.5,49.5,50.0,49.5,49.5,49.5,0.0,0.0
27.5,28.0,28.5,28.5,28.5,28.5,28.5,28.5,28.5,28.5,28.0,27.5,27.0,26.5,26.5,26.0,25.5,25.5,25.5,25.5,25.5,26.0,26.0,26.5,27.0,27.0,27.0,27.5,27.0,27.0,26.5,26.5,26.0,26.0,25.5,25.5,25.0,25.0,25.5,26.0,26.5,27.0,27.5,28.0,28.0,28.0,28.0,27.5,27.5,27.0,26.5,26.5,26.0,26.0,26.0,25.5,25.5,25.5,25.5,26.0,26.0,26.5,26.5,27.0,27.5,27.5,28.0,28.0,27.5,27.0,27.0,26.5,26.0,26.0,25.5,25.5,25.5,25.5,25.5,25.5,25.5,26.0,26.0,26.5,27.0,27.5,27.5,28.0,28.0,27.5,27.5,27.0,26.5,26.0,25.5,25.0,24.5,24.5,24.5,24.5,24.5,24.5,24.5,24.5,24.5,24.5,24.0,23.5,23.0,22.0,22.0,21.5,21.0,21.0,20.5,20.5,20.0,20.0,20.5,20.5,21.0,22.0,22.5,23.0,23.5,24.0,24.5,24.5,25.0,25.5,26.0,26.5,26.5,26.5,26.5,26.5,26.0,26.0,25.5,25.5,25.5,26.0,26.0,26.0,26.0,26.0,25.5,25.5,25.0,25.0,24.5,24.5,24.0,24.0,24.0,24.0,23.5,23.5,24.0,24.0,24.5,25.0,25.5,26.0,26.0,26.5,26.5,26.5,26.5,26.5,26.5,26.5,26.0,26.0,25.5,25.5,25.5,25.5,25.5,26.0,26.5,26.5,27.0,27.5,27.5,28.0,28.0,28.5,28.0,28.0,27.5,27.0,27.0,26.5,26.5,26.5,26.5,26.5,26.5,27.0,27.0,27.0,27.0,27.0,27.0,26.5,25.5,24.0,22.5,20.5,18.0,15.5,13.0,10.0,8.0,6.0,4.5,3.5,3.0,3.0,3.5,5.0,7.5,10.5,14.5,19.5,25.0,31.5,38.5,46.0,53.5,60.5,67.5,74.0,81.0,88.0,94.5,101.0,107.0,111.5,115.5,118.0,120.0,121.0,120.5,119.5,116.5,112.5,107.0,100.5,93.5,86.5,79.5,73.0,66.5,61.0,56.0,51.5,48.0,45.0,43.0,41.0,39.5,38.0,37.0,36.0,35.5,35.0,34.5,34.5,33.5,33.0,31.5,30.5,29.5,28.0,27.0,26.5,26.0,26.0,26.0,26.5,27.0,27.5,27.5,27.5,27.5,27.0,27.0,26.5,26.5,26.0,25.5,25.5,25.0,25.0,25.0,25.0,25.0,25.5,26.0,26.0,26.5,26.5,27.0,27.0,27.0,27.0,27.0,26.5,26.5,26.5,26.0,25.5,25.5,25.5,25.5,25.5,26.0,26.5,0.0,0.0
21.5,20.5,19.5,19.0,18.5,18.5,19.0,20.0,21.5,23.0,25.0,26.5,27.5,28.5,29.5,30.0,30.5,30.5,30.5,30.0,30.0,29.5,29.0,28.5,28.0,27.5,27.0,27.0,27.5,27.5,27.5,27.5,27.5,27.5,27.0,27.0,26.5,26.0,25.0,24.5,24.0,23.5,23.0,23.0,22.5,22.5,22.5,22.5,22.5,22.5,22.5,23.0,23.5,24.0,24.5,24.5,24.5,24.5,24.5,24.0,23.5,23.5,23.5,24.0,24.0,24.5,24.5,25.0,25.5,25.5,25.5,26.0,26.0,26.0,26.0,26.0,26.0,26.0,25.5,25.5,25.5,25.5,25.5,25.5,25.5,25.5,26.0,26.0,26.5,26.5,27.0,27.0,27.5,27.5,27.5,27.5,27.5,27.5,27.0,26.5,26.0,26.0,25.5,25.5,26.0,26.0,26.5,27.0,27.5,28.0,28.5,29.0,29.0,29.0,29.0,29.0,29.0,28.5,28.5,28.5,28.0,28.0,27.5,27.5,27.5,28.0,28.5,29.0,29.5,30.0,30.5,31.0,31.5,32.0,32.0,32.0,31.5,31.5,31.0,31.0,30.5,30.0,29.5,30.0,30.0,30.5,31.0,31.0,31.5,31.5,32.0,32.0,32.5,32.5,32.5,32.5,32.0,32.0,32.0,31.5,31.5,31.5,32.0,32.0,32.5,32.5,33.0,33.5,33.5,33.5,34.0,34.0,34.0,34.0,34.5,34.5,34.5,34.0,33.5,33.0,33.0,32.5,32.5,33.0,33.5,33.5,34.0,34.5,34.5,35.0,35.0,35.0,35.5,35.5,36.0,36.0,35.5,35.5,35.0,34.5,34.0,34.0,33.5,33.5,33.5,34.0,34.0,34.5,35.0,35.5,35.5,36.0,36.5,37.0,37.0,36.5,36.0,36.0,35.5,35.0,35.0,35.5,35.5,36.0,36.0,36.5,36.5,37.0,37.0,37.5,38.5,39.0,39.5,39.5,40.0,40.0,40.0,40.0,39.5,39.0,38.5,38.0,37.5,37.5,38.0,38.0,38.5,38.5,39.0,39.5,40.0,40.0,40.0,40.0,40.0,40.0,40.0,40.0,39.5,39.0,39.0,38.5,38.5,38.5,38.5,38.5,38.5,39.0,39.0,39.5,39.5,39.5,40.0,40.0,40.0,40.0,40.0,40.0,40.0,39.5,39.5,39.5,39.0,39.0,39.5,39.5,40.0,40.0,40.0,40.0,40.0,40.0,40.0,40.0,39.5,39.5,39.0,39.0,38.5,38.0,38.0,37.5,37.5,37.5,37.5,37.5,38.0,38.0,38.5,39.0,39.5,40.0,40.0,40.5,40.0,40.0,39.5,39.5,39.0,38.5,0.0,0.0
27.0,27.5,27.5,27.5,27.5,27.0,27.0,26.5,26.5,26.0,25.5,25.0,24.5,24.5,24.5,24.5,24.5,25.0,26.0,26.5,27.0,27.5,27.5,28.0,28.0,27.5,27.5,27.0,26.5,26.0,25.5,25.0,25.0,25.0,25.0,25.5,26.0,27.0,27.5,28.0,28.5,28.5,29.0,29.0,29.0,28.5,28.5,28.0,27.5,27.0,27.0,26.5,26.0,26.0,25.5,26.0,26.0,26.0,26.0,26.5,26.5,27.0,27.0,27.0,27.0,27.0,26.5,26.5,26.0,26.0,26.0,26.0,26.0,26.0,25.5,25.5,26.0,26.5,26.5,27.0,27.5,28.0,28.5,28.5,29.0,29.0,29.0,28.5,28.5,28.0,28.0,27.5,27.5,27.0,27.0,27.0,27.0,27.5,27.5,28.0,28.0,28.5,28.5,29.0,29.0,29.5,29.5,29.5,29.5,29.5,29.5,29.5,29.0,29.0,29.0,29.0,29.0,29.5,29.5,30.0,30.5,31.0,31.0,31.0,31.0,31.0,30.5,30.5,30.5,30.5,30.5,30.5,30.0,29.5,29.0,28.5,28.0,28.0,28.0,28.0,28.0,28.0,28.5,28.5,28.5,28.0,28.0,27.5,27.0,26.5,26.0,26.0,26.0,26.0,26.0,26.0,26.0,26.0,26.0,26.0,26.5,26.5,26.5,26.5,27.0,27.0,27.5,28.0,28.0,28.0,27.5,27.5,27.5,27.5,27.5,27.5,28.0,28.5,29.0,29.5,30.0,30.5,31.0,31.5,31.5,31.5,31.5,31.5,31.0,30.5,30.0,29.5,29.0,28.5,28.0,28.0,28.0,28.0,28.5,28.5,29.0,29.0,29.0,29.0,29.0,29.0,29.0,28.5,28.5,28.0,28.0,27.5,27.5,27.0,27.0,27.0,27.0,27.5,28.0,28.5,28.5,29.0,29.0,29.0,29.0,29.0,29.0,28.5,28.5,28.0,28.0,28.0,27.5,27.5,27.5,27.0,27.5,27.5,28.0,28.0,28.5,28.5,28.5,28.5,28.5,28.0,27.5,27.0,26.0,25.5,25.0,24.5,24.5,24.5,24.0,24.0,23.5,23.0,22.0,21.0,19.5,18.0,16.0,14.5,12.5,11.0,9.5,8.0,7.5,7.0,6.5,6.5,7.0,8.5,10.5,13.5,18.0,23.0,29.0,35.5,42.5,50.0,57.5,64.5,71.5,78.0,84.0,89.5,94.5,99.0,102.0,104.0,105.0,105.0,104.5,103.5,102.5,101.5,100.0,98.5,96.0,93.0,89.5,86.0,81.5,77.0,72.0,66.5,61.5,57.0,52.0,48.0,44.0,40.0,37.0,34.5,32.0,30.5,30.0,29.5,0.0,0.0
36.0,37.0,38.0,38.5,39.0,39.0,38.5,38.0,37.5,37.0,36.5,36.0,36.0,36.0,36.0,35.5,35.0,34.5,34.5,34.0,34.0,33.5,33.0,33.0,33.0,33.0,33.5,34.0,34.0,34.0,34.5,34.5,35.0,35.5,36.0,37.0,37.5,38.0,38.5,39.0,38.5,38.5,38.0,37.5,37.0,36.5,36.0,36.0,36.0,35.5,35.5,35.5,35.5,35.5,35.5,36.0,36.5,36.5,37.0,37.5,37.5,37.5,38.0,38.0,37.5,37.5,37.0,36.5,36.0,36.0,35.5,35.5,36.0,36.0,36.5,36.5,37.0,37.5,37.5,38.0,38.0,37.5,37.0,36.5,36.0,35.5,35.0,34.5,34.0,33.5,33.5,34.0,34.0,34.0,34.5,34.5,34.5,35.0,35.5,36.0,36.5,37.0,37.0,37.0,37.0,36.5,36.0,36.0,35.5,35.5,35.5,36.0,36.0,36.0,36.0,35.5,35.0,34.0,32.0,30.5,28.0,25.5,23.0,20.5,18.5,17.0,15.5,14.5,14.5,14.5,15.0,16.5,18.5,21.5,25.5,30.5,36.0,42.5,49.0,56.5,64.0,71.0,77.5,84.0,89.5,95.5,101.0,106.0,110.5,114.0,116.0,117.5,118.0,118.0,118.0,117.5,116.0,113.5,110.0,106.0,101.5,96.0,90.5,85.0,79.0,73.5,68.5,63.5,59.0,54.5,51.0,47.5,45.0,43.0,41.0,40.0,39.0,38.5,38.0,38.0,38.0,38.0,37.5,37.5,37.0,37.0,36.5,36.0,36.0,35.5,35.5,35.5,35.5,35.5,35.5,35.5,36.0,36.0,36.0,36.0,36.0,36.0,35.5,35.5,35.0,35.0,34.5,34.5,34.0,33.5,33.5,33.0,33.0,33.0,33.5,33.5,33.5,34.0,34.0,34.0,34.5,34.0,34.0,33.5,33.5,33.5,33.0,33.0,33.0,33.0,33.5,33.5,34.0,34.5,35.0,35.5,36.0,36.0,36.0,36.0,36.0,36.0,36.0,35.5,35.5,35.0,34.5,34.5,34.5,34.5,34.5,35.0,35.0,35.0,35.0,35.5,35.5,36.0,36.0,36.5,36.5,36.5,36.0,36.0,35.5,35.5,35.0,35.0,34.5,34.5,34.5,34.5,34.5,35.0,35.5,36.0,36.5,36.5,37.0,37.0,37.0,37.0,37.0,37.0,36.5,36.5,36.0,35.5,35.0,35.0,34.5,34.5,35.0,35.0,35.5,35.5,36.0,36.0,36.5,36.5,37.0,37.0,36.5,36.5,36.0,35.5,35.0,35.0,35.0,35.0,35.5,35.5,36.0,36.5,37.0,37.5,38.0,38.0,38.5,38.5,0.0,0.0
37.5,37.5,37.5,37.5,37.5,37.5,37.5,37.5,37.5,37.0,37.0,36.5,36.5,36.5,36.0,36.0,36.0,36.5,37.0,37.5,38.0,38.5,39.0,39.5,39.5,39.5,40.0,40.0,39.5,39.5,39.5,39.0,38.5,38.0,37.5,37.0,37.0,37.0,37.0,37.5,38.0,38.5,39.0,39.5,39.5,40.0,40.0,40.5,40.0,40.0,39.5,39.0,39.0,38.5,38.0,38.0,37.5,37.5,37.5,37.5,37.5,37.5,37.5,37.5,37.5,37.5,38.0,38.0,37.5,37.0,37.0,36.5,36.5,36.5,36.0,35.5,35.5,35.5,35.5,35.5,35.5,36.0,36.0,36.0,36.5,36.5,36.0,35.5,35.0,34.5,34.0,33.5,33.0,32.5,32.0,31.5,31.5,31.5,31.5,32.0,32.5,33.5,34.0,35.0,36.0,36.5,37.0,37.5,38.0,38.0,37.5,37.5,37.0,37.0,36.5,36.5,36.0,36.0,36.0,36.5,37.0,37.0,37.5,38.0,38.5,38.5,38.5,38.5,38.0,37.5,37.0,36.5,36.0,36.0,35.5,35.5,35.0,35.0,35.0,35.5,35.5,36.0,37.0,37.0,37.5,37.5,37.5,37.0,36.5,36.5,36.0,35.5,35.5,35.0,35.0,35.0,35.5,35.5,36.0,36.0,36.0,36.5,36.5,36.5,37.0,37.0,37.5,38.0,38.0,38.0,37.5,37.0,36.5,36.0,35.5,35.0,35.0,35.0,35.0,35.0,35.5,35.5,36.0,36.0,36.5,36.5,36.5,36.5,36.0,36.0,35.0,34.0,33.0,31.5,29.5,27.5,26.0,24.0,22.5,21.0,19.5,18.5,18.0,17.5,17.5,18.0,19.0,20.5,22.5,25.0,28.5,32.5,37.5,43.0,49.0,56.0,62.5,69.5,75.5,82.0,88.0,94.5,100.5,106.0,111.0,114.0,116.0,117.0,117.5,117.5,116.5,115.0,112.5,109.5,105.0,100.5,95.5,90.5,85.0,80.0,75.0,70.5,66.5,62.5,58.0,54.5,51.0,48.0,45.0,42.5,40.5,38.5,37.5,37.0,36.5,36.0,35.5,35.0,34.5,34.5,34.5,35.0,35.5,35.5,36.0,36.0,36.0,35.5,35.0,34.5,34.5,34.0,34.0,34.0,34.0,34.0,34.0,34.5,34.5,34.5,34.0,34.0,34.0,34.0,33.5,33.0,32.5,32.0,31.0,30.5,29.5,28.5,28.0,28.0,28.5,29.0,30.0,31.0,32.5,33.5,34.5,35.5,36.0,37.0,37.0,37.5,37.5,37.0,36.5,35.5,34.5,33.0,32.0,31.0,30.5,30.0,30.0,30.0,30.0,30.5,0.0,0.0
23.0,22.5,22.0,22.0,22.0,22.0,22.5,22.5,23.0,23.0,23.0,22.5,22.5,22.0,22.0,21.5,21.5,21.0,20.5,20.5,20.0,20.0,19.5,19.5,19.5,20.0,20.0,20.5,21.0,21.5,21.5,22.0,22.0,22.0,21.5,21.5,20.5,20.0,19.5,19.0,19.0,19.0,19.0,19.0,19.0,19.0,19.5,19.5,20.0,20.0,20.5,20.5,21.0,21.0,21.0,20.5,20.5,20.0,19.5,19.0,19.0,18.5,18.0,17.5,17.0,16.0,15.0,13.5,12.0,10.0,8.5,6.5,5.0,4.0,2.5,2.0,1.5,1.5,2.0,3.5,5.5,8.0,11.5,16.5,21.5,28.0,35.0,42.5,50.0,57.5,64.0,71.0,77.0,83.5,89.5,95.0,99.5,102.5,104.5,105.5,105.5,105.5,105.0,103.5,101.5,98.5,95.0,91.0,86.5,82.0,77.0,71.5,66.5,61.0,55.5,50.5,45.5,41.0,37.5,34.0,31.0,29.0,27.0,26.0,25.0,25.0,24.5,25.0,25.0,25.0,25.5,25.5,25.5,25.5,25.0,25.0,24.5,24.5,24.0,23.5,23.0,22.5,22.5,22.5,22.5,23.0,23.0,23.5,23.5,24.0,23.5,23.5,23.0,23.0,22.5,22.0,21.5,21.0,20.5,20.5,20.0,20.0,20.0,20.0,20.0,20.0,20.5,20.5,21.0,21.0,21.5,21.5,21.5,21.5,21.5,21.5,21.0,20.5,20.5,20.5,20.5,20.5,20.5,20.5,21.0,21.0,21.5,21.5,22.0,22.0,22.0,22.5,22.5,22.5,22.0,21.5,21.0,20.5,20.0,19.5,19.0,18.5,18.5,18.5,19.0,19.0,19.5,20.0,20.5,21.0,21.0,21.5,22.0,22.0,22.0,21.5,21.5,21.0,20.5,20.5,20.0,20.0,20.0,20.0,20.5,20.5,21.0,21.0,21.5,22.0,22.5,22.5,22.5,22.0,22.0,21.5,21.5,21.5,21.0,20.5,20.5,20.0,20.0,20.0,20.0,20.0,20.0,20.5,21.0,21.0,21.5,21.5,21.5,21.0,21.0,20.5,20.5,20.0,19.5,19.5,19.0,18.5,18.5,19.0,19.0,19.5,20.0,20.5,21.0,21.0,21.5,21.5,21.5,21.5,21.5,21.5,21.5,21.0,20.5,20.5,20.0,20.0,20.0,20.0,20.0,20.5,20.5,21.0,21.5,21.5,22.0,21.5,21.5,21.5,21.5,21.5,21.5,21.5,21.5,21.5,21.0,21.0,21.0,21.5,21.5,22.0,22.5,22.5,22.5,22.0,21.5,21.0,20.5,20.0,19.5,19.5,19.0,19.5,20.0,20.5,0.0,0.0
61.5,61.5,61.0,60.5,60.0,59.5,58.5,58.0,57.0,57.0,56.5,56.5,57.0,57.5,58.0,58.5,58.5,59.0,58.5,58.5,58.0,57.0,56.5,56.0,55.0,54.5,54.5,54.0,54.0,54.0,54.0,54.0,54.5,54.5,54.5,54.5,55.0,55.0,55.0,55.0,55.0,54.5,54.5,54.5,54.5,54.5,54.0,54.0,54.0,54.0,54.0,53.5,53.5,53.5,54.0,54.5,55.0,55.0,55.5,56.0,56.0,56.0,55.5,55.0,54.5,54.0,54.0,53.5,53.5,53.0,53.0,53.0,53.0,53.5,53.5,53.5,53.5,54.0,54.0,54.0,54.0,54.0,53.5,53.0,52.5,52.0,51.5,51.0,50.5,50.0,49.5,49.5,49.5,50.0,50.0,50.5,51.0,51.0,51.5,51.5,52.0,52.0,51.5,51.5,51.0,50.0,49.5,49.5,49.5,49.0,49.5,49.5,50.0,50.5,51.0,51.5,51.5,51.5,52.0,52.0,51.5,51.5,51.5,51.5,51.0,51.0,50.5,50.0,50.0,49.5,49.5,49.5,49.5,49.5,50.0,50.0,50.0,50.5,50.5,50.5,50.0,49.5,49.0,48.5,48.0,47.5,47.5,47.0,47.5,48.0,48.5,49.0,49.5,49.5,49.5,49.5,49.5,49.5,49.5,49.5,49.0,49.0,48.5,48.0,47.5,47.5,47.5,48.0,48.0,48.0,48.0,48.0,48.0,48.0,48.0,48.0,48.0,48.0,47.5,47.5,47.5,47.5,47.5,47.5,47.0,47.0,47.5,47.5,48.0,48.0,48.0,48.5,48.5,49.0,49.0,49.5,49.5,50.0,50.0,50.0,49.5,49.0,48.5,47.5,47.0,46.0,46.0,45.5,45.5,45.0,45.0,44.5,44.5,44.5,44.5,44.5,45.0,45.5,46.0,46.0,46.0,46.0,46.0,45.5,45.5,45.0,44.5,44.0,44.0,44.0,43.5,43.5,44.0,44.0,44.5,44.5,45.0,45.5,46.0,46.0,46.5,46.0,46.0,45.5,45.5,45.5,45.5,46.0,46.0,46.5,47.0,47.5,48.0,48.5,49.0,49.0,49.5,49.5,49.5,50.0,50.0,50.0,50.0,49.0,48.5,48.0,47.5,47.0,46.5,46.5,46.0,46.0,46.5,46.5,46.5,47.0,47.0,47.5,47.5,47.5,47.5,47.5,47.5,47.0,46.5,46.0,46.0,45.5,45.5,45.5,45.5,45.5,45.5,45.5,46.0,46.0,46.0,46.5,46.5,46.5,46.5,46.5,46.0,46.0,45.5,45.0,44.5,44.0,44.0,44.0,44.5,44.5,45.0,45.5,45.5,46.0,46.5,46.5,46.5,46.5,0.0,0.0
72.0,71.5,71.5,71.5,71.0,71.5,71.5,72.0,72.0,72.5,73.0,73.0,73.0,73.0,73.0,73.0,72.5,72.0,71.5,70.5,70.0,69.5,69.0,69.0,69.0,69.5,70.0,70.5,71.0,71.0,71.0,71.5,71.5,71.5,72.0,72.0,72.0,71.5,71.5,71.0,70.5,70.0,70.0,70.0,70.0,70.5,70.5,71.0,71.0,71.0,71.5,72.0,72.0,72.5,72.5,72.0,72.0,71.5,71.0,70.5,70.0,69.5,69.5,69.0,69.0,69.5,69.5,69.5,70.0,70.0,70.5,70.5,71.0,71.5,72.0,72.5,72.5,73.0,73.0,73.0,73.0,72.5,72.5,72.5,72.5,72.5,73.0,73.5,74.0,74.0,74.5,75.0,75.5,75.5,76.0,76.0,76.0,75.5,75.5,75.0,74.5,74.0,74.0,73.5,73.5,73.0,73.0,73.5,73.5,74.0,74.5,75.0,75.0,75.0,75.0,75.0,74.5,74.0,74.0,73.5,73.5,73.5,73.5,74.0,74.0,74.0,74.0,74.5,75.0,75.0,75.5,76.0,76.5,77.0,77.0,77.0,76.5,76.5,76.5,76.0,76.0,75.5,75.0,74.5,74.5,74.5,74.5,75.0,75.5,76.0,76.0,76.0,76.5,76.5,77.0,77.0,77.0,77.0,77.0,76.5,76.5,76.5,76.0,75.5,75.5,75.5,76.0,76.5,77.0,77.5,78.0,78.5,78.5,78.5,78.5,78.5,78.5,78.0,77.5,77.5,77.5,77.0,77.0,76.5,76.5,76.5,76.5,76.5,77.0,77.5,78.0,78.5,78.5,79.0,79.5,79.5,79.5,79.5,79.0,78.5,78.0,77.5,77.0,77.0,77.0,77.0,77.5,78.0,78.5,79.0,79.0,79.5,79.5,79.5,79.5,79.0,79.0,79.0,78.5,78.5,78.5,78.0,78.0,78.0,78.0,78.0,78.5,79.0,79.5,79.5,80.0,80.5,80.5,81.0,81.0,80.5,80.5,80.0,80.0,79.5,79.0,78.5,78.5,78.0,78.5,78.5,79.0,79.0,79.5,79.5,79.5,79.5,79.5,80.0,79.5,79.5,79.0,78.5,78.0,77.5,77.0,76.5,76.5,76.5,76.5,77.0,77.0,77.5,77.5,78.0,78.5,78.5,79.0,79.5,80.0,80.5,81.5,82.0,82.5,82.5,82.5,82.0,82.0,82.0,82.0,82.0,82.5,83.0,83.5,83.5,83.5,83.5,83.5,83.5,83.5,83.5,83.0,83.0,82.5,81.5,81.0,80.0,79.0,78.0,77.5,77.0,76.5,76.5,77.0,78.0,79.0,80.0,81.5,82.5,84.0,85.0,86.0,86.5,86.5,86.0,0.0,0.0
-8.5,-9.5,-10.0,-10.0,-10.5,-10.0,-10.0,-9.5,-9.0,-8.5,-8.5,-8.5,-8.0,-8.0,-8.0,-8.0,-8.0,-8.0,-8.0,-8.0,-8.0,-7.5,-7.5,-7.5,-8.0,-8.0,-8.5,-9.0,-9.0,-9.0,-8.5,-8.5,-8.0,-8.0,-7.5,-7.0,-7.0,-7.0,-7.5,-8.0,-8.5,-9.0,-9.5,-10.0,-10.0,-10.5,-10.5,-10.5,-10.5,-10.5,-10.0,-10.0,-9.5,-9.0,-8.5,-8.0,-8.0,-8.0,-8.0,-8.5,-9.0,-9.5,-10.0,-10.5,-11.0,-11.5,-11.5,-12.0,-11.5,-11.5,-10.5,-10.0,-10.0,-9.5,-9.0,-8.5,-8.0,-8.0,-8.5,-9.0,-9.5,-10.0,-10.5,-11.0,-11.0,-11.5,-11.5,-12.0,-11.5,-11.5,-11.0,-10.5,-10.5,-10.0,-10.0,-10.0,-10.0,-10.0,-10.0,-10.0,-10.5,-10.5,-11.0,-11.5,-11.5,-12.0,-12.0,-11.5,-11.5,-11.0,-10.0,-9.5,-9.0,-9.0,-9.0,-9.0,-9.0,-9.0,-9.5,-10.0,-10.5,-11.0,-11.0,-11.5,-12.0,-12.0,-12.0,-12.0,-11.5,-11.5,-11.0,-10.5,-10.5,-10.0,-10.0,-10.0,-10.0,-10.0,-10.0,-10.5,-11.0,-11.5,-12.5,-13.0,-13.5,-14.0,-14.5,-14.5,-14.5,-14.5,-14.0,-13.5,-13.0,-13.0,-12.5,-12.5,-12.5,-12.5,-13.0,-13.0,-13.5,-14.0,-14.5,-15.0,-15.5,-16.5,-16.5,-17.0,-17.0,-17.0,-17.0,-17.0,-17.0,-17.0,-17.0,-17.0,-16.5,-16.5,-16.5,-16.0,-16.0,-16.0,-16.0,-16.5,-16.5,-16.5,-16.5,-16.0,-15.5,-15.0,-15.0,-14.5,-14.0,-14.0,-13.5,-13.5,-13.5,-13.5,-13.5,-14.0,-14.0,-14.5,-15.0,-15.5,-16.0,-16.5,-16.5,-16.5,-16.5,-16.0,-15.5,-15.5,-15.0,-15.0,-15.0,-15.0,-15.0,-15.0,-15.5,-15.5,-16.0,-17.0,-17.5,-17.5,-18.0,-18.5,-18.5,-19.0,-18.5,-18.0,-17.5,-16.5,-16.0,-15.0,-15.0,-14.5,-14.0,-14.0,-14.0,-14.0,-14.0,-14.0,-14.5,-14.5,-15.0,-15.0,-15.5,-15.5,-15.5,-15.5,-15.5,-15.0,-15.0,-14.5,-14.0,-14.0,-14.0,-14.0,-14.5,-15.0,-15.5,-16.0,-16.0,-16.5,-16.5,-17.5,-18.5,-20.0,-21.0,-22.5,-24.0,-25.5,-27.0,-29.0,-30.5,-32.0,-33.0,-34.0,-34.5,-34.5,-34.5,-33.5,-32.0,-29.0,-25.5,-21.5,-16.5,-10.5,-4.0,3.0,10.5,18.0,24.5,31.0,36.5,42.0,47.0,51.5,55.5,59.0,61.0,62.0,62.0,62.0,61.5,60.5,58.5,56.0,52.5,48.5,44.5,40.0,35.0,30.0,25.0,20.0,14.5,9.5,4.5,-0.5,0.0,0.0
43.0,43.0,43.0,43.0,43.5,43.5,43.5,43.5,43.5,43.0,43.0,42.5,42.0,41.5,41.5,41.0,41.0,41.0,41.0,41.0,41.0,40.5,39.5,38.0,36.5,35.0,33.0,31.0,29.0,27.0,25.5,24.5,24.0,23.5,24.0,24.5,26.0,28.0,30.5,34.5,39.0,44.0,49.5,56.0,63.0,70.0,77.5,84.0,90.0,96.0,101.5,107.0,111.5,116.0,119.0,121.0,122.0,122.5,122.0,121.5,120.5,119.0,117.0,113.5,110.0,105.5,101.0,96.0,90.5,85.0,80.0,74.5,69.5,65.0,60.5,57.0,53.5,50.5,48.5,47.0,46.0,45.0,44.5,44.5,44.5,44.5,44.0,44.0,43.5,43.0,42.5,41.5,41.0,40.5,40.0,40.0,40.0,40.0,40.0,40.0,40.5,40.5,41.0,41.5,41.5,41.5,41.5,41.0,40.5,40.0,39.5,39.0,38.5,38.0,37.5,37.0,37.0,37.0,37.0,37.0,37.5,37.5,38.0,38.5,38.5,38.5,38.5,38.5,38.0,38.0,37.5,37.0,37.0,37.0,37.0,37.0,37.0,37.0,37.0,37.5,38.5,39.0,39.5,39.5,39.5,39.5,39.5,39.5,39.5,39.0,39.0,39.0,38.5,38.5,38.5,38.0,38.0,37.5,37.5,38.0,38.0,38.5,39.0,39.5,39.5,39.5,39.5,39.0,38.5,38.0,37.5,37.0,36.0,36.0,35.5,35.5,35.5,35.5,35.5,35.5,36.0,36.0,36.5,37.0,37.0,37.5,37.5,37.5,37.5,37.5,37.0,37.0,36.5,36.5,36.0,36.0,36.0,36.5,36.5,37.0,37.5,38.0,38.5,38.5,39.0,39.0,39.0,39.0,39.0,39.0,38.5,38.0,37.5,37.0,36.5,36.0,36.0,36.0,36.0,36.5,36.5,37.0,37.0,37.5,37.5,38.0,38.0,37.5,37.5,37.0,36.5,36.5,36.0,35.5,35.5,35.5,35.0,35.5,35.5,36.0,36.5,36.5,37.0,37.5,37.5,38.0,38.0,38.5,38.5,38.5,38.0,37.5,37.0,36.5,36.0,36.0,36.0,36.0,36.0,36.5,37.0,37.0,37.5,37.5,38.0,38.0,38.5,38.5,39.0,39.0,39.0,39.0,38.5,38.5,39.0,39.0,39.0,39.0,39.5,40.0,41.0,41.5,42.0,42.5,42.5,42.5,42.5,42.0,41.5,40.5,39.5,39.0,38.0,37.0,36.0,35.5,34.5,34.5,34.5,35.0,36.5,37.5,39.0,40.5,42.0,43.0,43.5,44.0,44.0,43.5,43.0,42.5,42.0,41.5,41.0,40.0,39.0,38.5,38.0,38.0,0.0,0.0
34.5,35.0,35.0,35.5,35.5,35.5,35.5,35.5,35.0,34.5,33.5,33.0,32.5,32.5,32.5,32.5,32.5,32.5,32.5,32.0,32.0,32.0,32.0,31.5,31.0,31.0,30.5,30.0,29.5,28.5,28.5,28.0,28.0,28.0,28.5,29.0,29.5,30.0,31.0,31.5,32.0,32.5,33.0,33.5,34.0,34.0,34.0,34.0,34.0,34.0,34.0,34.0,33.5,33.0,33.0,32.5,32.0,31.5,31.5,31.5,31.5,32.0,32.5,32.5,32.5,32.5,32.0,31.5,31.0,30.5,30.0,29.5,29.5,29.5,29.5,30.0,30.0,30.5,31.0,31.5,32.0,32.5,33.0,33.0,33.0,33.0,33.0,32.5,32.0,31.5,31.0,30.5,30.0,29.5,29.5,29.0,29.0,29.0,29.0,29.0,29.5,30.0,30.5,31.5,31.5,31.5,31.0,30.5,29.5,28.5,28.0,27.5,27.0,27.0,27.0,27.5,28.0,28.5,29.5,30.0,30.0,30.0,30.0,29.0,28.0,26.5,24.5,22.0,19.5,17.0,14.5,12.5,10.0,8.5,7.5,7.0,7.0,7.5,8.5,10.0,12.0,14.0,17.5,21.0,25.5,30.5,36.0,42.5,49.0,55.5,62.0,68.0,73.5,79.0,84.5,89.5,94.5,98.0,101.0,103.0,104.5,105.0,105.0,105.0,104.0,102.0,100.0,96.5,92.5,87.5,82.5,77.5,72.0,67.0,62.5,58.0,54.0,50.5,47.0,43.5,41.0,38.5,36.5,35.5,34.5,34.0,33.5,33.5,33.0,32.5,32.0,31.5,31.0,31.0,30.5,30.5,30.5,30.5,30.5,30.5,30.0,30.0,30.0,30.0,30.0,29.5,29.0,28.5,28.0,27.0,26.5,26.0,25.5,25.0,25.0,25.0,25.0,25.5,26.0,26.0,26.5,26.5,27.0,27.0,27.5,27.5,27.5,27.5,27.0,27.0,27.0,26.5,26.5,26.0,25.5,25.5,25.5,26.0,26.5,27.0,27.0,27.0,27.0,26.5,26.0,25.5,25.0,24.5,24.0,24.0,23.5,23.5,23.5,23.5,23.5,23.5,24.0,24.0,24.5,24.5,25.0,25.5,25.5,25.5,25.5,25.5,25.0,24.5,24.0,23.5,23.5,23.0,23.0,23.5,23.5,24.0,24.0,24.5,25.0,25.0,25.5,25.5,26.0,26.0,26.0,26.0,26.0,25.5,25.0,24.5,24.0,23.5,23.5,23.5,23.5,23.5,24.0,24.5,24.5,25.0,25.5,25.5,26.0,26.0,25.5,25.5,25.5,25.5,25.5,25.5,25.5,25.5,25.0,25.0,24.5,24.5,24.5,25.0,25.5,26.0,0.0,0.0
46.5,46.0,46.0,45.0,44.5,44.0,43.5,43.5,43.5,43.5,43.5,44.0,44.5,45.0,46.0,46.5,46.5,46.5,47.0,47.0,47.0,47.0,46.5,46.5,46.0,45.5,44.5,43.5,42.5,41.5,40.5,39.5,39.5,40.0,41.0,42.0,44.0,45.5,47.0,48.5,50.0,51.0,51.5,51.5,51.5,51.0,50.5,50.0,49.5,49.5,49.5,49.0,49.0,49.0,49.5,49.5,49.5,49.5,50.0,50.0,50.0,49.5,49.5,49.5,49.0,49.0,48.5,48.0,47.5,47.5,47.0,47.0,47.0,47.0,47.0,47.0,47.0,47.5,47.5,48.0,48.0,47.5,47.5,47.0,46.5,46.0,45.5,45.5,45.5,45.0,45.0,45.5,45.5,46.0,46.0,46.5,47.0,47.5,48.0,48.0,48.0,48.0,48.0,48.0,47.5,47.5,47.5,47.0,47.0,47.0,47.0,47.0,47.5,47.5,48.0,48.5,49.0,49.0,49.0,49.0,49.0,48.5,48.5,48.0,47.5,47.5,47.0,47.0,47.0,47.5,47.0,47.5,47.5,47.5,48.0,48.5,49.0,49.0,49.5,49.5,49.5,49.0,48.5,48.0,47.5,47.0,47.0,47.0,46.5,46.5,46.5,46.5,47.0,47.5,47.5,48.0,48.5,48.5,49.0,49.0,49.0,49.0,49.0,49.0,49.0,48.5,48.5,48.0,48.0,47.5,47.5,48.0,48.0,48.5,49.0,50.0,50.5,51.0,51.5,51.5,51.5,51.5,51.0,50.5,50.0,50.0,50.0,49.5,49.5,49.5,49.5,50.0,50.0,50.5,50.5,51.0,51.5,52.0,52.0,52.0,52.0,52.0,52.0,52.0,52.0,52.0,52.0,52.0,52.0,52.0,52.0,52.0,52.5,52.5,53.0,53.0,53.5,53.5,54.0,54.0,54.0,54.0,54.0,53.5,53.0,52.5,52.0,51.5,51.5,51.5,51.5,52.0,52.5,53.0,53.5,54.0,54.5,54.5,55.0,55.0,55.0,55.0,54.5,54.5,54.5,54.5,54.5,54.0,54.0,54.0,54.5,55.0,55.5,56.0,56.5,56.5,57.0,57.0,57.0,57.0,57.0,57.0,57.0,57.0,56.5,56.5,56.0,55.5,55.5,55.0,55.5,55.5,56.0,56.0,56.0,56.0,56.5,56.5,56.5,56.5,57.0,57.0,56.5,56.5,56.5,56.0,56.0,55.5,55.5,55.5,55.5,56.0,56.5,57.0,58.0,58.5,59.0,59.0,59.5,59.5,59.5,59.5,59.5,59.5,59.5,59.0,58.5,58.0,57.5,57.5,57.0,57.0,57.5,57.5,58.0,59.0,59.5,59.5,60.0,59.5,0.0,0.0
73.5,74.0,74.0,74.5,74.0,74.0,73.5,73.5,73.5,73.0,73.0,72.5,72.5,72.5,72.0,72.0,71.5,71.5,71.5,71.5,72.0,72.5,72.5,73.0,73.0,73.0,73.0,73.0,72.5,72.5,72.0,72.0,72.0,72.0,72.0,72.0,72.5,73.0,73.0,73.5,74.0,74.0,74.0,74.5,74.5,74.5,74.5,74.5,74.0,74.0,74.0,74.0,74.0,74.5,74.5,75.0,75.5,75.5,76.0,76.5,76.5,77.0,77.5,78.0,78.0,78.0,78.0,78.0,77.5,77.5,77.0,76.5,76.5,76.0,75.5,75.0,75.0,75.0,75.0,75.5,76.0,76.5,76.5,77.0,77.0,77.0,76.5,76.5,76.0,75.5,75.0,75.0,74.5,74.5,74.5,74.5,75.0,75.0,75.5,75.5,76.0,76.5,77.0,77.0,77.0,76.5,76.5,76.5,76.5,76.0,76.0,76.0,75.5,75.5,75.5,75.5,75.5,75.5,75.5,76.0,76.0,76.5,77.0,77.0,77.5,77.5,77.0,77.0,76.5,76.0,76.0,75.5,75.5,75.5,75.0,75.0,75.5,76.0,76.5,77.0,77.5,78.0,78.5,78.5,78.5,78.5,78.5,78.5,78.5,78.0,78.0,78.0,77.5,77.5,77.0,77.0,77.0,77.0,77.0,77.5,77.5,78.0,78.0,78.5,78.5,78.5,78.5,78.5,78.5,78.0,77.5,77.5,77.0,77.0,76.5,76.5,76.5,76.5,77.0,77.0,77.5,77.5,78.0,78.0,78.5,79.0,79.0,78.5,78.5,78.0,78.0,77.5,77.5,77.0,77.0,77.0,77.0,77.0,77.0,77.5,77.5,77.5,77.5,77.5,77.5,77.5,77.5,77.5,77.0,76.5,76.5,76.0,76.0,75.5,75.5,75.5,75.5,75.5,75.5,75.5,76.0,76.0,76.5,77.0,77.5,77.5,78.0,78.0,77.5,77.5,77.0,77.0,76.5,76.5,76.0,76.5,76.5,77.0,77.5,77.5,78.0,78.5,78.5,78.5,78.5,78.5,78.0,77.5,76.5,75.5,74.5,73.5,72.5,71.5,70.5,70.0,69.5,69.5,70.0,71.0,72.0,73.5,75.0,76.5,77.5,78.5,79.0,79.0,79.0,79.0,79.0,79.0,79.0,78.5,78.0,77.5,77.0,76.5,76.5,76.5,76.5,76.5,76.5,76.5,76.5,76.5,76.5,76.0,76.0,75.5,75.0,75.0,74.5,74.5,74.5,74.5,74.5,75.0,75.0,75.5,76.0,76.0,76.5,76.5,76.5,76.5,76.0,75.5,75.0,75.0,74.5,74.0,73.5,73.5,73.5,73.5,73.5,74.0,74.0,74.0,0.0,0.0
61.5,61.5,62.0,62.0,62.0,62.5,62.5,62.5,63.0,63.0,63.0,63.0,62.5,62.5,62.5,62.0,62.0,62.0,62.5,62.5,63.0,64.0,64.5,65.5,66.5,67.0,68.0,68.5,69.0,69.5,70.0,70.0,70.0,70.0,69.5,69.0,68.5,68.0,67.5,67.5,67.5,68.0,68.5,68.5,69.0,69.5,69.5,70.0,70.0,70.0,70.5,70.5,70.0,70.0,69.5,69.5,69.0,69.0,69.0,68.5,68.5,68.5,68.5,68.5,68.5,68.5,69.0,69.0,69.5,69.5,70.0,69.5,69.5,69.5,69.0,69.0,68.5,68.0,68.0,68.0,68.0,68.0,68.5,69.0,69.0,69.5,70.0,70.0,70.0,70.0,70.0,70.0,69.5,69.5,69.5,69.5,69.0,69.0,69.0,69.0,69.0,68.5,68.5,68.5,68.5,69.0,69.0,69.0,69.0,68.0,67.0,66.0,64.0,62.0,60.0,57.5,55.0,53.5,52.0,51.0,50.0,50.0,50.0,51.0,52.5,55.0,58.0,61.5,66.5,71.5,77.0,83.5,90.5,97.0,103.5,110.0,116.0,122.0,128.0,134.0,140.0,145.0,149.0,152.0,153.5,155.0,155.5,155.5,154.5,152.5,149.5,145.5,141.0,136.0,130.5,125.0,119.0,113.5,108.0,103.0,98.5,94.5,90.5,87.0,84.0,81.5,79.5,78.0,76.5,76.0,75.5,75.0,75.0,74.5,74.0,73.5,73.0,73.0,72.5,72.5,72.5,72.5,72.5,72.5,72.5,72.5,72.5,72.5,72.5,72.5,72.5,72.5,72.5,72.0,71.5,71.0,70.5,70.5,70.0,70.0,70.0,70.0,70.0,70.0,70.0,70.0,70.0,70.0,70.0,70.0,70.0,70.0,69.5,69.0,69.0,68.5,68.0,68.0,68.0,68.0,68.0,68.5,68.5,68.5,69.0,69.0,69.5,70.0,70.0,70.0,70.0,70.0,69.5,69.5,69.5,69.0,69.0,69.0,69.0,69.0,69.0,69.0,69.5,69.5,70.0,70.0,70.0,70.0,70.0,70.0,70.0,70.0,70.0,69.5,69.0,68.5,68.5,68.0,68.0,67.5,67.5,67.5,67.5,68.0,68.0,68.5,68.5,69.0,69.0,69.0,69.0,69.0,68.5,68.5,68.0,68.0,68.0,67.5,67.5,67.0,67.0,67.0,67.0,67.0,67.5,67.5,68.0,68.5,69.0,69.0,69.0,69.0,69.0,68.5,68.0,68.0,67.5,67.5,67.0,66.5,66.5,66.5,66.5,67.0,67.5,67.5,68.0,68.5,69.0,69.5,69.5,69.5,69.5,69.0,68.5,68.5,68.0,68.0,67.5,67.5,0.0,0.0
25.5,25.5,25.0,24.5,24.5,24.5,25.0,25.0,25.0,25.0,25.0,25.0,25.0,25.0,25.0,25.0,25.0,25.0,25.0,25.0,24.5,24.5,24.5,24.0,24.0,24.0,24.5,24.5,25.0,25.5,26.0,26.5,26.5,26.5,26.5,26.5,26.0,25.5,24.5,24.0,23.5,23.5,23.0,23.0,23.0,23.5,24.0,24.5,24.5,25.0,25.0,25.5,25.5,25.5,25.5,25.0,24.5,24.0,23.5,23.0,22.5,22.0,22.0,22.0,22.5,22.5,23.0,23.5,23.5,24.0,24.0,24.5,24.5,25.0,25.0,25.0,25.0,24.5,24.5,24.0,23.5,23.0,23.0,23.0,22.5,22.5,22.5,23.0,23.5,24.0,24.5,25.0,25.0,25.0,25.0,25.0,24.5,24.5,24.0,23.5,23.0,22.5,22.0,21.5,21.5,22.0,22.0,22.5,23.0,23.5,24.0,24.5,25.0,25.0,25.0,24.5,24.5,24.0,23.5,23.0,22.5,22.0,22.0,21.5,21.5,21.5,22.0,22.0,22.0,22.5,22.5,23.0,23.0,23.5,23.5,23.5,23.5,23.5,23.0,22.5,22.0,22.0,21.5,22.0,22.0,22.0,22.5,22.5,23.0,23.0,23.0,23.0,23.0,23.0,23.0,23.5,23.5,23.5,23.5,23.0,23.0,22.5,22.5,22.5,22.5,22.5,23.0,23.5,23.5,23.5,23.5,23.5,23.5,23.5,23.5,23.0,23.0,22.5,22.5,22.0,21.5,21.0,20.5,20.5,21.0,21.0,21.5,22.5,23.0,23.5,23.5,23.5,23.5,23.0,23.0,22.5,22.0,21.5,21.0,21.0,20.5,20.5,20.0,20.0,20.0,20.5,20.5,20.5,20.5,21.0,21.0,21.5,21.5,21.5,21.0,21.0,20.5,20.5,20.0,20.0,19.5,19.5,19.5,19.5,19.5,19.5,19.5,19.5,19.0,19.0,19.0,19.0,19.0,19.0,18.5,18.5,18.0,18.0,17.5,17.5,17.5,17.5,17.5,17.5,17.5,18.0,18.5,19.0,19.5,20.0,20.5,21.0,21.5,21.5,21.5,21.0,20.5,19.5,19.0,18.0,17.5,17.0,17.0,17.0,17.5,18.0,18.5,18.5,19.0,19.0,18.5,18.5,18.0,17.5,17.5,17.0,16.5,16.0,15.5,15.0,14.5,14.0,13.5,13.0,13.0,12.5,12.5,12.5,13.0,13.0,13.0,13.0,12.5,12.0,12.0,11.5,11.5,11.0,10.5,10.0,9.5,9.0,8.5,8.0,8.0,7.5,7.0,6.5,6.5,6.5,6.0,6.0,5.5,5.5,5.5,5.5,6.0,7.5,8.5,10.0,0.0,0.0
66.0,65.0,64.5,64.0,63.5,63.5,63.5,63.5,64.0,64.0,64.0,64.5,64.5,64.5,64.5,64.5,64.0,64.0,63.5,63.0,63.0,62.5,62.5,62.5,62.0,62.0,62.0,62.5,62.5,62.5,63.0,63.5,63.5,64.0,64.0,64.0,63.5,63.5,63.0,62.5,62.5,62.0,61.5,61.5,61.5,61.5,62.0,62.5,63.0,63.0,63.5,63.5,64.0,64.0,63.5,63.0,63.0,62.5,62.0,62.0,62.0,62.0,62.5,62.5,62.5,63.0,63.0,63.5,63.5,63.5,64.0,64.0,64.0,64.0,64.0,63.5,63.5,63.0,63.0,62.5,62.0,62.0,62.0,62.0,62.5,62.5,62.5,63.0,63.0,63.5,63.5,64.0,64.0,64.0,64.0,63.5,63.0,63.0,62.5,62.5,62.5,62.5,62.5,62.5,62.5,62.5,62.5,63.0,63.5,63.5,63.5,64.0,64.0,64.0,64.0,63.5,63.5,63.0,63.0,62.5,62.0,62.0,62.0,62.5,62.5,62.5,63.0,63.0,63.5,63.5,64.0,64.5,64.5,64.5,65.0,64.5,64.5,64.5,64.0,63.5,63.0,63.0,62.5,62.5,63.0,63.0,63.5,64.0,64.5,65.0,65.5,65.5,65.5,65.5,65.0,65.0,64.5,64.0,63.5,63.5,63.5,63.5,63.5,63.5,63.5,63.5,63.5,63.5,64.0,64.0,64.5,64.5,64.5,64.5,64.5,64.0,64.0,63.5,63.0,62.5,62.5,62.5,62.5,62.5,62.5,63.0,63.5,63.5,63.5,63.5,64.0,63.5,63.5,63.5,63.0,63.0,62.5,62.0,62.0,61.5,61.5,61.0,61.0,61.0,61.0,61.0,61.5,61.5,62.0,62.0,62.0,62.5,62.5,62.0,62.0,61.5,61.0,60.5,60.0,59.0,59.0,58.5,58.5,58.5,58.5,58.5,58.5,59.0,59.0,59.0,59.0,59.0,59.0,58.5,58.0,57.5,57.0,56.0,55.5,55.0,55.0,55.0,55.0,55.5,56.0,57.0,57.5,58.5,59.5,60.5,61.0,61.5,62.0,62.0,62.5,62.0,62.0,62.0,61.5,61.0,60.5,60.5,60.0,60.0,60.0,60.0,60.5,61.0,61.5,61.5,61.0,61.0,60.5,60.5,60.0,60.0,59.5,59.5,59.0,59.0,59.0,59.0,59.5,59.5,59.5,60.0,60.0,60.5,60.5,61.0,61.5,62.0,62.0,61.5,61.5,61.0,60.5,60.0,60.0,59.5,59.0,58.5,58.5,58.5,58.5,58.5,59.0,59.0,59.5,60.0,60.0,60.5,61.0,61.0,61.0,61.0,61.0,60.5,60.0,60.0,0.0,0.0
56.5,57.0,57.5,57.5,57.5,57.5,58.0,58.0,58.0,58.0,57.5,57.0,56.0,55.5,55.0,55.0,55.0,55.5,56.0,56.5,57.0,57.5,57.5,57.5,57.5,57.0,57.0,56.5,56.5,56.0,56.0,55.5,55.0,55.0,55.0,54.5,54.5,54.5,54.5,54.5,54.5,55.0,55.0,55.5,55.5,56.0,56.5,56.5,56.5,56.5,56.0,56.0,55.5,55.5,55.5,56.0,56.0,55.5,55.5,55.0,55.0,55.5,56.0,56.5,57.0,57.5,58.0,58.0,58.5,58.5,58.5,58.5,58.5,58.5,58.5,58.0,57.5,57.5,57.5,58.0,58.5,59.0,59.5,59.5,60.0,60.5,61.0,61.0,61.5,62.0,61.5,61.5,61.0,60.5,60.5,60.0,59.5,59.0,58.5,58.0,58.0,58.0,58.5,58.5,59.0,59.5,59.5,60.0,60.0,60.5,60.0,60.0,60.0,60.0,60.5,60.5,60.5,60.5,60.5,60.0,60.0,60.0,60.5,61.0,61.5,61.5,61.5,61.0,60.5,60.0,59.5,59.0,59.0,58.5,58.5,58.5,58.5,58.5,58.5,58.5,58.5,59.0,59.5,59.5,60.0,60.0,59.5,59.5,59.5,59.5,59.5,59.5,59.5,59.5,59.0,59.5,59.5,59.5,60.0,60.0,60.0,60.5,61.0,61.0,61.5,61.5,61.5,61.0,61.0,61.0,60.5,60.5,60.0,60.0,59.0,58.5,58.5,58.0,58.5,59.0,60.0,61.0,62.0,62.5,63.0,63.5,63.5,63.5,63.5,62.5,62.0,61.5,60.5,60.5,60.0,60.0,60.0,60.0,60.0,60.0,60.0,60.5,61.0,61.5,61.5,62.0,62.0,61.5,61.5,61.5,61.0,60.5,59.5,59.0,58.0,57.5,57.0,57.0,57.0,57.5,57.5,58.0,58.5,59.0,59.5,60.5,61.0,61.5,61.5,61.0,60.5,60.0,59.5,59.0,58.5,58.0,58.0,58.0,58.0,58.0,58.0,58.5,59.0,59.5,60.5,61.0,61.0,61.0,61.0,60.5,60.0,59.5,59.0,58.5,58.0,57.0,56.5,56.0,55.5,55.0,54.5,54.5,55.0,55.5,56.5,57.5,58.5,59.5,60.0,60.5,61.0,61.0,60.5,60.5,60.0,59.5,59.5,59.5,59.5,60.0,60.0,60.5,60.5,61.0,61.0,61.0,61.0,61.0,61.0,60.5,60.0,60.0,59.0,58.5,57.5,57.0,57.0,57.0,57.0,57.0,57.5,57.5,58.0,58.0,58.5,59.0,59.0,59.0,58.5,58.5,57.5,57.0,56.5,56.0,55.5,55.5,55.5,55.0,54.5,54.0,0.0,0.0
28.5,29.0,29.0,29.0,29.0,29.0,29.0,29.0,29.0,29.0,29.0,28.5,28.0,27.5,27.5,27.0,27.0,26.5,26.0,26.0,26.0,26.5,26.5,27.5,28.0,28.5,29.5,29.5,30.0,30.0,30.0,30.0,30.0,29.5,29.5,29.0,29.0,29.0,29.0,29.0,29.0,29.5,29.5,30.0,30.5,31.0,31.5,32.0,32.5,33.0,32.5,32.5,32.0,31.5,30.5,30.0,29.5,29.5,29.5,29.5,29.5,29.5,29.5,29.5,29.5,30.0,30.5,30.5,31.0,31.0,30.5,30.0,29.5,29.0,28.5,28.0,28.0,27.5,27.5,27.5,27.5,28.0,28.0,28.5,29.0,29.5,29.5,29.5,29.5,29.5,29.5,29.0,29.0,28.5,28.5,28.0,28.0,28.0,28.0,28.5,29.0,29.5,29.5,30.0,30.5,31.0,31.5,31.5,31.5,31.5,31.0,31.0,30.5,30.5,30.5,30.0,29.5,29.0,29.0,29.0,29.0,29.0,29.5,30.0,30.5,31.0,31.0,31.5,32.0,32.0,32.0,32.0,31.5,31.5,31.0,30.5,30.0,30.0,29.5,29.5,29.5,29.5,29.5,30.0,30.5,31.5,32.0,32.5,32.5,32.5,32.5,32.5,32.0,31.5,31.5,31.0,31.0,31.0,31.0,31.0,31.0,31.0,31.5,32.0,32.5,33.0,33.5,34.0,34.0,34.0,34.0,34.0,34.0,33.5,33.0,32.5,32.5,32.0,31.5,31.0,31.0,31.0,31.0,31.5,32.0,32.5,32.5,33.0,33.0,33.5,33.0,33.0,33.0,32.5,32.0,32.0,31.5,31.5,31.5,31.5,31.5,32.0,32.0,32.5,32.5,32.5,33.0,33.0,33.0,33.5,33.0,33.0,33.0,33.0,32.5,32.5,32.0,31.5,31.5,31.0,31.0,31.0,31.5,32.0,32.5,33.0,33.5,33.5,33.5,33.5,33.5,33.5,33.5,33.5,33.5,33.0,33.0,33.0,33.0,32.5,32.5,32.0,32.0,31.5,31.5,31.5,31.0,31.0,31.0,31.0,30.5,30.5,30.5,30.5,31.0,31.5,32.0,33.0,34.0,35.0,36.0,37.0,38.0,38.5,39.0,39.0,38.5,38.5,38.0,37.5,36.5,36.0,35.5,35.0,34.0,33.5,33.0,32.5,32.0,31.5,31.5,31.5,32.0,32.5,33.0,33.5,33.5,34.0,34.0,34.0,34.0,33.5,33.5,33.0,32.0,31.5,31.5,31.0,31.0,30.5,30.5,30.5,30.5,30.5,30.5,30.5,30.5,31.0,31.0,30.5,30.5,30.0,29.0,28.5,28.0,27.5,27.5,27.5,27.5,28.0,0.0,0.0
6.0,5.5,5.0,4.5,4.0,3.5,3.5,3.5,3.5,4.0,4.5,5.0,5.5,5.5,6.0,6.5,6.5,7.0,6.5,6.5,6.0,6.0,5.5,5.0,4.5,4.0,3.5,3.5,3.5,3.5,3.5,3.5,4.0,4.5,5.0,5.5,5.5,6.0,6.0,5.5,4.5,3.5,2.0,0.5,-1.0,-1.5,-2.0,-2.0,-1.0,0.0,1.5,3.0,4.5,6.0,7.5,8.5,9.0,9.5,9.5,9.5,9.0,8.5,8.0,7.0,6.5,6.0,5.5,5.0,4.5,4.5,4.5,4.5,5.0,5.5,5.5,6.0,6.0,6.0,5.5,5.0,4.5,4.0,4.0,4.0,4.0,4.0,3.5,3.5,3.0,3.0,3.0,3.5,3.5,3.5,4.0,4.0,4.5,4.5,4.5,4.5,4.5,4.0,3.5,3.0,2.5,2.0,1.0,1.0,0.5,1.0,1.5,2.0,2.5,3.0,3.0,3.0,3.5,3.5,3.5,3.0,2.5,2.0,1.0,0.5,0.0,-0.5,-0.5,-1.0,-1.5,-1.5,-1.5,-2.0,-2.0,-2.0,-2.0,-2.0,-2.0,-2.5,-2.5,-3.0,-3.0,-3.5,-4.0,-4.0,-4.5,-4.5,-5.0,-5.0,-5.0,-4.5,-4.0,-3.0,-2.0,-0.5,0.5,2.0,2.5,3.0,3.5,3.0,2.5,2.0,1.0,0.5,-0.5,-1.5,-2.5,-3.0,-3.5,-3.5,-3.5,-3.5,-3.0,-2.5,-1.5,-1.0,-1.0,-1.0,-1.0,-1.5,-2.0,-2.5,-3.0,-4.0,-4.5,-5.0,-5.0,-5.0,-4.5,-4.0,-3.5,-3.0,-2.5,-2.0,-1.5,-1.5,-1.5,-1.5,-2.0,-2.5,-2.5,-3.0,-4.0,-4.0,-4.5,-4.5,-5.0,-4.5,-4.5,-4.5,-4.0,-4.0,-4.0,-4.0,-4.0,-4.0,-4.0,-4.0,-3.5,-3.5,-3.5,-4.0,-4.5,-5.0,-5.5,-6.0,-6.0,-6.5,-6.5,-6.5,-6.5,-6.5,-7.0,-7.0,-8.0,-9.0,-10.0,-12.0,-13.5,-16.0,-18.0,-20.0,-21.5,-23.0,-24.5,-25.5,-26.0,-26.0,-25.0,-23.5,-20.5,-17.0,-12.5,-7.5,-1.5,5.5,12.5,20.0,27.0,33.5,39.5,45.0,50.5,55.5,60.5,65.0,69.0,71.5,73.0,74.0,74.5,74.5,74.5,73.5,72.0,69.0,66.0,62.0,57.5,52.5,47.5,42.0,37.0,31.5,26.5,22.0,18.0,14.0,10.5,7.5,4.5,2.5,1.0,0.5,0.0,0.0,-0.5,-0.5,-1.0,-1.5,-2.0,-2.5,-2.5,-3.0,-3.5,-3.5,-4.0,-4.5,-4.0,-4.0,-3.5,-3.0,-2.5,-2.5,-2.0,-2.0,-2.5,-3.0,-3.0,-3.5,0.0,0.0
45.5,49.0,53.5,58.5,63.5,70.0,77.0,84.0,90.5,97.0,103.0,108.5,114.0,119.5,124.5,128.5,131.5,133.5,135.0,135.5,136.0,135.5,134.0,132.0,129.0,125.5,121.0,116.5,111.5,106.5,101.5,96.5,91.5,87.0,82.5,78.5,75.0,71.5,68.5,66.0,64.0,62.5,61.0,60.5,60.5,60.0,60.0,59.5,59.0,58.5,58.0,58.0,57.5,57.5,57.0,57.0,57.0,57.0,56.5,56.5,56.5,56.5,56.0,55.5,55.0,54.5,54.0,53.5,53.5,53.0,53.0,53.0,53.0,53.0,53.5,53.5,54.0,54.0,54.0,53.5,53.5,53.5,53.5,53.0,53.0,53.0,53.0,53.0,53.0,53.0,52.5,52.5,52.5,52.5,53.0,53.5,53.5,54.0,54.0,54.0,53.5,53.5,53.5,53.5,53.5,53.0,53.0,52.5,52.5,52.0,52.0,52.0,52.0,52.0,52.5,53.0,53.5,53.5,54.0,53.5,53.5,53.5,53.5,53.0,53.0,53.5,53.0,53.0,52.5,52.5,52.5,52.0,52.0,52.5,52.5,52.5,53.0,53.5,54.0,54.5,54.5,54.5,54.5,54.5,54.5,54.5,54.0,54.0,53.5,53.0,53.0,53.0,53.0,53.5,53.5,54.0,54.0,54.0,54.5,54.5,54.5,55.0,54.5,54.5,54.0,54.0,53.5,53.5,53.5,53.5,54.0,54.5,55.0,55.0,55.5,55.5,55.5,55.5,56.0,56.5,56.5,57.0,57.0,56.5,56.5,56.0,56.0,55.5,55.0,54.5,54.0,54.0,54.5,54.5,55.0,55.5,56.0,56.5,57.0,57.0,57.0,57.0,56.5,56.0,55.5,55.0,54.5,54.0,54.0,53.5,53.5,53.5,54.0,54.5,55.0,56.0,56.5,57.5,58.0,58.5,59.0,58.5,58.5,58.0,58.0,57.5,57.5,57.0,57.0,57.0,57.0,57.0,57.0,57.0,57.5,58.0,58.0,58.5,58.5,59.0,59.5,59.5,59.5,59.5,59.5,59.0,58.5,58.0,57.5,57.0,57.0,57.0,57.0,57.5,58.0,58.5,59.0,59.0,59.0,59.0,59.0,59.5,59.5,59.5,59.5,59.5,59.0,58.5,58.5,58.0,57.5,57.5,57.5,57.5,57.5,57.5,57.5,57.5,58.0,58.0,58.0,58.0,58.0,57.5,57.0,56.5,56.5,56.0,56.0,56.0,56.0,56.0,56.0,56.5,56.5,57.0,57.5,58.0,58.5,59.0,59.0,59.0,59.0,59.0,58.5,58.0,57.5,57.0,56.5,55.5,55.5,55.5,55.5,56.0,56.0,56.5,57.0,57.5,58.5,59.0,0.0,0.0
60.0,60.0,60.5,60.5,61.0,61.5,62.0,62.0,62.5,62.5,62.5,62.5,62.5,62.5,62.0,61.5,61.0,60.5,60.5,60.0,60.0,60.0,60.5,60.5,61.0,61.5,62.0,62.5,62.5,63.0,63.0,63.0,63.0,63.0,63.0,63.0,63.0,62.5,62.5,62.5,62.5,62.5,62.5,62.5,63.0,63.0,63.0,63.0,63.0,63.0,63.0,63.0,63.0,63.0,62.5,62.5,62.0,61.5,61.5,61.0,61.0,61.0,61.0,61.0,61.5,62.0,62.0,62.5,63.0,63.0,63.0,62.5,62.0,61.0,60.5,60.0,60.0,60.0,59.5,59.5,60.0,60.0,60.0,60.5,60.5,60.5,60.5,60.5,60.5,61.0,61.0,60.5,60.5,60.0,59.0,58.5,58.5,58.0,57.5,57.5,57.5,58.0,58.5,59.0,59.5,60.5,61.5,62.0,62.5,63.5,64.0,64.0,64.5,64.5,64.0,64.0,64.0,64.5,64.5,65.0,65.0,65.5,65.5,66.0,66.0,66.0,66.5,66.5,66.5,66.5,67.0,66.5,66.5,66.5,66.0,65.5,65.0,65.0,65.0,65.0,65.0,65.5,66.0,66.5,67.0,67.0,67.5,67.5,67.5,68.0,68.5,68.5,68.5,68.0,68.0,67.5,67.0,66.5,66.5,66.5,66.5,66.5,66.5,67.0,67.0,67.5,68.0,68.0,68.5,68.5,69.0,69.0,69.0,69.0,69.0,69.0,68.5,68.5,68.0,67.5,67.0,67.0,67.0,67.0,67.5,67.5,67.5,68.0,68.0,68.5,68.5,68.0,67.5,67.0,66.0,64.5,63.0,61.0,59.0,57.0,55.0,53.5,51.5,50.5,49.5,49.0,49.0,49.0,50.0,51.5,53.5,56.0,59.0,63.0,68.0,73.0,78.5,85.0,91.5,98.5,105.0,111.5,117.5,123.5,129.5,135.5,140.5,145.0,148.0,150.0,151.0,151.5,151.0,150.0,148.0,145.5,142.0,138.0,133.5,129.0,124.5,119.5,115.0,110.5,106.0,102.0,98.0,94.0,90.5,87.5,84.5,82.0,80.0,77.5,76.0,74.5,73.5,73.0,72.5,72.0,72.0,72.0,72.0,71.5,71.5,71.5,71.5,71.5,71.5,71.5,71.5,71.5,71.5,71.0,71.0,70.5,70.0,69.5,69.5,69.0,69.0,69.0,69.0,69.5,70.0,70.5,71.0,71.0,71.5,71.5,71.0,70.5,70.0,70.0,69.5,69.5,69.5,69.0,69.0,69.0,69.5,69.5,69.5,70.0,70.0,70.0,70.0,70.5,70.5,70.5,70.5,70.5,70.5,70.5,70.0,69.5,69.5,69.0,69.0,69.5,0.0,0.0
17.5,17.0,16.5,16.0,15.5,15.0,14.5,14.0,13.5,13.0,13.0,12.5,12.5,12.5,13.0,13.0,13.0,13.0,12.5,12.0,12.0,11.5,11.5,11.0,10.5,10.0,9.5,9.0,8.5,8.0,8.0,7.5,7.0,6.5,6.5,6.5,6.0,6.0,5.5,5.5,5.5,5.5,6.0,7.5,8.5,10.0,11.0,12.0,13.0,13.0,13.5,13.5,13.5,13.0,13.0,13.0,13.5,13.5,13.5,13.5,13.0,12.5,11.5,11.0,10.0,9.5,9.5,9.0,9.0,9.0,9.0,9.0,9.0,9.5,10.0,10.0,10.0,10.5,10.5,11.0,11.0,11.0,11.0,11.0,10.5,10.5,10.0,9.5,9.0,8.5,8.5,8.5,8.5,8.5,8.5,9.0,9.5,9.5,10.0,10.5,10.5,10.0,9.5,9.0,9.0,8.5,8.0,8.0,7.5,7.5,7.5,7.5,7.5,7.5,7.5,7.5,7.5,7.5,7.5,8.0,8.0,8.0,7.5,7.0,6.5,5.5,4.5,3.0,1.0,-1.0,-3.0,-5.0,-6.5,-8.5,-10.0,-11.0,-11.5,-12.0,-12.5,-12.5,-12.5,-12.0,-11.0,-9.0,-6.5,-3.0,1.0,6.0,11.5,17.5,24.0,30.5,37.5,43.5,50.0,55.5,61.5,66.5,71.5,75.0,78.0,79.0,80.0,80.0,79.5,79.0,77.5,76.0,73.0,69.5,65.0,60.5,55.5,51.0,46.0,41.5,37.0,33.0,29.0,25.5,22.0,18.5,15.0,12.0,9.5,7.5,6.0,5.0,4.0,3.5,3.5,3.5,4.0,4.0,4.0,4.5,4.5,4.0,4.0,3.5,3.0,2.5,2.0,1.5,1.0,1.0,0.5,0.0,0.0,0.0,0.0,0.0,0.5,1.0,2.0,2.5,2.5,2.5,2.5,2.5,2.0,1.5,1.0,0.5,0.0,-0.5,-0.5,-1.0,-1.0,-0.5,-0.5,-0.5,-0.5,-0.5,0.0,0.0,-0.5,-0.5,-0.5,-0.5,-1.0,-1.5,-2.0,-2.5,-3.5,-4.0,-4.0,-4.5,-4.5,-4.5,-4.5,-4.5,-4.0,-3.5,-3.0,-2.5,-2.0,-1.5,-1.0,-0.5,-0.5,-0.5,-1.0,-1.5,-2.5,-3.0,-3.0,-3.0,-3.0,-3.0,-3.0,-3.0,-3.0,-2.5,-2.5,-2.0,-1.5,-1.5,-1.5,-1.5,-1.5,-2.0,-2.0,-2.5,-3.0,-3.5,-4.0,-4.0,-4.5,-4.5,-4.5,-4.5,-4.5,-4.0,-4.0,-3.5,-3.0,-3.0,-2.5,-2.5,-2.5,-2.5,-3.0,-3.5,-3.5,-4.0,-4.5,-4.5,-5.0,-5.0,-5.0,-5.0,-4.5,-4.5,-4.0,-4.0,-3.5,-3.0,-3.0,-2.5,0.0,0.0
-3.5,-3.5,-3.5,-4.0,-4.5,-5.0,-5.5,-6.0,-6.0,-6.5,-6.5,-6.5,-6.5,-6.5,-7.0,-7.0,-8.0,-9.0,-10.0,-12.0,-13.5,-16.0,-18.0,-20.0,-21.5,-23.0,-24.5,-25.5,-26.0,-26.0,-25.0,-23.5,-20.5,-17.0,-12.5,-7.5,-1.5,5.5,12.5,20.0,27.0,33.5,39.5,45.0,50.5,55.5,60.5,65.0,69.0,71.5,73.0,74.0,74.5,74.5,74.5,73.5,72.0,69.0,66.0,62.0,57.5,52.5,47.5,42.0,37.0,31.5,26.5,22.0,18.0,14.0,10.5,7.5,4.5,2.5,1.0,0.5,0.0,0.0,-0.5,-0.5,-1.0,-1.5,-2.0,-2.5,-2.5,-3.0,-3.5,-3.5,-4.0,-4.5,-4.0,-4.0,-3.5,-3.0,-2.5,-2.5,-2.0,-2.0,-2.5,-3.0,-3.0,-3.5,-4.0,-4.5,-5.0,-5.5,-5.5,-5.5,-5.5,-5.5,-5.5,-5.5,-5.5,-5.0,-5.0,-5.0,-4.5,-4.5,-5.0,-5.0,-5.0,-5.5,-5.5,-6.0,-6.5,-7.0,-7.0,-7.0,-7.0,-7.0,-7.0,-6.5,-6.0,-5.5,-4.5,-3.5,-3.0,-2.5,-2.0,-2.0,-2.0,-2.0,-2.5,-2.5,-3.0,-3.0,-3.5,-4.0,-4.0,-4.5,-5.0,-5.0,-5.0,-5.0,-4.5,-4.0,-4.0,-4.0,-4.0,-3.5,-3.5,-4.0,-4.0,-4.5,-5.0,-5.0,-5.5,-6.0,-6.0,-6.0,-6.0,-6.0,-5.5,-5.0,-5.0,-4.5,-4.0,-4.0,-4.0,-4.0,-4.0,-4.0,-4.0,-4.0,-4.5,-5.0,-5.5,-6.0,-6.5,-6.5,-6.5,-6.5,-6.5,-6.0,-6.0,-6.0,-5.5,-5.5,-6.0,-6.0,-6.0,-6.0,-6.0,-6.5,-6.5,-6.5,-6.5,-6.5,-6.5,-6.5,-6.0,-6.0,-5.5,-5.5,-5.5,-5.0,-5.0,-5.0,-5.0,-4.5,-4.5,-4.0,-4.5,-4.5,-5.0,-5.5,-5.5,-5.5,-5.5,-5.5,-5.0,-5.0,-4.5,-4.0,-3.5,-3.5,-3.0,-3.0,-2.5,-3.0,-3.5,-4.5,-5.5,-6.5,-7.5,-9.0,-10.0,-11.0,-11.5,-12.0,-11.5,-11.0,-10.0,-8.5,-7.0,-5.5,-4.5,-3.0,-2.0,-1.0,-0.5,0.0,0.0,0.0,0.0,-0.5,-1.0,-1.5,-2.0,-2.5,-3.0,-3.5,-4.0,-4.0,-4.0,-3.5,-3.5,-3.5,-3.5,-3.5,-3.5,-4.0,-4.5,-5.0,-5.5,-6.0,-6.0,-6.5,-6.0,-6.0,-6.0,-5.5,-5.5,-5.0,-5.0,-5.0,-5.0,-5.0,-5.0,-5.0,-5.0,-5.0,-5.5,-5.5,-6.0,-6.5,-6.5,-6.5,-6.5,-6.5,-6.0,-5.5,-5.0,-4.5,-4.0,-4.0,-4.0,-4.0,-3.5,-3.5,0.0,0.0
14.5,14.5,14.5,14.5,14.5,14.0,14.0,14.0,13.5,13.5,13.5,13.5,13.5,13.5,13.5,13.0,12.5,12.0,11.5,11.0,10.5,10.0,9.5,10.0,10.0,10.5,11.5,12.5,13.0,14.0,15.0,16.0,16.5,17.0,17.5,18.0,18.0,18.0,18.0,17.5,17.5,16.5,16.0,15.0,14.5,13.5,13.5,13.5,13.0,13.0,13.0,13.0,12.5,12.5,12.5,12.5,13.0,13.0,13.0,13.5,13.5,13.5,13.0,13.0,12.5,12.0,11.5,11.0,10.5,10.5,10.5,10.5,11.0,11.5,12.0,12.5,12.5,13.0,13.0,12.5,12.5,12.0,11.5,11.0,10.0,9.0,8.5,8.0,7.5,6.5,6.0,6.0,5.5,5.5,6.0,6.5,6.5,7.0,7.0,7.0,7.0,7.0,6.5,6.0,5.5,5.5,5.0,5.0,5.0,5.0,5.5,6.0,6.5,7.0,7.5,8.0,9.0,9.5,9.5,10.0,9.5,9.5,9.5,9.0,8.5,8.0,8.0,7.5,7.5,7.0,6.5,6.5,6.0,6.0,6.0,6.0,6.5,6.5,7.0,7.5,7.5,7.5,7.0,7.0,6.5,6.5,6.5,6.0,6.0,6.0,5.5,6.0,6.0,6.0,6.5,6.5,6.5,6.5,6.5,6.5,6.0,6.0,6.0,6.0,5.5,5.5,5.5,5.5,5.5,5.5,5.5,5.5,5.5,6.0,6.0,6.5,7.0,7.5,7.5,7.5,7.5,7.5,7.0,6.5,6.0,6.0,5.5,5.0,5.0,5.0,5.0,5.0,4.5,3.5,2.5,1.5,0.0,-1.5,-3.0,-5.0,-7.0,-9.0,-11.0,-12.0,-13.0,-13.5,-13.5,-13.0,-12.5,-11.0,-8.5,-5.5,-1.5,3.5,9.0,15.5,22.0,29.5,36.5,43.0,49.5,55.5,61.0,66.0,70.5,74.5,78.0,80.0,81.5,82.0,82.0,82.0,81.0,80.0,78.0,75.0,71.5,67.5,63.0,58.5,53.5,48.5,43.5,38.5,34.0,29.5,25.5,22.0,19.0,16.0,13.5,11.5,10.0,9.5,9.5,9.5,9.5,9.5,10.0,10.0,10.5,10.0,9.5,9.0,8.5,8.0,7.5,7.0,6.5,6.0,6.0,6.0,6.0,6.0,6.5,6.5,6.5,6.5,7.0,7.0,7.5,7.5,7.5,7.0,6.5,6.0,5.5,5.5,5.0,5.0,5.0,5.5,5.5,6.0,6.0,6.5,6.5,6.5,6.5,6.5,6.0,5.5,5.0,5.0,4.5,4.5,4.5,4.5,4.5,4.5,4.5,4.5,4.5,4.5,5.0,5.5,5.5,6.0,6.0,6.0,0.0,0.0
72.0,71.5,71.0,70.5,70.5,70.0,70.0,70.0,70.0,70.0,70.0,70.5,70.5,71.0,71.5,72.0,72.0,72.0,72.0,72.0,71.5,71.5,71.0,70.5,70.5,70.0,70.0,70.0,70.0,70.0,70.0,70.5,71.0,71.5,71.5,72.0,72.0,72.5,72.5,72.5,72.5,72.0,71.5,71.0,70.5,70.0,69.0,68.5,68.5,68.5,68.5,68.5,68.5,69.0,69.0,69.0,69.0,69.0,69.0,69.5,69.5,69.5,69.0,69.0,69.0,69.0,68.5,68.5,68.5,68.5,69.0,69.0,69.5,70.0,70.0,70.0,70.5,70.5,70.5,70.5,70.0,69.5,69.0,68.5,68.0,67.5,67.5,67.0,67.0,66.5,66.5,66.5,67.0,67.0,67.5,68.0,68.5,68.5,69.0,69.0,69.0,69.0,68.5,68.5,68.0,68.0,67.5,67.5,67.5,67.5,67.5,68.0,68.0,68.5,69.0,69.0,69.0,69.0,69.0,68.5,68.0,67.5,67.5,67.0,67.0,66.5,66.5,66.0,66.0,66.0,66.0,66.0,66.5,67.0,67.5,68.0,68.5,69.0,69.0,69.0,69.0,69.0,68.5,68.5,68.5,68.0,68.0,67.5,67.0,67.0,67.0,67.5,68.0,68.0,68.5,68.5,69.0,69.5,69.5,70.0,70.0,70.0,69.5,69.0,69.0,68.5,68.0,67.5,67.5,67.5,67.5,67.5,68.0,68.0,68.5,69.0,69.0,69.5,69.5,70.0,70.0,70.0,69.5,69.5,69.0,68.5,67.5,67.5,67.0,67.0,67.5,67.5,68.0,68.5,69.0,69.0,69.5,69.5,69.5,69.5,69.5,69.5,69.5,69.0,68.5,68.5,68.0,67.5,67.5,67.5,68.0,68.0,68.5,68.5,68.5,68.5,68.5,68.5,68.5,68.5,68.5,68.0,67.5,67.5,67.0,66.5,66.5,66.0,66.0,66.0,66.0,66.0,66.0,66.5,66.5,67.0,67.0,67.0,67.0,67.5,67.5,67.5,67.0,67.0,66.5,66.0,66.0,66.0,66.0,66.5,67.5,68.0,69.0,69.5,70.5,71.5,72.0,73.0,73.0,73.5,73.0,73.0,72.5,72.0,72.0,71.5,71.0,71.0,71.0,71.5,71.5,71.5,71.5,71.5,71.5,71.5,71.5,71.0,71.0,71.0,71.0,71.0,70.5,70.5,70.5,70.0,69.5,69.0,68.5,68.5,68.5,69.0,69.0,69.5,70.0,70.5,71.0,71.5,71.5,71.0,70.5,70.0,70.0,69.5,69.5,69.5,69.5,69.5,69.5,69.5,69.5,70.0,70.5,71.0,71.5,72.0,72.5,72.5,72.5,72.5,0.0,0.0
49.5,49.0,49.0,49.0,49.0,49.0,49.0,49.5,50.0,50.5,51.0,51.0,51.5,52.0,52.0,52.0,52.0,51.5,51.5,51.5,51.0,50.5,50.5,50.0,50.0,50.0,50.0,50.5,50.5,51.0,51.0,51.5,51.5,52.0,52.0,52.5,52.5,52.5,52.5,53.0,53.0,53.0,53.0,53.0,52.5,52.5,52.5,52.5,53.0,53.5,54.0,54.5,54.5,54.5,54.5,55.0,55.0,55.0,54.5,54.5,54.0,53.5,53.5,53.5,53.5,53.5,53.5,53.5,54.0,54.0,54.5,55.0,55.5,55.5,56.0,56.0,56.0,55.5,55.5,55.5,55.5,55.5,55.5,55.5,55.0,55.0,55.0,55.5,55.5,56.0,56.0,56.5,56.5,56.5,57.0,57.0,57.5,57.0,57.0,57.0,56.5,56.5,57.0,57.0,57.5,57.5,58.0,58.5,59.0,59.5,60.0,60.5,61.0,61.0,61.0,61.0,60.5,60.5,60.0,59.5,59.0,58.5,58.0,58.0,58.0,58.0,58.0,58.0,58.5,58.5,58.5,59.0,59.0,59.0,58.5,58.5,58.5,58.0,58.0,57.5,57.0,57.0,57.0,57.0,56.5,56.5,56.5,56.5,56.5,57.0,57.5,58.5,59.0,59.5,60.0,60.5,61.0,61.0,61.0,60.5,60.5,60.5,61.0,61.0,61.0,61.0,61.0,61.0,61.0,61.5,61.5,62.0,62.0,62.0,62.0,61.5,61.0,60.5,60.0,60.0,60.0,60.0,60.5,60.5,60.5,60.5,61.0,61.0,61.5,62.0,62.0,62.5,63.0,63.5,63.5,64.0,64.0,64.5,64.0,64.0,63.5,63.5,63.5,63.5,63.0,63.0,63.5,63.5,64.0,64.5,65.0,65.5,65.5,65.5,65.5,65.5,65.0,65.0,65.5,65.5,65.5,65.5,65.0,65.0,65.0,65.0,65.0,65.0,65.0,65.5,65.5,66.0,66.0,66.0,65.5,65.0,64.0,63.0,61.5,59.5,57.0,55.0,52.5,50.0,48.5,47.0,46.0,45.5,45.5,45.5,46.0,47.0,49.5,52.5,57.0,62.0,67.5,74.0,81.0,88.5,95.5,102.5,109.0,115.0,121.5,127.5,134.0,140.0,145.5,149.5,152.0,153.5,154.0,154.0,153.5,152.5,150.5,147.5,143.5,139.0,134.5,129.5,124.5,119.0,114.0,108.5,103.5,99.0,94.5,90.5,87.0,84.0,81.0,78.0,76.0,74.5,73.0,72.0,71.5,71.0,70.5,70.0,69.5,69.0,68.5,68.5,68.5,68.5,68.5,68.5,68.5,68.5,68.5,68.5,68.5,68.5,68.0,67.5,67.0,66.5,0.0,0.0
31.0,29.0,27.5,26.5,25.5,24.5,24.0,24.0,24.5,25.5,27.5,30.0,33.5,38.0,43.0,49.0,56.0,63.5,71.0,78.5,85.5,92.5,99.0,105.5,112.0,117.0,121.0,123.5,125.0,125.0,125.0,124.5,123.5,121.5,119.0,116.0,112.5,108.0,103.5,98.5,94.0,89.0,84.0,79.0,74.5,69.5,65.5,61.5,57.5,54.0,51.5,49.0,47.0,45.5,44.5,44.0,43.5,43.5,43.5,43.5,44.0,44.0,44.0,44.0,44.0,43.5,43.0,43.0,42.5,42.0,41.5,41.0,41.0,40.5,40.5,40.5,40.5,41.0,41.0,41.0,41.0,41.0,41.0,40.5,40.5,40.5,40.5,40.5,40.5,40.0,40.0,39.5,39.5,39.5,39.0,39.0,39.0,39.0,39.5,39.5,40.0,40.0,40.0,40.5,40.5,40.5,40.5,40.5,40.5,40.5,40.5,40.5,40.5,40.0,40.0,40.0,40.0,40.0,40.5,41.0,41.0,41.5,41.5,41.5,41.0,40.5,40.0,39.5,39.5,39.0,39.0,38.5,38.5,38.5,38.5,38.5,39.0,39.5,40.0,40.0,40.5,40.5,40.5,40.5,40.0,40.0,39.5,39.0,38.5,38.5,38.0,38.0,37.5,37.5,37.5,37.5,38.0,38.5,39.0,39.5,40.0,40.5,40.5,41.0,40.5,40.5,40.0,39.5,39.0,38.5,38.5,38.0,38.0,37.5,37.5,37.5,38.0,38.5,39.0,39.0,39.5,39.5,39.5,39.5,39.5,39.0,39.0,39.0,38.5,38.0,37.5,37.0,36.5,36.0,35.5,35.5,35.5,35.5,36.0,36.5,36.5,37.0,37.5,38.0,38.0,38.0,38.0,37.5,37.0,36.5,36.0,35.5,35.0,34.5,34.5,34.5,34.5,34.5,35.0,35.5,35.5,36.0,36.5,37.0,37.0,37.0,36.5,36.5,36.0,35.0,34.5,34.0,34.0,33.5,33.5,33.0,33.0,33.0,33.0,33.5,33.5,34.0,34.5,34.5,34.5,34.5,35.0,35.0,35.0,34.5,34.5,34.0,34.0,34.0,33.5,33.5,33.5,34.0,34.5,35.0,35.5,35.5,36.0,35.5,35.5,35.0,34.5,34.5,34.0,34.0,34.0,33.5,33.5,33.0,33.0,33.0,33.5,34.0,34.5,34.5,34.5,35.0,35.0,35.0,35.5,35.5,35.0,35.0,34.5,34.0,33.5,33.0,32.5,32.0,32.0,32.0,32.5,32.5,33.0,33.5,34.5,35.0,35.0,35.5,36.0,36.0,36.0,36.0,35.5,35.5,35.0,35.0,34.5,34.0,34.0,34.0,34.0,34.5,35.0,36.0,0.0,0.0
45.5,45.0,45.0,44.5,44.5,44.5,44.5,45.0,45.0,45.5,46.0,46.5,46.5,47.0,47.0,47.5,47.5,48.0,48.5,48.5,48.5,48.5,48.5,48.5,48.5,48.5,49.0,49.0,49.5,50.0,50.5,51.0,52.0,52.5,53.0,53.0,53.0,53.0,52.5,52.0,51.5,51.0,51.0,50.5,50.0,49.5,49.5,49.5,49.5,50.0,50.5,50.5,50.5,51.0,51.0,51.0,51.5,51.5,52.0,51.5,51.5,51.0,51.0,51.0,51.0,51.5,52.0,52.5,53.0,53.0,53.5,54.5,55.0,55.5,55.5,55.5,55.5,55.0,55.0,54.5,54.0,54.0,53.5,53.0,53.0,53.0,53.0,53.5,53.5,53.5,54.0,54.0,54.0,54.0,54.0,54.5,54.0,54.0,53.5,53.0,52.5,52.0,51.0,50.5,49.5,48.5,47.0,45.0,43.0,41.5,39.5,38.0,36.5,35.0,34.0,33.0,32.0,31.0,30.5,30.5,31.5,33.0,36.0,39.5,43.5,49.0,55.0,62.0,69.5,77.5,85.0,92.0,98.5,105.0,111.0,116.5,121.5,125.5,129.0,131.5,132.5,133.5,134.0,133.5,132.5,130.0,127.0,123.0,118.5,114.0,109.0,104.0,99.0,94.0,89.0,84.0,79.5,74.5,70.5,66.5,63.0,59.5,57.0,55.0,54.0,53.0,53.0,52.5,53.0,53.0,53.0,52.5,52.5,52.5,52.5,52.0,52.0,51.5,51.0,50.5,49.5,49.0,48.5,47.5,47.5,47.0,47.0,47.0,47.5,47.5,48.0,48.0,48.5,48.5,48.5,49.0,49.0,49.0,48.5,48.5,48.5,48.0,48.0,47.5,47.5,47.0,47.5,47.5,48.0,48.0,48.5,49.0,49.0,49.5,49.5,49.5,49.5,49.0,48.5,48.5,48.0,47.5,47.5,47.0,47.0,47.0,47.0,47.5,47.5,48.0,48.0,48.5,49.0,49.5,50.0,50.0,50.5,50.5,50.5,50.5,50.0,49.5,49.5,49.0,48.5,48.0,48.0,48.5,48.5,49.0,49.0,49.5,49.5,50.0,50.0,50.5,50.5,50.0,50.0,50.0,49.5,49.5,49.5,49.5,49.5,49.0,49.0,49.0,49.5,50.0,50.5,51.0,51.5,52.0,52.5,52.5,52.0,52.0,51.0,50.5,50.0,49.5,49.0,48.5,48.5,48.0,48.0,48.0,48.0,48.5,49.0,49.0,49.5,49.5,49.5,49.5,49.5,49.0,49.0,49.0,49.0,49.0,49.0,49.0,49.0,49.0,49.0,49.0,49.0,49.0,49.0,49.5,50.0,50.0,50.5,51.0,51.5,51.5,51.0,50.5,0.0,0.0
70.0,70.5,70.5,70.0,70.0,69.5,69.5,69.0,69.0,68.5,68.0,68.0,67.5,67.5,67.5,67.5,67.5,68.0,68.5,68.5,69.0,69.0,69.5,69.5,69.5,70.0,70.0,69.5,69.5,69.0,69.0,68.5,68.5,68.5,68.5,68.5,69.0,69.0,69.0,69.0,68.5,68.0,67.5,67.0,66.5,66.0,66.0,66.5,67.0,67.5,68.5,69.0,70.0,71.0,71.5,72.0,72.0,72.5,72.5,72.5,72.5,72.0,72.0,71.5,71.0,70.5,70.0,69.0,68.5,67.5,67.5,67.0,67.0,67.0,67.0,67.0,67.0,67.5,68.0,68.5,69.0,69.0,69.0,69.0,69.0,69.0,68.5,68.5,68.0,68.0,68.0,68.0,68.0,68.0,68.0,68.0,68.5,68.5,69.0,69.0,69.0,69.0,69.5,69.5,70.0,69.5,69.0,68.5,68.0,67.5,67.5,67.5,67.5,67.5,67.5,67.5,67.5,68.0,68.0,68.5,69.0,69.5,70.0,70.0,70.5,70.0,70.0,70.0,69.5,69.0,68.5,68.5,68.0,68.0,68.0,68.0,68.0,68.5,68.5,69.0,69.5,69.5,70.0,70.0,69.5,69.0,69.0,68.5,68.0,67.5,67.5,67.0,67.0,66.5,66.5,66.5,66.5,66.5,67.0,67.5,67.5,68.0,68.0,68.0,68.0,68.0,68.0,67.5,67.0,66.5,66.5,66.5,66.5,66.5,66.0,66.0,66.0,66.0,66.0,66.0,66.0,65.5,65.5,65.5,65.5,65.5,65.0,64.5,64.0,63.5,62.5,62.0,61.5,61.5,61.5,61.5,61.5,62.0,62.0,62.5,63.0,63.0,63.5,63.5,64.0,64.0,64.0,64.0,64.0,64.0,64.5,65.0,65.0,65.5,66.5,67.0,68.0,68.5,69.5,70.5,71.0,71.0,71.0,71.0,71.0,71.0,70.5,70.0,70.0,70.0,69.5,69.0,68.5,68.0,68.0,67.5,67.5,67.5,68.0,68.0,68.0,68.5,68.5,68.5,68.5,68.5,68.5,68.5,68.0,67.5,67.0,66.5,66.5,66.0,66.5,66.5,67.0,67.5,68.0,68.5,68.5,69.0,69.0,69.0,69.0,69.0,69.0,68.5,68.0,68.0,67.5,67.0,66.5,66.5,66.5,67.0,67.5,68.0,68.0,68.5,68.5,68.5,68.5,68.5,68.5,68.0,67.5,67.0,67.0,66.5,66.5,66.0,66.0,66.0,66.0,66.0,66.0,65.5,64.5,63.0,62.0,60.0,58.5,56.5,54.5,53.0,51.5,50.5,49.5,49.5,49.5,50.0,51.5,53.5,56.5,60.0,65.0,70.5,76.5,83.0,0.0,0.0
67.5,68.0,68.0,68.5,68.0,67.5,67.0,66.5,65.5,65.0,64.5,63.5,63.0,62.0,61.5,61.5,61.0,61.5,61.5,62.0,63.0,63.5,63.5,63.5,63.5,63.0,62.0,61.5,61.0,61.0,61.0,61.0,61.0,61.0,61.0,61.0,61.0,61.5,61.5,62.0,62.0,62.0,62.0,62.0,62.0,61.5,61.5,61.5,61.5,61.5,61.5,61.0,61.0,60.5,60.5,60.0,60.5,60.5,61.0,61.5,62.0,62.0,62.0,62.0,62.0,62.0,61.5,61.0,60.5,60.5,60.0,59.5,59.0,58.5,58.5,59.0,60.0,60.5,61.5,62.0,62.5,62.5,62.5,62.5,62.5,62.0,61.5,61.0,60.5,60.0,59.0,58.5,58.0,57.0,56.5,56.5,56.5,57.0,58.0,58.5,59.0,59.0,59.5,59.0,59.0,58.5,58.0,57.5,57.0,56.5,56.5,56.0,56.0,56.0,56.5,56.5,56.5,57.0,57.5,57.5,57.5,57.5,58.0,58.0,58.0,58.0,57.5,57.0,56.0,55.5,55.0,55.0,55.0,55.5,56.0,56.5,57.0,57.5,57.5,57.5,57.5,57.0,57.0,56.5,56.5,56.0,56.0,55.5,55.0,55.0,55.0,54.5,54.5,54.5,54.5,54.5,54.5,55.0,55.0,55.5,55.5,56.0,56.5,56.5,56.5,56.5,56.0,56.0,55.5,55.5,55.5,56.0,56.0,55.5,55.5,55.0,55.0,55.5,56.0,56.5,57.0,57.5,58.0,58.0,58.5,58.5,58.5,58.5,58.5,58.5,58.5,58.0,57.5,57.5,57.5,58.0,58.5,59.0,59.5,59.5,60.0,60.5,61.0,61.0,61.5,62.0,61.5,61.5,61.0,60.5,60.5,60.0,59.5,59.0,58.5,58.0,58.0,58.0,58.5,58.5,59.0,59.5,59.5,60.0,60.0,60.5,60.0,60.0,60.0,60.0,60.5,60.5,60.5,60.5,60.5,60.0,60.0,60.0,60.5,61.0,61.5,61.5,61.5,61.0,60.5,60.0,59.5,59.0,59.0,58.5,58.5,58.5,58.5,58.5,58.5,58.5,58.5,59.0,59.5,59.5,60.0,60.0,59.5,59.5,59.5,59.5,59.5,59.5,59.5,59.5,59.0,59.5,59.5,59.5,60.0,60.0,60.0,60.5,61.0,61.0,61.5,61.5,61.5,61.0,61.0,61.0,60.5,60.5,60.0,60.0,59.0,58.5,58.5,58.0,58.5,59.0,60.0,61.0,62.0,62.5,63.0,63.5,63.5,63.5,63.5,62.5,62.0,61.5,60.5,60.5,60.0,60.0,60.0,60.0,60.0,60.0,60.0,60.5,61.0,61.5,0.0,0.0
62.0,62.0,62.5,63.0,63.0,63.5,63.5,63.0,63.0,62.5,62.0,61.5,61.0,60.5,60.5,60.5,60.5,60.5,60.5,60.5,60.5,61.0,61.0,61.5,61.5,62.0,62.0,62.5,62.5,62.0,61.5,61.0,60.5,60.5,60.0,60.0,60.0,60.0,60.5,60.5,61.0,61.5,62.0,62.0,62.5,62.5,62.5,62.5,62.5,62.5,62.0,61.5,61.0,60.5,60.5,60.0,60.0,60.0,60.5,60.5,61.0,61.5,62.0,62.5,62.5,63.0,63.0,63.0,63.0,63.0,63.0,63.0,63.0,62.5,62.5,62.5,62.5,62.5,62.5,62.5,63.0,63.0,63.0,63.0,63.0,63.0,63.0,63.0,63.0,63.0,62.5,62.5,62.0,61.5,61.5,61.0,61.0,61.0,61.0,61.0,61.5,62.0,62.0,62.5,63.0,63.0,63.0,62.5,62.0,61.0,60.5,60.0,60.0,60.0,59.5,59.5,60.0,60.0,60.0,60.5,60.5,60.5,60.5,60.5,60.5,61.0,61.0,60.5,60.5,60.0,59.0,58.5,58.5,58.0,57.5,57.5,57.5,58.0,58.5,59.0,59.5,60.5,61.5,62.0,62.5,63.5,64.0,64.0,64.5,64.5,64.0,64.0,64.0,64.5,64.5,65.0,65.0,65.5,65.5,66.0,66.0,66.0,66.5,66.5,66.5,66.5,67.0,66.5,66.5,66.5,66.0,65.5,65.0,65.0,65.0,65.0,65.0,65.5,66.0,66.5,67.0,67.0,67.5,67.5,67.5,68.0,68.5,68.5,68.5,68.0,68.0,67.5,67.0,66.5,66.5,66.5,66.5,66.5,66.5,67.0,67.0,67.5,68.0,68.0,68.5,68.5,69.0,69.0,69.0,69.0,69.0,69.0,68.5,68.5,68.0,67.5,67.0,67.0,67.0,67.0,67.5,67.5,67.5,68.0,68.0,68.5,68.5,68.0,67.5,67.0,66.0,64.5,63.0,61.0,59.0,57.0,55.0,53.5,51.5,50.5,49.5,49.0,49.0,49.0,50.0,51.5,53.5,56.0,59.0,63.0,68.0,73.0,78.5,85.0,91.5,98.5,105.0,111.5,117.5,123.5,129.5,135.5,140.5,145.0,148.0,150.0,151.0,151.5,151.0,150.0,148.0,145.5,142.0,138.0,133.5,129.0,124.5,119.5,115.0,110.5,106.0,102.0,98.0,94.0,90.5,87.5,84.5,82.0,80.0,77.5,76.0,74.5,73.5,73.0,72.5,72.0,72.0,72.0,72.0,71.5,71.5,71.5,71.5,71.5,71.5,71.5,71.5,71.5,71.5,71.0,71.0,70.5,70.0,69.5,69.5,69.0,69.0,69.0,69.0,69.5,0.0,0.0
65.0,62.5,60.5,59.0,58.0,57.0,57.0,57.0,57.5,58.0,59.5,61.5,64.5,68.0,72.5,77.0,82.5,88.5,94.5,101.5,108.0,114.5,121.0,127.0,133.0,138.5,143.5,148.0,151.5,153.5,155.0,155.0,155.0,154.5,153.5,151.5,148.5,144.5,140.5,135.5,131.0,126.5,122.0,117.5,113.0,108.5,104.5,100.5,97.0,93.0,90.0,86.5,83.5,81.0,79.0,77.0,76.0,75.5,75.0,75.0,75.0,75.5,75.5,75.5,76.0,76.0,76.5,76.5,76.5,76.5,76.0,75.5,75.0,74.0,73.5,73.0,72.5,72.0,71.5,71.0,70.5,70.5,70.5,70.5,71.0,71.0,71.0,71.5,71.5,71.0,71.0,71.0,71.0,71.0,71.0,71.0,71.0,71.0,71.0,71.0,71.0,71.0,71.5,71.5,72.0,72.0,72.5,72.5,72.5,73.0,73.0,73.0,73.5,73.5,73.5,73.0,72.5,72.0,71.5,71.0,70.5,70.0,70.0,70.0,70.5,71.0,71.5,72.0,72.5,72.5,72.0,72.0,71.5,71.5,71.0,70.5,70.5,70.0,70.0,70.0,70.0,70.0,70.5,70.5,70.5,70.5,70.5,71.0,71.5,72.0,72.5,72.5,72.0,72.0,71.5,71.0,70.5,69.5,69.0,69.0,69.0,69.0,69.0,69.0,69.5,70.0,70.5,70.5,71.0,71.0,71.5,71.5,71.5,71.0,70.5,70.0,69.5,69.5,69.0,68.5,68.0,68.0,68.5,68.5,69.0,70.0,70.5,71.0,71.5,71.5,72.0,72.0,72.0,71.5,71.0,70.0,69.0,68.5,68.0,67.5,67.5,67.5,68.0,68.5,69.0,69.5,70.0,70.0,70.5,70.5,70.5,70.0,70.0,69.5,69.5,69.0,68.5,68.0,68.0,67.5,67.5,67.5,68.0,68.5,69.0,69.5,69.5,70.0,70.0,70.5,70.5,71.0,71.0,71.0,71.0,70.5,70.0,69.5,69.0,68.5,68.5,68.5,68.5,69.0,69.5,70.0,70.5,71.5,72.0,72.0,72.0,71.5,71.0,70.5,69.5,69.0,68.5,68.0,67.5,67.5,67.5,68.0,68.5,69.0,69.5,70.0,70.0,70.0,69.5,69.5,69.5,69.5,69.5,69.0,68.5,68.0,67.5,67.0,66.5,66.5,67.0,67.0,67.5,68.0,68.5,68.5,68.5,68.5,68.0,67.5,67.0,67.0,66.5,66.5,66.0,66.0,66.0,65.5,65.0,64.5,64.5,64.5,64.5,64.5,65.0,65.5,65.5,66.0,66.0,66.5,67.0,67.0,67.0,67.0,67.0,66.5,66.0,66.0,65.5,65.0,0.0,0.0
44.5,44.0,44.0,43.5,43.5,43.5,43.5,44.0,44.5,45.0,45.5,45.5,46.0,46.5,46.5,47.0,47.0,46.5,46.5,46.0,46.0,46.0,45.5,45.5,45.0,45.0,45.0,45.0,45.0,45.0,45.5,45.5,46.0,46.5,46.5,46.5,46.5,46.5,46.0,46.0,46.0,45.5,45.5,45.5,45.5,45.5,46.0,46.5,47.0,47.0,47.5,47.5,47.5,48.0,48.0,48.0,47.5,47.5,47.0,46.5,46.5,46.5,46.5,46.5,46.5,46.0,46.0,46.0,46.5,46.5,47.0,47.0,47.0,47.5,47.5,47.5,47.5,47.5,47.0,46.5,46.0,45.5,45.5,45.5,45.5,46.0,46.5,47.0,47.0,47.5,47.5,48.0,48.5,48.5,48.5,49.0,48.5,48.5,48.5,48.0,47.5,47.0,46.5,46.5,46.0,46.5,47.0,47.5,48.0,48.5,49.0,49.0,49.0,49.0,49.5,49.5,49.5,49.5,49.0,48.5,48.5,48.0,48.0,47.5,47.5,47.5,48.0,48.0,48.5,49.0,49.0,49.5,49.5,49.5,50.0,50.0,50.0,50.0,50.0,50.0,50.0,50.0,49.5,49.5,49.5,49.5,50.0,50.0,50.5,51.0,51.5,51.5,51.5,51.5,51.5,51.5,51.0,51.0,50.5,50.0,49.5,49.0,48.5,48.0,48.0,48.0,48.0,48.5,48.5,49.0,49.0,49.5,49.5,49.5,49.5,49.0,49.0,49.0,48.5,48.0,47.5,47.0,46.5,45.5,45.5,45.0,45.5,45.5,45.5,46.0,46.5,47.0,47.0,47.5,47.5,47.5,47.0,46.5,46.0,45.5,45.0,44.5,44.0,44.0,44.0,44.5,45.0,45.5,46.5,47.0,47.5,48.0,48.5,49.0,49.5,50.0,50.0,50.0,50.0,49.5,49.0,49.0,48.5,48.0,48.0,48.0,48.0,48.5,49.0,49.5,50.5,51.0,51.0,51.5,51.0,51.0,50.5,50.5,50.0,49.5,49.0,49.0,48.5,48.5,49.0,49.0,49.0,49.5,49.5,50.0,50.5,50.5,50.5,51.0,51.0,51.0,51.0,51.0,50.5,50.0,49.5,49.0,48.5,48.5,48.0,48.0,48.0,48.0,48.5,49.5,50.0,51.0,51.5,52.0,52.0,52.0,51.5,51.5,51.0,50.5,50.5,50.0,50.0,49.5,49.5,50.0,50.0,50.5,50.5,51.0,51.5,52.0,52.0,52.5,52.0,51.5,50.5,49.0,47.5,46.0,44.0,41.5,39.5,37.5,35.5,34.0,32.5,31.5,31.0,31.0,31.5,33.0,34.5,37.0,39.5,43.0,47.0,51.0,56.0,62.0,0.0,0.0
-14.0,-14.0,-14.0,-14.0,-14.0,-14.0,-14.5,-14.5,-15.0,-15.0,-15.0,-14.5,-14.5,-14.5,-14.5,-14.0,-14.0,-13.5,-13.0,-13.0,-12.5,-12.5,-12.5,-13.0,-13.0,-13.5,-13.5,-14.0,-14.5,-14.5,-15.0,-15.0,-15.0,-14.5,-14.5,-14.0,-14.0,-13.5,-13.5,-13.5,-13.0,-13.0,-13.0,-13.5,-13.5,-13.5,-13.5,-14.0,-14.0,-14.0,-14.0,-14.0,-14.0,-14.0,-13.5,-13.0,-13.0,-12.5,-12.5,-12.0,-11.5,-11.5,-11.0,-11.0,-11.5,-12.0,-12.5,-13.0,-13.0,-13.5,-14.0,-14.0,-14.0,-14.0,-13.5,-13.0,-12.5,-12.0,-12.0,-11.5,-12.0,-12.0,-12.0,-12.0,-12.5,-13.0,-13.0,-13.5,-13.5,-14.0,-14.0,-14.0,-13.5,-13.0,-12.5,-12.0,-11.0,-10.5,-10.0,-10.0,-9.5,-9.5,-9.0,-9.0,-9.5,-9.5,-9.5,-10.0,-10.0,-10.5,-11.0,-11.5,-11.5,-12.0,-12.0,-12.0,-11.5,-11.0,-10.5,-10.5,-10.0,-9.5,-9.5,-10.0,-10.0,-10.5,-11.0,-11.5,-11.5,-12.0,-12.0,-12.0,-12.0,-12.0,-11.5,-11.0,-10.5,-10.5,-10.0,-10.0,-10.0,-10.0,-10.0,-10.0,-10.0,-10.0,-10.5,-10.5,-10.5,-10.5,-10.5,-10.0,-10.0,-10.0,-9.5,-9.0,-9.0,-8.5,-8.0,-8.0,-8.0,-8.0,-8.5,-8.5,-9.0,-9.0,-9.0,-9.5,-9.5,-9.5,-10.0,-10.0,-10.0,-9.5,-9.5,-9.0,-8.5,-8.0,-8.0,-8.0,-8.0,-7.5,-7.5,-7.5,-7.5,-8.0,-8.0,-8.0,-8.0,-8.0,-8.0,-8.0,-8.0,-7.5,-7.5,-7.0,-6.5,-6.0,-6.0,-5.5,-5.5,-5.5,-5.5,-5.5,-5.5,-6.0,-6.0,-6.5,-6.5,-6.5,-6.5,-6.5,-6.5,-6.0,-6.0,-5.5,-5.5,-5.0,-5.0,-4.5,-4.5,-4.5,-5.0,-5.0,-5.5,-6.0,-6.0,-6.5,-6.5,-7.0,-7.0,-7.0,-6.5,-6.5,-6.0,-5.5,-5.5,-5.0,-4.5,-4.5,-4.5,-4.5,-4.5,-4.5,-5.0,-5.0,-5.5,-5.5,-6.0,-6.0,-6.0,-6.0,-5.5,-5.0,-5.0,-5.0,-4.5,-4.5,-4.0,-4.0,-4.0,-4.0,-4.0,-4.5,-4.5,-5.0,-5.0,-5.5,-5.5,-6.0,-6.0,-6.0,-6.0,-6.0,-5.5,-5.0,-5.0,-4.5,-4.0,-3.5,-3.0,-3.0,-3.0,-3.0,-3.5,-4.0,-4.5,-5.0,-5.0,-5.5,-5.5,-5.0,-5.0,-4.5,-4.0,-3.5,-3.0,-2.5,-2.5,-2.0,-2.0,-2.0,-2.0,-2.5,-3.0,-3.0,-3.5,-4.0,-4.0,-4.5,-4.5,-4.5,-4.5,-4.5,-4.0,-3.5,-2.5,-2.0,-1.0,-0.5,0.0,0.0
-11.5,-11.5,-11.5,-11.5,-11.5,-11.5,-11.0,-10.5,-10.5,-10.0,-9.5,-9.5,-9.0,-9.5,-9.5,-10.0,-10.0,-10.5,-11.0,-11.0,-11.0,-11.5,-11.5,-11.0,-10.5,-10.5,-10.0,-9.5,-9.5,-9.0,-8.5,-8.0,-7.5,-7.5,-7.5,-8.0,-8.0,-8.5,-9.0,-9.5,-10.0,-10.5,-11.0,-11.5,-12.0,-12.5,-13.0,-13.0,-13.5,-13.5,-13.5,-13.0,-12.5,-11.5,-11.0,-10.0,-9.0,-8.5,-7.5,-7.5,-7.0,-7.0,-7.0,-7.5,-7.5,-7.5,-7.5,-7.5,-7.5,-7.5,-8.0,-8.0,-8.5,-9.0,-9.5,-10.5,-11.0,-11.5,-12.0,-12.5,-13.0,-13.0,-13.5,-13.5,-13.5,-13.5,-13.0,-13.0,-13.0,-12.5,-12.5,-12.0,-12.0,-11.5,-11.5,-11.5,-12.0,-12.0,-11.5,-11.5,-11.0,-10.5,-10.0,-9.5,-8.5,-8.0,-7.5,-7.0,-6.5,-6.5,-6.5,-6.5,-6.5,-6.5,-7.0,-7.0,-7.5,-8.0,-8.0,-8.5,-8.5,-9.0,-9.0,-9.0,-8.5,-8.5,-8.0,-7.5,-7.0,-6.5,-6.0,-6.0,-5.5,-5.5,-5.5,-6.0,-6.0,-6.5,-7.0,-7.0,-7.0,-7.5,-7.5,-7.5,-7.0,-7.0,-6.5,-6.0,-5.5,-5.5,-5.0,-5.5,-5.5,-5.5,-6.0,-6.0,-6.5,-6.5,-7.0,-7.5,-8.0,-8.0,-8.0,-8.0,-8.0,-7.5,-7.0,-6.5,-6.0,-5.5,-6.0,-6.0,-6.0,-6.5,-6.5,-7.0,-7.5,-8.0,-8.5,-9.5,-10.0,-11.0,-11.5,-12.5,-13.5,-15.0,-16.5,-18.5,-20.5,-22.0,-23.5,-25.0,-26.0,-26.5,-26.5,-26.5,-26.5,-25.5,-24.0,-22.0,-19.0,-14.5,-9.5,-4.0,3.0,10.5,18.0,25.5,32.0,38.5,45.0,51.0,57.0,62.5,67.5,71.0,73.5,75.5,76.5,77.0,76.5,76.0,74.0,71.5,67.5,63.0,58.5,53.5,48.5,43.5,38.5,34.0,29.0,24.5,20.0,16.0,12.5,9.0,5.5,3.0,0.5,-1.0,-2.0,-3.0,-3.0,-3.0,-2.5,-2.0,-2.0,-2.0,-2.0,-2.0,-2.0,-2.5,-3.0,-3.5,-4.0,-4.5,-5.0,-5.5,-6.0,-6.5,-6.5,-7.0,-7.0,-6.5,-6.5,-6.0,-6.0,-6.0,-6.0,-6.0,-6.0,-6.0,-6.0,-6.5,-6.5,-7.0,-7.0,-7.5,-8.0,-8.0,-8.5,-8.5,-8.5,-8.0,-7.5,-7.0,-6.5,-6.0,-5.5,-5.5,-5.5,-6.0,-6.0,-6.5,-7.0,-7.5,-8.0,-8.5,-9.0,-9.0,-9.0,-9.0,-8.5,-8.5,-8.0,-8.0,-7.5,-7.0,-7.0,-7.0,-7.0,-7.0,-7.0,-7.0,-7.0,-7.5,-7.0,-7.0,0.0,0.0
52.5,52.5,53.0,53.0,53.5,53.5,53.5,53.5,53.0,53.0,52.5,52.0,51.5,51.0,51.0,51.0,51.0,51.5,52.0,52.5,53.0,54.0,54.5,54.5,54.5,54.5,54.0,53.5,53.5,53.0,53.0,53.0,52.5,52.5,52.5,52.5,52.5,52.5,53.5,54.0,54.5,54.5,55.0,55.0,55.0,55.0,55.0,55.0,55.0,55.0,54.5,54.5,54.0,54.0,54.0,54.0,54.0,54.0,54.0,54.5,54.5,54.5,54.5,54.5,54.5,55.0,55.0,55.0,54.5,54.5,54.5,54.0,54.0,53.5,53.5,53.5,53.5,54.0,54.0,54.5,55.0,55.5,56.0,56.0,56.5,56.5,56.0,56.0,55.5,55.0,55.0,55.0,55.0,55.0,54.5,54.5,54.5,55.0,55.5,55.5,55.5,56.0,56.0,55.5,55.5,55.0,55.0,54.5,54.0,53.5,53.0,52.5,52.0,52.0,51.5,51.5,51.0,51.0,51.5,51.5,52.0,52.5,53.0,53.5,54.0,54.0,54.0,54.0,53.5,53.5,53.0,53.0,53.0,53.0,53.5,53.5,54.0,54.5,55.0,55.5,56.5,57.5,58.0,58.0,58.5,58.5,58.0,58.0,57.5,57.5,57.0,56.5,56.0,55.5,55.5,55.0,55.0,55.5,55.5,56.0,56.5,57.5,57.5,57.5,57.5,57.5,57.5,57.0,57.0,56.5,56.5,56.5,56.0,56.0,55.5,55.5,55.5,56.0,56.0,56.5,57.0,57.0,57.0,57.0,56.5,56.5,56.0,55.5,55.0,54.5,54.0,54.0,53.5,53.5,53.0,53.0,53.5,53.5,53.5,53.5,54.0,54.0,54.5,54.5,54.5,54.5,54.0,54.0,54.0,53.5,53.0,52.5,51.5,50.5,49.5,48.0,46.5,45.0,43.0,41.0,39.5,38.0,37.0,36.0,35.0,35.0,34.5,34.5,35.0,36.0,38.0,41.0,45.0,49.5,55.0,61.5,68.5,76.5,84.0,91.5,99.0,106.0,113.0,119.5,126.0,132.0,136.5,140.0,142.5,144.0,144.5,144.5,143.5,141.5,138.5,134.0,129.0,124.0,118.5,113.5,108.0,103.0,97.5,92.5,88.0,83.5,79.0,75.5,72.0,69.0,66.0,63.5,61.5,60.5,59.5,59.0,59.0,59.0,59.5,59.5,60.0,60.0,60.0,60.0,59.5,59.5,59.0,58.5,58.0,57.5,57.0,56.5,56.0,56.0,55.5,55.5,55.5,55.5,55.5,56.0,56.0,56.5,56.5,57.0,57.0,57.0,57.0,56.5,56.5,56.0,55.5,55.0,54.0,53.5,53.0,52.5,52.0,51.5,51.0,50.5,0.0,0.0
49.0,49.5,49.5,50.0,50.5,50.5,50.5,50.5,50.5,50.5,50.5,50.5,50.5,50.0,49.5,49.0,49.0,48.5,48.5,48.5,48.5,48.5,48.5,48.5,48.5,48.5,48.5,48.0,48.0,47.5,47.0,46.5,46.0,45.5,45.0,44.5,44.0,44.0,43.5,43.5,43.5,43.5,44.0,44.5,45.0,45.5,46.0,46.0,46.5,47.0,47.0,47.0,47.5,47.5,48.0,48.5,48.5,48.5,49.0,49.5,50.0,51.0,51.5,52.0,52.5,53.0,53.0,53.0,53.0,53.0,52.5,52.5,52.0,51.5,51.0,50.5,50.5,50.0,50.0,49.5,49.5,49.5,49.5,49.5,49.5,49.0,49.5,49.5,49.5,49.5,49.5,49.5,49.0,49.0,49.5,49.5,50.0,50.5,50.5,51.0,51.0,51.0,51.0,51.5,51.5,51.5,51.5,51.5,51.5,51.0,50.5,50.0,49.5,49.5,49.0,49.0,49.0,49.0,49.0,49.5,50.0,50.0,50.5,51.0,51.0,51.5,51.5,51.0,50.5,50.5,50.0,50.0,50.0,49.5,49.5,49.5,49.5,49.0,49.0,49.0,49.0,48.5,47.5,47.0,45.5,44.0,42.0,39.5,37.0,35.0,33.0,31.5,30.0,29.5,29.0,29.0,30.0,31.5,34.0,37.0,41.5,46.5,52.5,59.0,66.0,73.5,81.0,88.0,94.5,100.5,106.0,111.5,116.5,121.5,126.0,129.0,131.0,132.5,133.0,133.0,132.5,131.0,129.0,126.5,123.0,119.0,114.5,110.0,105.0,100.0,95.0,89.5,84.5,79.5,75.5,71.5,68.0,65.0,62.0,60.0,58.5,57.0,56.5,56.5,56.0,55.5,55.0,55.0,54.5,54.0,53.5,53.0,52.5,52.0,51.5,51.0,50.5,50.0,50.0,50.0,50.0,50.5,50.5,51.0,51.0,51.5,51.5,51.0,51.0,50.5,50.0,49.5,49.0,48.5,48.0,47.5,47.0,47.0,47.0,46.5,46.5,47.0,47.0,47.5,48.0,48.5,49.0,49.0,49.0,48.5,48.5,48.5,48.0,47.5,47.5,47.5,47.5,47.5,47.5,48.0,48.0,48.5,49.0,49.0,49.5,49.5,50.0,50.0,50.0,50.0,50.0,49.5,49.5,49.5,49.0,49.0,48.5,48.5,48.5,48.0,48.0,47.5,47.5,48.0,48.0,48.5,48.5,48.5,48.5,48.0,48.0,47.5,47.5,47.0,46.5,46.5,46.0,46.0,46.0,46.5,46.5,47.0,47.5,47.5,48.0,48.0,48.5,49.0,49.0,49.0,49.5,49.5,49.0,49.0,48.5,48.5,48.5,48.5,48.5,49.0,0.0,0.0
48.0,47.5,48.0,48.0,48.5,49.0,49.5,50.0,50.5,50.5,51.0,50.5,50.5,50.0,50.0,49.5,49.5,49.0,49.0,49.0,49.0,49.0,49.0,49.5,50.0,50.5,51.0,51.0,51.5,52.0,52.0,52.0,52.0,51.5,51.5,51.5,51.0,50.5,50.5,50.0,50.0,50.0,50.0,50.5,50.5,51.0,51.0,51.5,51.5,52.0,52.0,52.5,52.5,52.5,52.5,53.0,53.0,53.0,53.0,53.0,52.5,52.5,52.5,52.5,53.0,53.5,54.0,54.5,54.5,54.5,54.5,55.0,55.0,55.0,54.5,54.5,54.0,53.5,53.5,53.5,53.5,53.5,53.5,53.5,54.0,54.0,54.5,55.0,55.5,55.5,56.0,56.0,56.0,55.5,55.5,55.5,55.5,55.5,55.5,55.5,55.0,55.0,55.0,55.5,55.5,56.0,56.0,56.5,56.5,56.5,57.0,57.0,57.5,57.0,57.0,57.0,56.5,56.5,57.0,57.0,57.5,57.5,58.0,58.5,59.0,59.5,60.0,60.5,61.0,61.0,61.0,61.0,60.5,60.5,60.0,59.5,59.0,58.5,58.0,58.0,58.0,58.0,58.0,58.0,58.5,58.5,58.5,59.0,59.0,59.0,58.5,58.5,58.5,58.0,58.0,57.5,57.0,57.0,57.0,57.0,56.5,56.5,56.5,56.5,56.5,57.0,57.5,58.5,59.0,59.5,60.0,60.5,61.0,61.0,61.0,60.5,60.5,60.5,61.0,61.0,61.0,61.0,61.0,61.0,61.0,61.5,61.5,62.0,62.0,62.0,62.0,61.5,61.0,60.5,60.0,60.0,60.0,60.0,60.5,60.5,60.5,60.5,61.0,61.0,61.5,62.0,62.0,62.5,63.0,63.5,63.5,64.0,64.0,64.5,64.0,64.0,63.5,63.5,63.5,63.5,63.0,63.0,63.5,63.5,64.0,64.5,65.0,65.5,65.5,65.5,65.5,65.5,65.0,65.0,65.5,65.5,65.5,65.5,65.0,65.0,65.0,65.0,65.0,65.0,65.0,65.5,65.5,66.0,66.0,66.0,65.5,65.0,64.0,63.0,61.5,59.5,57.0,55.0,52.5,50.0,48.5,47.0,46.0,45.5,45.5,45.5,46.0,47.0,49.5,52.5,57.0,62.0,67.5,74.0,81.0,88.5,95.5,102.5,109.0,115.0,121.5,127.5,134.0,140.0,145.5,149.5,152.0,153.5,154.0,154.0,153.5,152.5,150.5,147.5,143.5,139.0,134.5,129.5,124.5,119.0,114.0,108.5,103.5,99.0,94.5,90.5,87.0,84.0,81.0,78.0,76.0,74.5,73.0,72.0,71.5,71.0,70.5,70.0,69.5,69.0,0.0,0.0
38.0,37.5,37.5,37.5,37.5,37.5,37.5,38.0,38.5,38.5,39.0,39.5,39.5,39.5,39.5,39.5,39.0,39.0,39.0,39.0,38.5,38.5,38.5,38.0,38.0,38.0,38.5,38.5,38.5,39.0,39.0,39.0,39.5,39.5,39.0,39.0,38.5,38.5,38.5,38.0,38.0,37.5,37.5,37.0,37.0,37.5,37.5,38.0,38.5,38.5,39.0,39.5,39.5,39.5,39.5,39.0,39.0,38.5,38.0,37.5,37.5,37.0,37.0,37.5,37.5,38.0,38.0,38.5,38.5,39.0,39.0,38.5,39.0,39.0,39.0,39.0,39.0,38.5,38.0,38.0,37.5,37.0,37.0,37.0,37.0,37.0,37.0,37.5,37.5,37.5,37.5,37.5,37.5,37.5,37.5,37.5,37.0,37.0,36.5,36.5,36.5,36.0,36.0,36.0,36.5,37.0,37.5,38.0,38.5,39.0,39.5,39.5,39.5,40.0,40.0,39.5,39.5,39.5,39.0,38.5,38.0,37.5,37.0,37.0,37.0,37.0,37.5,38.0,38.5,39.0,39.5,39.5,40.0,40.0,40.5,40.0,40.0,39.5,39.0,39.0,38.5,38.0,38.0,37.5,37.5,37.5,37.5,37.5,37.5,37.5,37.5,37.5,37.5,38.0,38.0,37.5,37.0,37.0,36.5,36.5,36.5,36.0,35.5,35.5,35.5,35.5,35.5,35.5,36.0,36.0,36.0,36.5,36.5,36.0,35.5,35.0,34.5,34.0,33.5,33.0,32.5,32.0,31.5,31.5,31.5,31.5,32.0,32.5,33.5,34.0,35.0,36.0,36.5,37.0,37.5,38.0,38.0,37.5,37.5,37.0,37.0,36.5,36.5,36.0,36.0,36.0,36.5,37.0,37.0,37.5,38.0,38.5,38.5,38.5,38.5,38.0,37.5,37.0,36.5,36.0,36.0,35.5,35.5,35.0,35.0,35.0,35.5,35.5,36.0,37.0,37.0,37.5,37.5,37.5,37.0,36.5,36.5,36.0,35.5,35.5,35.0,35.0,35.0,35.5,35.5,36.0,36.0,36.0,36.5,36.5,36.5,37.0,37.0,37.5,38.0,38.0,38.0,37.5,37.0,36.5,36.0,35.5,35.0,35.0,35.0,35.0,35.0,35.5,35.5,36.0,36.0,36.5,36.5,36.5,36.5,36.0,36.0,35.0,34.0,33.0,31.5,29.5,27.5,26.0,24.0,22.5,21.0,19.5,18.5,18.0,17.5,17.5,18.0,19.0,20.5,22.5,25.0,28.5,32.5,37.5,43.0,49.0,56.0,62.5,69.5,75.5,82.0,88.0,94.5,100.5,106.0,111.0,114.0,116.0,117.0,117.5,117.5,116.5,115.0,112.5,0.0,0.0
-4.5,-4.5,-4.0,-4.5,-5.0,-5.5,-6.0,-6.5,-6.5,-7.0,-7.0,-7.0,-7.0,-7.0,-7.0,-7.0,-7.0,-7.5,-7.5,-8.0,-8.0,-8.5,-9.0,-9.5,-10.0,-10.0,-10.0,-10.0,-9.5,-9.5,-9.0,-8.0,-7.5,-7.0,-6.5,-6.5,-6.5,-7.0,-7.0,-8.0,-8.5,-9.0,-9.5,-10.0,-10.0,-10.0,-10.0,-10.0,-9.5,-9.0,-8.5,-8.0,-7.5,-7.5,-7.0,-7.0,-6.5,-6.5,-6.0,-6.0,-6.0,-6.5,-7.0,-7.0,-7.0,-7.0,-6.5,-6.5,-6.5,-6.5,-6.5,-6.0,-6.0,-6.0,-6.0,-6.5,-6.5,-7.0,-7.0,-7.5,-8.0,-8.5,-9.0,-9.5,-9.5,-10.0,-10.0,-10.0,-10.0,-10.0,-10.0,-10.0,-9.5,-9.5,-9.0,-9.0,-8.5,-8.5,-8.5,-8.5,-8.5,-8.5,-8.5,-9.0,-9.0,-9.5,-10.0,-10.0,-10.0,-10.0,-9.5,-9.0,-9.0,-9.0,-9.0,-9.0,-9.0,-9.0,-9.0,-9.0,-9.5,-9.5,-10.0,-10.5,-11.0,-11.0,-11.0,-11.0,-11.0,-10.5,-10.5,-9.5,-9.0,-9.0,-8.5,-8.5,-8.5,-8.5,-9.0,-9.0,-9.0,-9.5,-9.5,-10.0,-10.5,-10.5,-10.5,-10.5,-10.0,-9.5,-9.0,-8.5,-8.5,-8.0,-7.5,-7.5,-7.0,-6.5,-6.5,-6.5,-7.0,-7.5,-8.0,-8.0,-8.5,-8.5,-8.5,-8.5,-8.0,-7.5,-7.0,-6.5,-5.5,-5.0,-4.5,-4.0,-3.5,-3.5,-3.5,-3.5,-4.0,-4.5,-5.0,-6.0,-6.5,-7.0,-7.0,-7.0,-7.0,-7.0,-7.0,-6.5,-6.5,-6.0,-6.0,-6.0,-5.5,-6.0,-6.0,-6.5,-7.0,-7.0,-7.5,-8.0,-8.0,-8.5,-8.5,-8.0,-7.5,-7.0,-6.0,-5.5,-4.5,-4.0,-4.0,-4.0,-4.0,-4.0,-4.5,-4.5,-5.0,-5.5,-6.0,-6.5,-6.5,-7.0,-7.0,-7.0,-7.0,-7.0,-6.5,-6.5,-6.0,-5.5,-5.5,-5.0,-5.0,-5.5,-5.5,-6.0,-6.0,-6.5,-6.5,-6.5,-7.0,-7.0,-7.0,-7.0,-6.5,-6.0,-5.0,-4.0,-3.5,-3.0,-3.0,-3.0,-3.0,-3.0,-3.0,-3.5,-3.5,-4.0,-4.0,-4.5,-4.5,-4.5,-4.5,-4.5,-4.5,-4.5,-4.0,-4.0,-3.5,-3.0,-3.0,-3.0,-3.0,-3.0,-3.5,-3.5,-4.0,-4.5,-4.5,-4.5,-5.0,-5.0,-5.5,-5.5,-5.0,-5.0,-4.5,-4.5,-4.0,-4.0,-3.5,-3.5,-3.5,-3.5,-3.5,-4.0,-4.5,-5.0,-5.5,-6.0,-6.5,-7.0,-7.0,-7.0,-6.5,-6.5,-6.0,-5.5,-5.0,-5.0,-4.5,-4.5,-4.5,-4.5,-4.5,-4.5,0.0,0.0
10.5,11.5,12.5,13.0,14.0,15.0,16.0,16.5,17.0,17.5,18.0,18.0,18.0,18.0,17.5,17.5,16.5,16.0,15.0,14.5,13.5,13.5,13.5,13.0,13.0,13.0,13.0,12.5,12.5,12.5,12.5,13.0,13.0,13.0,13.5,13.5,13.5,13.0,13.0,12.5,12.0,11.5,11.0,10.5,10.5,10.5,10.5,11.0,11.5,12.0,12.5,12.5,13.0,13.0,12.5,12.5,12.0,11.5,11.0,10.0,9.0,8.5,8.0,7.5,6.5,6.0,6.0,5.5,5.5,6.0,6.5,6.5,7.0,7.0,7.0,7.0,7.0,6.5,6.0,5.5,5.5,5.0,5.0,5.0,5.0,5.5,6.0,6.5,7.0,7.5,8.0,9.0,9.5,9.5,10.0,9.5,9.5,9.5,9.0,8.5,8.0,8.0,7.5,7.5,7.0,6.5,6.5,6.0,6.0,6.0,6.0,6.5,6.5,7.0,7.5,7.5,7.5,7.0,7.0,6.5,6.5,6.5,6.0,6.0,6.0,5.5,6.0,6.0,6.0,6.5,6.5,6.5,6.5,6.5,6.5,6.0,6.0,6.0,6.0,5.5,5.5,5.5,5.5,5.5,5.5,5.5,5.5,5.5,6.0,6.0,6.5,7.0,7.5,7.5,7.5,7.5,7.5,7.0,6.5,6.0,6.0,5.5,5.0,5.0,5.0,5.0,5.0,4.5,3.5,2.5,1.5,0.0,-1.5,-3.0,-5.0,-7.0,-9.0,-11.0,-12.0,-13.0,-13.5,-13.5,-13.0,-12.5,-11.0,-8.5,-5.5,-1.5,3.5,9.0,15.5,22.0,29.5,36.5,43.0,49.5,55.5,61.0,66.0,70.5,74.5,78.0,80.0,81.5,82.0,82.0,82.0,81.0,80.0,78.0,75.0,71.5,67.5,63.0,58.5,53.5,48.5,43.5,38.5,34.0,29.5,25.5,22.0,19.0,16.0,13.5,11.5,10.0,9.5,9.5,9.5,9.5,9.5,10.0,10.0,10.5,10.0,9.5,9.0,8.5,8.0,7.5,7.0,6.5,6.0,6.0,6.0,6.0,6.0,6.5,6.5,6.5,6.5,7.0,7.0,7.5,7.5,7.5,7.0,6.5,6.0,5.5,5.5,5.0,5.0,5.0,5.5,5.5,6.0,6.0,6.5,6.5,6.5,6.5,6.5,6.0,5.5,5.0,5.0,4.5,4.5,4.5,4.5,4.5,4.5,4.5,4.5,4.5,4.5,5.0,5.5,5.5,6.0,6.0,6.0,6.0,6.0,6.0,6.0,5.5,5.0,4.5,4.0,4.0,4.0,4.5,4.5,5.0,5.0,5.0,5.0,5.5,5.0,5.0,5.0,5.0,5.0,5.0,4.5,4.5,0.0,0.0
38.5,38.5,38.5,38.5,38.0,38.0,37.5,37.0,37.0,36.5,36.5,36.0,36.0,36.0,36.5,37.0,37.5,38.0,38.0,38.5,38.5,38.5,38.5,38.5,38.5,38.5,38.0,37.5,37.5,37.0,37.0,37.0,37.5,38.0,38.5,38.5,39.0,39.5,40.0,40.5,41.0,41.0,41.0,41.0,40.5,40.5,40.5,40.0,39.5,39.5,39.5,39.5,39.5,40.0,40.0,40.5,41.0,41.5,42.0,42.0,42.5,42.5,42.5,42.0,42.0,41.5,41.0,41.0,41.0,41.0,41.0,41.0,41.0,41.0,41.5,41.5,42.0,42.0,41.5,41.5,41.5,41.5,41.5,41.5,41.0,40.5,40.0,40.0,39.5,39.5,39.5,40.0,40.0,40.5,41.0,41.5,42.5,43.0,43.5,44.0,44.0,44.0,44.0,43.5,43.0,43.0,42.5,42.0,41.5,41.0,41.0,41.0,41.5,41.5,42.0,42.5,42.5,43.0,43.5,44.0,44.5,44.5,44.0,43.5,43.0,42.5,42.5,42.0,42.0,42.0,42.0,42.0,42.0,42.5,42.5,43.0,43.0,43.5,43.5,44.0,44.0,44.0,43.5,43.5,43.0,43.0,42.5,42.0,42.0,42.0,41.5,41.5,42.0,42.5,43.0,43.5,43.5,43.5,43.5,43.5,43.5,43.5,43.0,43.0,42.5,42.5,42.0,41.5,41.0,40.5,40.0,40.0,40.0,40.0,40.5,41.0,41.0,41.5,41.5,41.5,41.5,41.5,41.0,41.0,41.0,40.5,40.5,40.0,40.0,39.5,39.5,39.0,39.5,39.5,39.5,40.0,40.0,40.0,40.0,40.5,40.5,40.0,40.0,39.5,39.0,39.0,39.0,38.5,39.0,39.0,39.0,39.0,39.5,40.0,41.0,41.5,42.0,42.5,43.0,43.5,43.5,43.5,43.5,43.0,43.0,42.5,42.5,42.5,42.5,42.5,42.5,42.5,42.5,42.5,42.5,42.5,43.0,43.0,43.5,43.5,43.5,43.5,43.0,42.5,42.0,41.5,40.5,40.0,39.5,39.0,38.5,38.5,38.0,38.5,39.0,39.5,40.0,40.5,41.0,41.5,41.5,41.5,41.0,41.0,41.0,40.5,40.5,40.0,39.5,39.0,39.0,39.0,39.0,39.0,39.5,40.0,40.5,40.5,40.5,40.5,40.5,40.5,40.5,40.5,40.0,39.5,39.0,38.5,38.0,37.5,37.5,37.5,38.0,38.0,38.5,38.5,38.0,37.5,36.5,35.5,34.0,32.0,29.5,27.0,24.5,22.5,20.5,19.5,18.5,18.0,18.0,18.5,19.5,21.0,23.0,25.5,29.0,33.0,37.5,43.0,0.0,0.0
82.5,82.5,82.5,82.5,82.5,82.5,82.5,82.5,82.0,81.5,81.0,81.0,80.5,80.5,80.0,80.0,80.0,80.5,80.5,80.5,80.5,80.5,80.0,79.5,78.0,76.5,75.0,72.5,70.5,68.0,66.0,64.0,62.0,61.0,60.0,60.0,60.0,60.5,61.5,63.5,66.0,69.5,73.5,79.0,84.5,91.0,98.0,105.5,112.0,119.0,125.0,131.5,137.5,143.5,149.5,155.5,160.5,164.5,167.5,169.5,171.0,171.5,171.0,169.5,166.5,162.5,158.0,152.5,147.0,141.5,135.5,129.5,124.0,118.5,113.5,108.5,104.5,101.0,97.5,94.5,92.0,90.0,88.5,87.5,86.5,86.0,85.5,85.0,84.5,84.0,84.0,83.5,83.0,82.5,82.0,82.0,82.0,81.5,82.0,82.0,82.0,82.0,82.0,82.0,82.0,81.5,81.0,80.5,80.0,79.5,79.0,79.0,78.5,78.5,78.5,78.5,78.5,78.5,79.0,79.0,79.5,79.5,80.0,80.0,80.0,80.0,80.0,80.0,79.5,79.5,79.0,79.0,78.5,78.0,78.0,78.0,78.5,79.0,79.0,79.5,80.0,80.0,80.5,81.0,81.0,81.0,80.5,80.5,80.0,79.5,79.5,79.0,79.0,79.0,78.5,78.5,78.5,78.5,79.0,79.0,79.5,79.5,80.0,80.0,80.0,80.0,79.5,79.5,79.0,79.0,78.5,78.5,78.5,78.5,79.0,79.0,79.5,79.5,80.0,80.0,80.5,81.0,81.5,81.5,82.0,82.0,82.0,81.5,81.0,80.5,80.0,80.0,79.5,79.5,79.5,79.5,79.5,79.5,80.0,80.0,80.5,80.5,81.0,81.0,81.0,81.0,81.0,81.0,81.0,81.0,80.5,80.0,80.0,79.5,79.5,79.0,79.0,79.5,79.5,80.0,81.0,81.5,82.0,82.5,82.5,82.5,82.5,82.0,82.0,81.5,81.0,80.5,80.0,80.0,80.0,80.0,80.0,80.0,80.5,80.5,81.0,81.0,81.5,82.0,82.0,82.0,82.0,81.5,81.5,81.0,80.5,80.5,80.0,80.0,80.0,80.0,80.5,80.5,81.0,81.5,81.5,82.0,82.5,83.0,83.5,84.0,84.0,84.0,84.0,83.5,83.5,83.0,82.5,82.5,83.0,83.0,83.0,83.0,83.5,83.5,84.0,84.0,84.0,84.5,84.5,84.0,84.0,84.0,84.0,83.5,83.5,83.0,83.0,82.5,82.5,82.5,82.5,82.5,83.0,83.0,83.0,83.0,83.5,83.5,83.5,83.5,83.5,83.5,83.5,83.0,83.0,83.0,83.0,82.5,82.5,82.5,83.0,83.0,83.0,83.5,0.0,0.0
48.0,48.0,48.0,48.0,48.0,47.5,47.5,47.0,46.5,46.5,46.5,46.5,46.5,47.0,47.5,48.0,48.0,48.5,48.5,48.5,49.0,49.0,48.5,48.5,48.5,48.0,48.0,48.0,48.0,48.0,48.0,48.5,48.5,49.0,50.0,50.5,51.0,51.5,52.0,52.0,52.0,52.0,52.0,52.0,51.5,52.0,51.5,51.5,51.5,51.5,51.5,51.5,51.5,51.5,52.0,52.0,52.5,52.5,53.0,53.0,53.0,53.0,52.5,52.0,52.0,51.5,51.0,50.5,50.0,49.5,49.5,49.5,49.5,50.0,50.0,50.5,50.5,50.5,50.5,51.0,50.5,50.5,50.0,50.0,49.5,49.0,48.5,48.0,48.0,47.5,48.0,48.0,48.0,48.5,48.5,49.0,49.0,49.5,49.5,50.0,50.0,50.0,49.5,49.5,49.0,48.5,48.5,48.0,48.0,48.0,48.0,48.0,48.5,49.0,49.5,50.0,50.5,50.5,51.0,51.0,51.0,51.0,50.5,50.5,50.0,50.0,49.5,49.5,49.5,49.5,49.5,49.5,49.5,50.0,50.0,50.0,50.5,50.5,51.0,51.0,51.0,51.0,51.0,50.5,50.0,50.0,49.5,49.5,49.5,49.5,50.0,50.0,50.5,50.5,51.0,51.0,51.5,51.5,52.0,52.0,52.0,52.0,52.0,52.0,52.0,52.0,52.0,51.5,51.5,51.5,51.5,51.5,51.5,52.0,52.0,52.5,52.5,53.0,53.5,53.5,54.0,53.5,53.5,53.0,52.0,51.5,51.0,51.0,50.5,50.5,50.5,51.0,51.0,51.5,52.0,52.5,53.0,53.0,53.0,53.0,53.0,52.5,52.5,52.0,52.0,52.0,51.5,51.5,51.0,51.0,51.0,51.0,51.0,51.5,52.0,52.5,53.0,54.0,54.5,54.5,55.0,54.5,54.5,54.0,53.5,53.5,53.5,53.5,53.5,53.5,53.0,53.0,53.5,54.0,54.5,55.0,55.5,55.5,56.0,56.0,56.0,56.0,56.0,55.5,55.5,55.0,55.0,55.0,54.5,54.5,54.5,55.0,55.0,55.0,55.0,55.0,55.0,55.0,55.0,55.5,55.5,55.0,55.0,54.5,54.0,54.0,53.5,53.5,53.0,53.0,53.0,53.0,53.0,53.5,54.0,54.0,54.5,54.0,54.0,53.0,52.5,52.0,51.0,50.0,49.5,48.5,48.5,48.5,49.0,50.0,51.0,52.5,54.0,55.5,57.0,57.5,58.5,58.5,59.0,58.5,58.5,58.0,57.5,56.5,55.5,55.0,54.5,54.0,53.5,53.0,52.5,52.5,52.5,52.5,53.0,53.0,53.5,54.0,54.0,54.0,0.0,0.0
64.0,64.0,64.0,64.0,63.5,63.5,63.0,62.5,62.5,62.5,62.5,63.0,63.5,63.5,64.0,64.0,64.5,64.5,64.5,64.5,64.0,63.5,62.5,62.0,60.5,59.5,58.5,58.0,58.0,58.0,58.5,59.5,61.0,62.5,64.0,65.0,66.5,67.0,67.5,67.0,66.5,66.5,66.0,65.5,65.0,64.5,64.0,63.5,62.5,62.0,61.5,61.5,61.5,62.0,62.5,62.5,62.5,63.0,63.0,63.0,63.0,62.5,62.5,62.0,62.0,61.5,61.5,61.5,61.5,61.5,61.5,61.5,62.0,62.0,62.5,62.5,62.5,63.0,63.0,63.5,63.5,63.5,63.5,63.0,63.0,62.5,62.5,62.5,62.5,62.5,62.5,62.5,62.5,63.0,63.0,63.0,63.5,63.5,64.0,64.5,64.5,65.0,65.0,64.5,64.5,64.0,63.5,63.0,62.5,62.5,62.0,62.0,62.5,62.5,63.0,63.5,64.0,64.5,64.5,65.0,65.0,65.0,65.0,65.0,65.0,65.0,64.5,64.5,64.0,64.0,63.5,63.5,63.5,63.5,64.0,64.0,64.0,64.0,64.0,64.0,63.5,63.5,63.5,63.5,63.5,63.0,63.0,62.5,62.0,61.5,61.5,61.5,61.5,62.0,62.0,62.5,62.5,62.5,62.5,63.0,63.0,63.0,63.0,62.5,62.5,62.0,61.5,61.5,61.5,61.0,61.0,61.5,62.0,62.0,62.5,62.5,63.0,63.0,63.5,63.5,63.5,63.0,62.5,62.0,62.0,61.5,61.0,61.0,60.5,60.5,60.0,60.0,60.0,60.0,60.5,60.5,61.0,61.0,61.0,61.5,61.5,61.5,61.5,61.5,62.0,62.0,61.5,61.5,61.0,60.5,60.5,60.0,60.5,60.5,61.0,61.0,61.5,61.5,61.5,61.5,61.5,61.5,61.5,61.5,61.0,61.0,60.5,60.5,60.5,60.5,60.5,60.5,61.0,61.0,61.5,62.0,62.0,62.0,62.5,62.5,62.5,62.5,62.5,62.0,61.5,61.0,61.0,61.0,60.5,60.5,60.5,61.0,61.0,61.5,61.5,62.0,62.0,62.5,62.5,62.5,62.5,62.0,62.0,61.5,61.5,61.0,61.0,61.0,61.0,60.5,60.5,60.5,60.5,61.0,61.0,61.5,61.5,61.5,61.5,61.5,61.5,61.5,61.0,61.0,61.0,60.5,60.5,60.0,60.0,60.0,60.0,60.0,60.0,60.5,61.0,61.5,62.0,62.0,62.5,62.0,62.0,62.0,61.5,61.0,60.5,60.0,59.5,59.5,59.5,59.5,59.5,60.0,60.0,60.5,61.0,61.0,61.5,61.5,62.0,61.5,0.0,0.0
68.5,68.5,68.0,67.5,67.0,66.5,66.0,65.5,65.5,65.0,65.0,64.5,64.5,64.0,64.5,64.5,65.5,66.5,67.5,69.0,70.0,71.0,71.5,72.5,73.0,73.0,73.0,73.0,73.0,73.5,73.5,73.5,73.0,73.0,72.5,72.5,72.0,71.5,71.0,70.5,70.0,70.0,69.5,69.5,69.0,69.0,68.5,68.5,68.5,68.5,68.5,69.0,69.0,69.0,69.5,70.0,70.0,70.0,70.0,70.0,69.5,69.5,69.0,68.5,68.5,68.0,68.0,68.0,68.0,68.0,68.0,68.5,69.0,69.5,70.0,70.0,70.5,70.0,70.0,70.0,69.5,69.5,69.5,69.0,69.0,68.5,68.5,68.5,69.0,69.0,69.5,69.5,70.0,70.5,71.0,71.5,71.5,71.0,71.0,70.5,70.5,70.0,69.5,69.0,69.0,68.5,68.5,68.5,69.0,69.5,69.5,70.0,70.0,70.5,70.5,71.0,71.5,72.0,72.0,72.0,72.0,72.0,71.5,71.5,71.0,70.5,70.0,70.0,70.0,69.5,69.5,69.5,70.0,70.5,70.5,71.0,71.0,71.5,71.0,71.0,70.5,70.0,69.5,69.5,69.0,69.0,68.5,68.5,68.5,69.0,69.0,69.5,69.5,70.0,71.0,71.5,71.5,72.0,72.0,72.0,71.5,71.5,71.0,71.0,70.5,70.0,69.5,69.5,69.5,70.0,71.0,72.0,72.5,73.0,73.5,74.0,74.0,74.0,74.5,74.0,74.0,73.5,73.0,72.5,72.5,72.0,72.0,71.5,71.5,72.0,72.0,72.5,72.5,72.5,72.5,72.5,72.5,73.0,73.0,73.0,73.0,73.0,73.0,72.5,72.0,71.5,71.5,71.5,71.5,72.0,72.5,73.0,73.5,74.5,75.0,75.5,76.0,76.0,76.0,75.5,75.0,74.5,73.5,73.0,73.0,73.0,73.0,73.0,73.5,73.5,73.5,74.0,74.5,74.5,75.0,75.5,75.5,75.5,75.5,75.0,75.0,75.0,74.5,74.5,74.0,74.0,73.5,73.5,73.5,73.5,74.0,74.0,74.5,74.5,74.5,74.5,74.5,75.0,75.0,75.0,75.0,74.5,74.5,74.0,74.0,73.5,73.5,73.5,74.0,74.0,75.0,75.5,76.0,76.5,77.0,77.5,77.5,77.5,77.0,76.5,76.0,76.0,75.5,75.5,75.0,75.0,75.0,74.5,74.5,74.5,74.5,74.5,74.5,75.0,75.0,75.0,75.0,75.0,74.5,74.0,73.5,73.0,73.0,72.5,72.5,72.5,72.5,72.5,72.5,72.5,73.0,74.0,75.0,76.0,77.0,78.0,78.5,78.5,78.0,78.0,0.0,0.0
29.0,28.5,28.0,27.5,27.5,27.5,27.5,28.0,28.5,29.0,29.5,30.5,31.0,32.0,32.5,33.5,34.0,34.5,34.5,35.0,35.0,34.5,34.0,33.5,33.0,33.0,33.0,32.5,32.5,32.5,33.0,33.0,33.5,33.5,34.0,34.0,34.0,34.0,33.5,33.5,33.0,33.0,32.5,32.0,31.5,31.0,30.5,30.5,30.5,31.0,31.5,32.0,32.5,33.0,33.5,33.5,34.0,34.0,34.0,33.5,33.5,33.5,33.0,32.5,32.0,31.5,31.0,31.0,30.5,30.5,31.0,31.0,31.5,32.0,32.0,32.0,32.5,32.5,32.0,32.0,32.0,31.5,31.5,31.5,31.5,31.5,31.5,31.5,31.5,31.5,32.0,32.0,32.5,32.5,32.0,31.5,30.5,29.0,27.5,26.0,23.5,21.5,19.0,16.5,14.5,13.0,12.0,11.0,10.5,11.0,12.0,13.5,15.5,18.5,22.5,27.0,32.5,38.0,44.5,51.5,58.0,64.5,70.5,76.5,82.5,88.5,95.0,100.5,105.5,109.5,112.5,114.5,116.0,117.0,117.0,115.5,113.5,110.0,106.0,101.0,96.0,90.5,84.5,78.5,72.5,66.5,61.5,56.5,52.0,48.0,44.5,42.0,39.5,37.5,36.0,35.0,34.5,34.0,34.0,33.5,33.5,33.0,32.5,32.0,32.0,32.0,31.5,31.5,31.0,31.0,31.0,31.0,31.5,31.5,32.0,32.0,32.5,32.5,32.0,32.0,31.5,31.0,30.5,30.0,29.5,29.0,28.5,28.0,28.0,28.0,28.0,28.0,28.0,28.5,28.5,28.5,29.0,29.0,29.0,29.0,28.5,28.5,28.5,28.0,28.0,27.5,27.5,27.5,27.5,27.5,27.5,28.0,28.0,28.5,29.0,29.0,29.0,29.0,29.0,29.0,29.0,29.0,29.0,28.5,28.0,28.0,27.5,27.5,27.0,27.0,27.0,27.5,27.5,28.0,28.0,28.0,28.5,28.5,28.5,28.0,28.0,27.5,27.0,26.5,26.5,26.5,27.0,27.0,27.5,27.5,28.0,28.0,28.5,29.0,29.0,29.5,30.0,30.0,30.0,30.0,29.5,29.5,29.0,28.5,28.5,28.0,27.5,27.5,27.0,27.0,27.0,27.5,27.5,28.0,28.5,29.0,29.0,29.5,29.0,29.0,29.0,29.0,29.0,28.5,28.0,27.5,27.5,27.0,27.5,27.5,28.0,28.5,29.5,30.0,30.0,30.5,30.5,30.5,30.5,30.5,30.0,29.5,29.5,29.0,28.5,28.5,28.5,28.5,28.5,29.0,29.0,29.0,29.0,29.0,29.5,29.5,29.5,29.5,29.5,29.0,0.0,0.0
70.0,69.5,69.5,69.0,69.0,69.0,69.5,69.5,70.0,70.5,70.5,71.0,71.0,71.5,71.5,71.0,71.0,70.5,70.0,69.5,69.0,69.0,69.0,69.0,69.5,69.5,70.0,70.5,71.0,71.0,71.5,71.5,72.0,72.0,71.5,71.5,71.0,70.5,70.0,69.5,69.0,68.5,68.5,68.0,68.5,68.5,69.0,69.5,69.5,70.0,70.5,70.5,70.5,70.5,70.5,70.5,70.5,70.0,70.0,69.5,69.0,69.0,68.5,68.5,68.0,68.0,68.5,68.5,69.0,69.5,70.0,70.0,70.5,70.5,70.5,70.0,70.0,69.5,69.5,69.0,68.5,68.5,68.0,68.0,68.0,68.0,68.0,68.5,68.5,69.0,69.0,69.5,69.5,69.5,69.5,69.5,69.5,69.5,69.0,69.0,68.5,68.5,68.5,68.5,68.5,68.5,69.0,69.0,69.5,69.5,70.0,70.0,70.5,70.5,70.0,70.0,69.5,69.0,68.5,68.5,68.0,68.0,68.0,68.0,68.5,69.0,69.5,70.0,70.5,71.0,71.5,71.5,71.5,71.5,71.0,70.5,70.0,70.0,69.5,69.5,69.0,69.0,69.0,68.5,69.0,69.0,69.5,70.0,70.0,70.5,71.0,71.0,71.5,71.5,71.5,71.0,70.5,70.0,69.5,69.0,68.5,68.5,68.0,68.0,68.0,68.5,68.5,68.5,69.0,69.0,69.0,69.0,69.0,69.0,69.0,69.0,68.5,68.0,67.5,67.0,66.5,66.5,66.5,66.5,66.5,66.5,67.0,67.5,68.0,68.5,68.5,69.0,69.0,69.5,69.5,69.0,69.0,68.5,68.5,68.0,67.5,67.5,67.5,67.5,67.5,67.5,68.0,68.0,68.5,68.5,69.0,69.0,69.5,69.5,69.0,69.0,69.0,68.5,68.0,67.5,67.5,67.0,66.5,66.5,66.5,67.0,67.0,67.5,68.0,68.0,68.5,68.5,68.5,68.5,68.5,68.5,68.0,68.0,68.0,67.5,67.5,67.0,67.0,67.0,67.0,67.5,68.0,68.5,69.0,69.5,70.0,70.0,70.0,69.5,69.5,69.5,69.0,69.0,69.0,68.5,68.0,67.5,67.0,67.0,67.0,67.5,68.0,68.5,69.0,69.0,69.5,69.5,70.0,70.0,70.0,69.5,69.0,68.5,68.0,67.5,67.5,67.5,67.5,67.5,67.5,67.5,68.0,68.5,69.0,69.5,70.0,70.5,70.5,70.0,70.0,69.5,69.5,69.0,69.0,68.5,68.0,68.0,67.5,67.5,67.5,67.5,67.5,68.0,68.5,68.5,69.0,69.0,69.5,69.5,69.5,70.0,70.0,69.5,69.5,69.0,0.0,0.0
14.5,14.5,14.0,14.0,13.5,12.5,12.0,11.5,11.0,11.0,11.0,11.0,11.5,12.0,12.5,13.5,14.0,14.5,14.5,14.5,14.5,14.5,14.5,14.5,14.0,14.0,14.0,13.5,13.5,13.5,13.5,13.5,13.5,13.5,13.0,12.5,12.0,11.5,11.0,10.5,10.0,9.5,10.0,10.0,10.5,11.5,12.5,13.0,14.0,15.0,16.0,16.5,17.0,17.5,18.0,18.0,18.0,18.0,17.5,17.5,16.5,16.0,15.0,14.5,13.5,13.5,13.5,13.0,13.0,13.0,13.0,12.5,12.5,12.5,12.5,13.0,13.0,13.0,13.5,13.5,13.5,13.0,13.0,12.5,12.0,11.5,11.0,10.5,10.5,10.5,10.5,11.0,11.5,12.0,12.5,12.5,13.0,13.0,12.5,12.5,12.0,11.5,11.0,10.0,9.0,8.5,8.0,7.5,6.5,6.0,6.0,5.5,5.5,6.0,6.5,6.5,7.0,7.0,7.0,7.0,7.0,6.5,6.0,5.5,5.5,5.0,5.0,5.0,5.0,5.5,6.0,6.5,7.0,7.5,8.0,9.0,9.5,9.5,10.0,9.5,9.5,9.5,9.0,8.5,8.0,8.0,7.5,7.5,7.0,6.5,6.5,6.0,6.0,6.0,6.0,6.5,6.5,7.0,7.5,7.5,7.5,7.0,7.0,6.5,6.5,6.5,6.0,6.0,6.0,5.5,6.0,6.0,6.0,6.5,6.5,6.5,6.5,6.5,6.5,6.0,6.0,6.0,6.0,5.5,5.5,5.5,5.5,5.5,5.5,5.5,5.5,5.5,6.0,6.0,6.5,7.0,7.5,7.5,7.5,7.5,7.5,7.0,6.5,6.0,6.0,5.5,5.0,5.0,5.0,5.0,5.0,4.5,3.5,2.5,1.5,0.0,-1.5,-3.0,-5.0,-7.0,-9.0,-11.0,-12.0,-13.0,-13.5,-13.5,-13.0,-12.5,-11.0,-8.5,-5.5,-1.5,3.5,9.0,15.5,22.0,29.5,36.5,43.0,49.5,55.5,61.0,66.0,70.5,74.5,78.0,80.0,81.5,82.0,82.0,82.0,81.0,80.0,78.0,75.0,71.5,67.5,63.0,58.5,53.5,48.5,43.5,38.5,34.0,29.5,25.5,22.0,19.0,16.0,13.5,11.5,10.0,9.5,9.5,9.5,9.5,9.5,10.0,10.0,10.5,10.0,9.5,9.0,8.5,8.0,7.5,7.0,6.5,6.0,6.0,6.0,6.0,6.0,6.5,6.5,6.5,6.5,7.0,7.0,7.5,7.5,7.5,7.0,6.5,6.0,5.5,5.5,5.0,5.0,5.0,5.5,5.5,6.0,6.0,6.5,6.5,6.5,6.5,6.5,6.0,0.0,0.0
68.5,68.5,69.0,69.0,69.0,69.0,68.0,67.0,66.0,64.0,62.0,60.0,57.5,55.0,53.5,52.0,51.0,50.0,50.0,50.0,51.0,52.5,55.0,58.0,61.5,66.5,71.5,77.0,83.5,90.5,97.0,103.5,110.0,116.0,122.0,128.0,134.0,140.0,145.0,149.0,152.0,153.5,155.0,155.5,155.5,154.5,152.5,149.5,145.5,141.0,136.0,130.5,125.0,119.0,113.5,108.0,103.0,98.5,94.5,90.5,87.0,84.0,81.5,79.5,78.0,76.5,76.0,75.5,75.0,75.0,74.5,74.0,73.5,73.0,73.0,72.5,72.5,72.5,72.5,72.5,72.5,72.5,72.5,72.5,72.5,72.5,72.5,72.5,72.5,72.5,72.0,71.5,71.0,70.5,70.5,70.0,70.0,70.0,70.0,70.0,70.0,70.0,70.0,70.0,70.0,70.0,70.0,70.0,70.0,69.5,69.0,69.0,68.5,68.0,68.0,68.0,68.0,68.0,68.5,68.5,68.5,69.0,69.0,69.5,70.0,70.0,70.0,70.0,70.0,69.5,69.5,69.5,69.0,69.0,69.0,69.0,69.0,69.0,69.0,69.5,69.5,70.0,70.0,70.0,70.0,70.0,70.0,70.0,70.0,70.0,69.5,69.0,68.5,68.5,68.0,68.0,67.5,67.5,67.5,67.5,68.0,68.0,68.5,68.5,69.0,69.0,69.0,69.0,69.0,68.5,68.5,68.0,68.0,68.0,67.5,67.5,67.0,67.0,67.0,67.0,67.0,67.5,67.5,68.0,68.5,69.0,69.0,69.0,69.0,69.0,68.5,68.0,68.0,67.5,67.5,67.0,66.5,66.5,66.5,66.5,67.0,67.5,67.5,68.0,68.5,69.0,69.5,69.5,69.5,69.5,69.0,68.5,68.5,68.0,68.0,67.5,67.5,67.0,67.0,67.5,67.5,67.5,68.0,68.0,68.0,68.0,68.0,68.0,68.0,67.5,67.5,67.0,67.0,67.0,66.5,66.5,66.5,66.5,66.5,66.5,66.5,66.5,67.0,67.0,67.0,67.5,67.5,68.0,68.0,68.0,68.0,67.5,67.0,67.0,66.5,66.5,66.5,66.5,67.0,67.0,67.5,68.0,68.0,68.5,69.0,69.0,69.0,69.0,69.0,69.0,69.0,68.5,68.0,67.5,67.0,66.5,66.5,66.5,66.5,66.5,67.0,67.0,67.5,67.5,67.5,67.5,67.5,67.0,66.5,66.0,65.0,64.5,63.5,62.0,61.0,60.5,60.0,60.0,60.5,62.0,63.0,64.5,66.0,67.0,68.0,69.0,69.5,69.5,69.5,69.5,69.0,68.0,67.5,66.5,66.0,65.0,64.5,64.0,63.5,63.5,0.0,0.0
61.5,61.5,62.0,62.0,62.0,61.5,61.0,61.0,60.5,60.0,60.0,59.5,59.5,59.0,59.0,59.0,59.0,59.5,59.5,60.0,60.0,60.5,60.5,61.0,61.0,60.5,60.5,60.0,60.0,59.5,59.5,59.0,59.0,58.5,58.5,58.5,59.0,59.5,60.0,60.5,61.0,61.5,61.5,62.0,61.5,61.5,61.5,61.0,60.5,60.5,60.0,60.0,59.5,59.5,59.5,59.5,59.5,60.0,60.5,60.5,61.0,61.5,62.0,62.0,62.5,62.5,62.0,62.0,61.5,61.0,60.5,60.0,60.0,60.0,60.0,60.0,60.5,61.0,61.0,61.5,61.5,62.0,62.0,62.5,62.5,62.0,61.5,61.0,60.5,60.5,60.0,59.5,59.0,59.0,59.0,59.0,59.5,59.5,60.0,60.5,60.5,61.0,61.0,61.0,61.0,60.5,60.5,60.5,60.0,60.0,60.0,59.5,59.5,59.5,59.5,59.5,60.0,60.0,60.5,61.0,61.5,61.5,62.0,62.0,62.0,62.0,61.5,61.5,61.0,60.5,60.5,60.5,60.0,60.0,59.5,59.5,60.0,60.0,60.5,60.5,61.0,61.0,61.5,61.5,61.5,61.5,61.5,61.5,61.0,61.0,61.0,60.5,60.5,60.5,60.0,60.0,60.0,60.0,60.0,61.0,61.5,62.0,62.5,62.5,62.5,62.5,62.0,61.5,61.0,60.5,60.5,60.0,60.0,59.5,59.5,59.5,60.0,60.0,60.5,61.0,61.0,61.5,62.0,62.0,62.0,62.0,62.0,61.5,61.5,61.5,61.0,61.0,61.0,61.0,61.0,61.0,61.0,61.0,61.0,61.5,62.0,62.5,63.0,63.0,63.5,63.5,63.0,63.0,62.5,62.5,62.5,62.5,62.5,62.5,62.5,62.5,62.5,63.0,63.0,63.0,63.0,63.0,63.5,63.5,63.5,63.5,63.5,63.5,63.5,63.5,63.0,62.5,62.5,62.5,62.5,62.5,63.0,63.5,64.5,65.0,66.0,66.0,66.5,66.5,66.5,66.5,66.0,65.5,65.0,64.5,64.0,63.5,63.0,63.0,63.0,63.0,63.0,63.0,63.5,63.5,64.0,64.5,64.5,64.5,64.5,64.5,64.0,63.5,63.0,62.5,62.5,62.5,62.0,62.0,62.0,62.5,62.5,63.0,63.5,64.0,64.5,65.0,65.5,66.0,66.0,66.0,66.0,66.0,65.5,65.0,65.0,64.5,64.5,64.5,64.0,64.5,64.5,64.5,65.0,65.5,66.0,66.0,66.5,66.5,66.5,66.5,66.5,66.0,66.0,65.5,65.0,65.0,64.5,64.5,64.0,64.0,64.5,64.5,65.0,65.5,0.0,0.0
56.5,57.0,57.5,58.0,58.0,58.0,58.0,58.0,58.0,57.5,57.5,57.5,57.5,57.0,57.0,57.0,56.5,56.5,56.0,56.0,56.5,56.5,57.0,57.0,57.0,57.5,57.5,57.5,57.5,57.5,57.0,56.5,56.0,56.0,56.0,56.0,56.0,56.0,55.5,55.5,55.5,56.0,56.0,56.5,56.5,56.5,56.5,56.5,56.5,56.5,56.5,56.0,56.0,55.5,55.0,55.0,54.5,54.5,54.0,54.0,54.0,54.0,54.0,54.0,54.5,55.0,55.0,55.5,55.5,55.5,56.0,56.0,56.5,56.5,56.5,56.5,56.0,56.0,56.0,56.0,56.0,56.0,56.0,56.5,57.0,57.0,57.0,57.5,57.5,57.5,57.0,56.5,56.0,55.0,54.5,54.0,54.0,54.0,54.5,55.0,55.5,56.0,56.5,56.5,57.0,57.0,57.0,57.0,57.0,57.0,57.0,57.0,56.5,56.5,56.0,56.0,56.0,55.5,55.5,55.5,55.5,55.5,55.5,55.5,56.0,56.0,56.5,57.0,57.5,57.5,57.5,57.5,57.0,57.0,56.5,56.5,56.0,55.5,55.0,55.0,55.0,55.0,55.0,55.5,55.5,56.0,56.5,56.5,57.0,57.0,57.0,57.0,56.5,56.5,56.5,56.5,56.5,56.5,56.5,56.5,57.0,57.0,57.5,58.0,58.0,58.0,58.0,57.5,57.5,57.0,56.5,56.0,56.0,55.5,55.0,55.0,54.5,54.5,54.5,54.5,54.5,55.0,55.5,56.0,56.0,56.5,57.0,57.0,57.0,57.5,57.5,57.0,57.0,56.5,56.5,56.0,55.5,55.0,55.0,55.0,55.0,55.5,56.0,57.0,57.5,58.5,59.0,59.0,59.0,59.0,59.0,58.5,58.0,57.5,56.5,56.0,55.5,55.5,55.5,56.0,56.5,57.0,57.5,58.0,58.5,58.5,58.5,58.5,58.5,58.0,58.0,58.0,57.5,57.5,57.5,57.5,57.5,57.0,57.0,57.5,57.5,58.0,58.0,59.0,59.5,60.0,60.0,60.0,59.5,59.0,59.0,58.5,58.0,58.0,57.5,57.0,56.5,56.0,56.0,55.5,55.5,55.5,55.0,55.0,54.5,54.5,54.0,54.0,54.0,53.5,53.5,53.5,53.0,53.0,52.5,52.5,52.5,52.5,52.5,52.5,53.0,53.5,54.0,54.5,55.0,55.5,56.0,56.5,57.0,57.5,57.5,57.5,57.0,56.5,56.0,55.0,54.0,53.5,52.5,52.0,52.0,52.0,53.0,54.5,55.5,57.0,58.0,58.5,59.0,59.5,59.5,59.0,59.0,58.5,58.5,58.5,58.5,58.5,58.5,58.0,0.0,0.0
59.0,60.0,60.5,61.0,61.5,61.5,61.5,61.0,61.0,60.5,60.0,59.0,58.5,57.5,56.5,56.0,56.0,55.5,55.5,55.5,56.0,56.0,56.5,57.0,57.0,57.0,57.0,57.0,57.0,56.5,56.5,56.0,56.0,55.5,55.0,54.5,54.0,54.0,54.0,54.0,54.0,54.5,55.0,55.5,56.0,56.0,56.5,56.5,56.5,56.5,56.0,56.0,56.0,55.5,55.5,55.0,55.0,54.5,54.0,54.0,54.0,54.5,54.5,55.0,55.5,55.5,55.5,55.0,55.0,54.5,54.5,54.0,54.0,53.5,53.0,53.0,52.5,52.5,52.0,52.0,52.0,52.0,52.5,52.5,53.0,53.0,53.0,53.5,53.5,53.5,53.0,52.5,52.0,51.0,50.5,49.5,49.0,49.0,49.0,49.0,49.0,49.5,49.5,50.0,50.0,50.0,50.0,50.0,50.0,50.0,49.5,49.5,49.5,49.0,49.0,49.5,50.0,50.5,51.0,52.0,52.5,52.5,53.0,53.0,53.0,53.0,53.0,53.5,53.5,53.5,53.5,53.5,53.0,52.5,52.5,52.0,51.5,51.5,52.0,52.0,52.5,52.5,53.0,53.5,53.5,54.0,54.5,55.0,55.5,55.5,55.5,55.5,55.0,54.5,54.5,54.0,54.0,53.5,53.5,53.5,54.0,54.0,54.5,54.5,55.0,55.0,55.0,55.0,55.0,54.5,54.5,54.0,54.0,53.5,53.5,53.0,53.0,53.5,53.5,53.5,54.0,54.5,55.0,55.5,55.5,56.0,56.0,56.0,56.0,55.5,55.0,54.5,53.5,52.5,51.0,49.0,47.0,44.5,42.5,40.5,38.5,37.0,36.0,35.5,35.5,36.0,36.5,37.5,39.0,41.5,44.5,48.0,52.5,57.5,63.5,70.0,77.0,83.5,90.0,96.5,102.5,109.0,115.0,121.0,126.5,131.0,134.0,136.0,137.5,138.0,137.5,136.5,134.0,131.0,126.5,121.5,116.5,111.0,106.0,100.5,95.5,90.5,86.0,81.5,77.5,73.5,70.5,67.5,65.0,63.0,61.0,59.0,57.5,56.5,55.5,54.5,54.0,54.0,53.5,53.5,53.0,53.0,53.0,53.0,53.0,53.0,53.0,53.0,53.0,52.5,52.0,51.5,51.0,51.0,50.5,50.0,50.0,50.0,50.0,50.0,50.0,50.5,51.0,51.0,51.5,51.5,52.0,51.5,51.5,51.0,50.5,50.0,49.0,48.5,48.0,48.0,47.5,47.5,47.5,47.5,47.5,48.0,48.5,48.5,49.0,49.0,49.5,49.5,50.0,50.0,50.0,50.0,49.5,49.5,49.0,48.5,48.0,48.0,47.5,47.5,0.0,0.0
-13.0,-13.0,-13.5,-13.5,-14.0,-14.0,-14.0,-13.5,-13.0,-12.5,-12.0,-11.0,-10.5,-10.0,-10.0,-9.5,-9.5,-9.0,-9.0,-9.5,-9.5,-9.5,-10.0,-10.0,-10.5,-11.0,-11.5,-11.5,-12.0,-12.0,-12.0,-11.5,-11.0,-10.5,-10.5,-10.0,-9.5,-9.5,-10.0,-10.0,-10.5,-11.0,-11.5,-11.5,-12.0,-12.0,-12.0,-12.0,-12.0,-11.5,-11.0,-10.5,-10.5,-10.0,-10.0,-10.0,-10.0,-10.0,-10.0,-10.0,-10.0,-10.5,-10.5,-10.5,-10.5,-10.5,-10.0,-10.0,-10.0,-9.5,-9.0,-9.0,-8.5,-8.0,-8.0,-8.0,-8.0,-8.5,-8.5,-9.0,-9.0,-9.0,-9.5,-9.5,-9.5,-10.0,-10.0,-10.0,-9.5,-9.5,-9.0,-8.5,-8.0,-8.0,-8.0,-8.0,-7.5,-7.5,-7.5,-7.5,-8.0,-8.0,-8.0,-8.0,-8.0,-8.0,-8.0,-8.0,-7.5,-7.5,-7.0,-6.5,-6.0,-6.0,-5.5,-5.5,-5.5,-5.5,-5.5,-5.5,-6.0,-6.0,-6.5,-6.5,-6.5,-6.5,-6.5,-6.5,-6.0,-6.0,-5.5,-5.5,-5.0,-5.0,-4.5,-4.5,-4.5,-5.0,-5.0,-5.5,-6.0,-6.0,-6.5,-6.5,-7.0,-7.0,-7.0,-6.5,-6.5,-6.0,-5.5,-5.5,-5.0,-4.5,-4.5,-4.5,-4.5,-4.5,-4.5,-5.0,-5.0,-5.5,-5.5,-6.0,-6.0,-6.0,-6.0,-5.5,-5.0,-5.0,-5.0,-4.5,-4.5,-4.0,-4.0,-4.0,-4.0,-4.0,-4.5,-4.5,-5.0,-5.0,-5.5,-5.5,-6.0,-6.0,-6.0,-6.0,-6.0,-5.5,-5.0,-5.0,-4.5,-4.0,-3.5,-3.0,-3.0,-3.0,-3.0,-3.5,-4.0,-4.5,-5.0,-5.0,-5.5,-5.5,-5.0,-5.0,-4.5,-4.0,-3.5,-3.0,-2.5,-2.5,-2.0,-2.0,-2.0,-2.0,-2.5,-3.0,-3.0,-3.5,-4.0,-4.0,-4.5,-4.5,-4.5,-4.5,-4.5,-4.0,-3.5,-2.5,-2.0,-1.0,-0.5,-0.5,0.0,-0.5,-0.5,-1.0,-1.5,-1.5,-2.0,-2.5,-2.5,-2.5,-3.0,-3.0,-3.0,-3.0,-3.0,-2.5,-2.5,-2.0,-2.0,-1.5,-1.5,-2.0,-2.0,-2.5,-3.0,-3.5,-4.5,-5.0,-5.5,-6.0,-6.0,-6.0,-5.5,-5.5,-5.0,-5.0,-4.5,-4.0,-3.5,-3.5,-3.5,-3.0,-3.5,-3.5,-4.0,-4.5,-5.0,-5.5,-6.0,-6.5,-7.0,-7.0,-7.0,-6.5,-6.5,-6.5,-6.5,-6.0,-5.5,-4.0,-3.0,-1.5,-0.5,1.0,2.0,2.5,3.0,3.0,2.5,2.0,2.0,2.0,2.0,2.0,2.0,1.5,1.5,1.0,1.0,0.5,0.0,-0.5,-1.0,-1.5,0.0,0.0
73.5,73.5,73.0,73.0,72.5,72.5,72.0,71.5,71.0,70.5,70.0,70.0,69.5,69.5,69.0,69.0,68.5,68.5,68.5,68.5,68.5,69.0,69.0,69.0,69.5,70.0,70.0,70.0,70.0,70.0,69.5,69.5,69.0,68.5,68.5,68.0,68.0,68.0,68.0,68.0,68.0,68.5,69.0,69.5,70.0,70.0,70.5,70.0,70.0,70.0,69.5,69.5,69.5,69.0,69.0,68.5,68.5,68.5,69.0,69.0,69.5,69.5,70.0,70.5,71.0,71.5,71.5,71.0,71.0,70.5,70.5,70.0,69.5,69.0,69.0,68.5,68.5,68.5,69.0,69.5,69.5,70.0,70.0,70.5,70.5,71.0,71.5,72.0,72.0,72.0,72.0,72.0,71.5,71.5,71.0,70.5,70.0,70.0,70.0,69.5,69.5,69.5,70.0,70.5,70.5,71.0,71.0,71.5,71.0,71.0,70.5,70.0,69.5,69.5,69.0,69.0,68.5,68.5,68.5,69.0,69.0,69.5,69.5,70.0,71.0,71.5,71.5,72.0,72.0,72.0,71.5,71.5,71.0,71.0,70.5,70.0,69.5,69.5,69.5,70.0,71.0,72.0,72.5,73.0,73.5,74.0,74.0,74.0,74.5,74.0,74.0,73.5,73.0,72.5,72.5,72.0,72.0,71.5,71.5,72.0,72.0,72.5,72.5,72.5,72.5,72.5,72.5,73.0,73.0,73.0,73.0,73.0,73.0,72.5,72.0,71.5,71.5,71.5,71.5,72.0,72.5,73.0,73.5,74.5,75.0,75.5,76.0,76.0,76.0,75.5,75.0,74.5,73.5,73.0,73.0,73.0,73.0,73.0,73.5,73.5,73.5,74.0,74.5,74.5,75.0,75.5,75.5,75.5,75.5,75.0,75.0,75.0,74.5,74.5,74.0,74.0,73.5,73.5,73.5,73.5,74.0,74.0,74.5,74.5,74.5,74.5,74.5,75.0,75.0,75.0,75.0,74.5,74.5,74.0,74.0,73.5,73.5,73.5,74.0,74.0,75.0,75.5,76.0,76.5,77.0,77.5,77.5,77.5,77.0,76.5,76.0,76.0,75.5,75.5,75.0,75.0,75.0,74.5,74.5,74.5,74.5,74.5,74.5,75.0,75.0,75.0,75.0,75.0,74.5,74.0,73.5,73.0,73.0,72.5,72.5,72.5,72.5,72.5,72.5,72.5,73.0,74.0,75.0,76.0,77.0,78.0,78.5,78.5,78.0,78.0,77.5,77.0,77.0,76.5,76.0,75.0,74.5,74.0,74.0,74.0,74.0,74.5,74.5,74.5,74.5,74.5,74.5,74.0,74.0,73.5,73.0,72.5,72.0,72.0,71.5,71.5,71.5,71.5,72.0,72.0,0.0,0.0
24.0,24.0,24.0,24.0,23.5,23.0,22.5,22.0,21.5,21.5,21.5,21.5,21.5,21.5,22.0,22.0,22.5,22.5,23.0,23.5,23.5,24.0,24.0,24.0,24.0,24.0,23.5,23.0,22.5,22.0,22.0,22.0,22.0,22.5,23.0,23.0,23.5,24.0,24.0,24.0,24.0,24.0,23.5,23.0,22.5,22.0,21.5,21.0,20.5,20.0,20.0,20.0,20.0,20.5,21.0,22.0,22.5,23.5,24.0,24.5,25.0,25.0,24.5,24.5,24.0,23.5,23.0,23.0,22.5,22.5,22.5,22.5,22.5,23.0,23.5,24.0,24.5,25.5,26.0,26.0,26.0,26.0,26.0,25.5,25.5,25.0,25.0,24.0,23.5,23.0,22.5,22.5,23.0,23.5,23.5,24.0,24.0,24.5,25.0,25.5,25.5,26.0,26.0,25.5,25.5,25.0,25.0,25.0,25.0,25.0,25.0,25.0,25.0,25.0,25.5,26.0,26.5,27.0,27.5,27.5,28.0,28.0,28.0,28.0,28.0,27.5,27.5,27.0,26.5,26.0,25.5,26.0,26.0,27.0,27.5,28.5,29.0,29.5,29.5,30.0,29.5,29.5,29.0,28.5,27.5,27.0,26.0,25.0,23.5,22.0,20.5,19.0,17.0,15.5,13.5,12.0,11.0,10.5,10.0,10.0,10.0,10.5,11.5,13.0,15.0,17.5,21.0,25.0,30.5,36.5,43.5,50.5,58.0,64.5,71.5,78.0,84.5,90.5,96.5,102.0,106.0,109.5,111.5,112.5,113.0,113.0,111.5,109.5,106.0,102.0,97.5,92.0,87.0,82.0,77.0,72.0,67.0,62.5,58.0,54.0,50.0,46.5,43.5,40.0,37.5,35.5,33.5,32.5,31.5,31.0,30.5,30.5,30.0,30.5,30.5,31.0,31.0,31.5,31.5,31.5,31.5,31.5,31.0,30.5,30.0,29.0,28.5,28.0,27.0,27.0,26.5,26.5,26.5,26.5,27.0,27.5,28.0,28.0,28.5,28.5,28.5,28.5,28.5,28.5,28.0,28.0,27.5,27.0,26.5,26.5,26.0,26.0,26.0,26.5,27.0,27.5,28.0,28.0,28.5,29.0,29.0,29.0,29.0,29.0,29.0,29.0,28.5,28.5,28.0,28.0,28.0,28.0,28.5,28.5,29.0,29.5,29.5,29.5,29.5,29.0,29.0,28.5,27.5,27.0,26.5,26.5,26.5,27.0,27.5,28.5,29.5,30.5,32.0,33.0,34.5,35.0,35.5,36.0,36.0,36.0,36.0,36.0,35.5,35.0,34.5,33.0,32.0,31.0,30.5,30.0,29.5,29.5,29.5,29.5,30.0,30.5,31.0,31.0,31.5,31.5,0.0,0.0
27.5,27.5,27.5,27.0,27.0,27.0,27.0,27.0,27.0,27.5,27.5,28.0,28.0,28.5,29.0,29.5,30.0,30.0,30.0,30.0,29.5,28.5,28.0,27.5,27.5,27.0,27.0,27.0,27.5,27.5,28.0,28.5,29.0,29.5,30.0,30.0,30.5,30.5,30.0,30.0,29.5,29.5,29.5,29.5,29.5,29.5,29.5,29.5,29.5,29.5,29.5,29.5,29.5,30.0,30.0,30.0,30.5,30.5,30.0,30.0,29.5,29.0,28.5,28.0,27.5,27.5,27.5,28.0,28.5,29.0,29.5,30.0,30.5,30.5,31.0,31.0,31.5,31.5,32.0,32.0,32.0,32.0,32.0,31.5,31.0,31.0,31.0,31.0,31.0,31.0,31.0,31.5,32.0,32.5,33.0,33.0,33.5,33.0,33.0,32.5,32.0,31.0,30.5,30.0,29.5,29.0,29.0,29.0,29.0,29.5,29.5,30.0,30.0,30.5,30.5,30.5,30.5,30.5,30.5,30.0,30.0,29.5,29.0,28.5,28.5,28.5,29.0,29.5,29.5,30.0,30.5,31.0,31.5,32.0,32.5,33.0,33.0,33.5,33.0,33.0,32.5,32.0,32.0,31.5,31.0,31.0,31.0,31.0,31.5,32.0,32.5,33.0,33.0,33.5,34.0,34.5,35.0,35.0,35.0,34.5,34.5,34.0,33.5,33.5,33.5,33.5,33.5,33.5,33.5,34.0,34.5,35.0,35.5,35.5,36.0,36.0,36.0,36.0,36.0,36.0,35.5,35.5,35.0,35.0,34.5,34.5,34.0,34.0,34.0,34.5,35.0,35.0,35.5,36.0,36.0,36.5,36.5,36.5,36.5,36.5,36.0,36.0,35.5,35.0,34.5,34.0,34.0,34.0,34.0,34.5,35.0,35.5,35.5,36.0,36.5,37.0,37.0,37.0,37.0,37.0,36.5,36.5,36.0,35.5,35.5,35.5,35.5,35.5,35.5,35.5,36.0,36.0,36.5,37.0,37.0,37.0,37.0,37.0,37.0,37.0,37.0,36.5,36.0,36.0,35.5,35.0,34.5,34.5,34.0,34.0,33.5,33.0,32.5,32.0,31.5,31.0,30.5,30.0,29.5,29.5,29.5,30.0,31.0,32.0,33.0,34.0,35.0,36.0,36.5,37.0,37.0,37.0,36.5,36.5,36.5,36.5,36.5,36.5,36.5,36.0,36.0,35.5,35.5,35.5,35.5,36.0,36.5,37.0,37.5,38.0,38.5,39.0,39.5,40.0,40.0,40.5,40.5,40.0,40.0,39.5,39.0,39.0,38.5,38.5,38.5,38.0,38.0,38.5,38.5,38.5,39.0,39.5,40.0,40.0,40.5,40.5,40.5,40.5,40.0,40.0,0.0,0.0
37.5,37.0,37.0,37.0,36.5,36.5,37.0,37.5,38.0,38.5,39.5,40.0,40.5,40.5,41.0,41.0,41.0,41.5,41.5,41.0,40.5,40.0,40.0,39.5,39.0,39.0,39.0,38.5,39.0,39.0,39.5,39.5,40.0,40.0,40.0,40.0,39.5,39.0,39.0,38.5,38.0,38.0,37.5,37.5,38.0,38.0,38.0,38.0,38.5,38.5,39.0,39.5,40.5,41.0,41.0,41.5,41.5,41.0,41.0,40.5,40.0,39.5,39.5,39.0,39.0,39.0,39.0,39.0,39.0,39.0,39.5,40.0,40.0,40.5,41.0,41.5,42.0,42.5,43.0,43.0,43.0,42.5,42.5,42.5,42.0,42.0,42.0,42.0,42.0,42.5,42.5,43.0,43.0,43.0,43.0,43.5,43.5,44.0,44.0,43.5,43.5,43.5,43.0,43.0,42.5,42.5,42.5,42.5,42.5,43.0,43.0,43.5,44.0,44.0,44.5,44.5,44.5,44.0,43.5,43.0,42.5,42.0,42.0,41.5,41.5,41.0,41.0,41.0,41.0,41.5,41.5,42.0,42.0,42.5,43.0,43.5,43.5,44.0,44.0,44.0,44.0,43.5,43.5,43.5,43.5,43.5,44.0,44.0,44.5,45.0,45.5,46.0,46.5,46.5,46.5,46.5,46.5,46.5,46.5,46.0,45.5,45.5,45.0,44.5,44.0,44.0,43.5,43.5,43.5,44.0,44.0,44.5,45.0,45.5,45.5,46.0,46.0,46.0,46.0,46.0,46.0,46.0,46.0,46.0,46.0,45.5,45.5,46.0,46.5,46.5,47.0,47.5,48.0,48.0,48.5,48.5,48.5,48.5,48.0,48.0,47.5,47.0,47.0,46.5,46.5,46.5,46.5,46.5,47.0,47.0,47.5,48.0,48.5,49.0,49.5,49.5,50.0,49.5,49.5,49.5,49.5,49.5,49.5,49.5,49.5,49.5,49.5,49.5,49.5,50.0,50.0,50.5,51.0,51.5,51.5,52.0,52.0,51.5,51.5,51.5,51.0,50.5,49.5,49.0,48.5,48.5,48.5,48.5,48.5,49.0,49.5,50.0,50.5,50.5,50.5,50.0,50.0,50.0,50.0,49.5,49.5,49.5,49.5,49.5,49.5,49.5,49.5,50.0,50.0,50.0,50.0,50.0,50.0,50.0,49.5,49.0,48.5,48.0,47.0,46.0,45.0,44.0,43.5,44.0,44.5,45.0,46.0,47.0,48.5,49.5,50.5,51.5,52.5,52.5,53.0,53.0,52.5,52.5,52.0,51.5,51.0,50.0,49.5,49.0,48.5,48.5,48.0,48.5,48.5,49.0,49.5,50.0,50.5,51.0,51.5,51.5,51.5,51.0,51.0,50.5,0.0,0.0
36.5,36.5,36.0,35.5,35.5,35.0,35.0,35.0,35.5,36.0,36.5,37.0,37.5,38.0,38.5,38.5,38.5,38.0,37.5,37.0,37.0,36.5,36.5,36.0,36.0,36.0,36.0,36.5,36.5,37.0,37.0,37.5,37.5,37.5,37.5,37.5,37.5,37.0,37.0,36.5,36.0,35.5,35.0,35.0,34.5,35.0,35.0,35.5,35.5,36.0,36.5,37.0,37.0,37.5,37.5,37.5,37.5,37.5,37.5,37.0,37.0,37.0,37.0,37.0,37.0,37.0,37.0,37.5,37.5,38.0,38.5,39.0,39.5,40.0,40.0,40.0,40.0,40.0,39.5,39.0,39.0,38.5,38.0,38.0,37.5,37.5,37.5,37.5,38.0,38.5,38.5,39.0,39.5,39.5,40.0,40.0,40.0,39.5,39.0,38.5,38.0,37.5,37.5,37.0,36.5,36.5,37.0,37.0,37.5,37.5,37.5,37.5,37.5,38.0,38.0,37.5,37.5,37.0,36.5,36.5,36.0,35.5,35.5,35.0,35.0,34.5,34.5,34.5,34.5,35.0,35.5,35.5,36.0,36.5,36.5,36.5,36.5,36.0,35.5,35.0,34.5,34.0,33.5,33.5,33.0,33.0,33.0,33.0,33.5,33.5,33.5,34.0,34.0,34.5,34.5,34.5,34.0,34.0,34.0,33.5,33.0,33.0,32.5,32.0,31.5,31.5,31.5,32.0,32.0,32.5,33.0,33.0,33.5,33.5,34.0,34.0,33.5,33.0,32.5,32.0,31.5,31.0,30.5,30.0,30.0,30.0,30.0,30.0,30.5,30.5,31.0,31.0,31.5,31.5,31.5,31.0,31.0,30.5,30.0,29.5,29.5,29.0,29.0,28.5,28.5,28.5,29.0,29.0,29.5,30.0,30.5,31.0,31.5,31.5,32.0,32.0,31.5,31.0,30.5,30.0,29.5,29.0,29.0,29.0,29.0,29.0,29.0,29.0,29.5,29.5,30.0,30.5,31.0,31.5,31.5,31.5,31.0,30.5,30.0,29.5,29.0,28.5,28.0,27.5,27.5,27.0,27.0,27.0,27.5,28.0,28.0,28.5,29.0,29.5,30.0,30.5,30.5,30.5,30.0,30.0,29.5,29.0,28.5,28.0,27.0,26.5,26.0,25.5,25.0,24.5,24.0,23.5,23.5,23.5,23.5,24.0,25.0,26.0,26.5,27.0,27.5,27.5,28.0,28.0,28.5,29.0,29.0,29.0,29.0,29.0,28.5,28.0,27.5,27.0,26.5,26.5,26.0,25.5,25.0,24.5,24.0,23.5,23.5,23.5,23.5,23.5,23.5,23.5,23.5,24.0,24.0,24.0,24.0,24.0,24.0,23.5,23.5,23.5,23.0,22.5,0.0,0.0
24.5,24.0,24.0,24.0,24.0,24.5,24.5,25.0,25.0,25.5,25.5,26.0,26.0,26.0,26.0,25.5,25.5,25.0,24.5,24.0,23.5,23.0,23.0,23.0,23.0,23.0,23.5,24.0,24.5,25.0,25.5,26.0,26.0,26.0,26.0,26.0,25.5,25.5,25.0,25.0,25.0,25.0,25.5,25.5,26.0,26.5,27.0,27.0,27.5,28.0,28.0,28.5,28.5,29.0,29.0,28.5,28.5,28.0,27.5,26.5,26.5,26.0,25.5,25.5,25.5,25.5,25.5,26.0,26.5,27.0,27.0,27.5,28.0,28.0,28.5,28.5,28.5,28.5,28.0,27.5,27.0,26.5,26.0,25.5,25.5,25.5,26.0,26.5,27.0,27.5,28.0,28.0,28.5,28.0,28.0,27.5,27.5,27.0,27.0,27.0,26.5,26.5,26.0,26.0,25.5,25.0,25.0,25.0,25.0,25.0,25.0,25.0,25.0,25.0,24.5,24.5,24.5,24.0,24.0,24.0,24.0,24.0,24.0,24.0,24.0,24.5,25.5,26.5,27.5,28.5,29.5,30.0,30.5,30.5,30.5,30.5,30.0,29.5,29.0,28.5,28.0,27.5,27.5,27.5,27.5,27.5,27.5,28.0,28.5,29.0,29.0,29.5,29.5,29.5,29.5,29.0,28.5,28.0,28.0,27.5,27.5,27.5,27.5,27.5,27.5,27.5,27.5,27.5,28.0,28.5,28.5,29.0,29.5,30.0,30.5,30.0,30.0,29.5,29.0,28.5,28.0,28.0,28.0,27.5,28.0,28.0,28.5,29.0,29.5,29.5,29.5,29.5,29.0,29.0,28.5,28.5,28.0,28.0,28.0,27.5,27.5,27.5,27.5,27.5,27.5,27.5,27.5,28.0,28.0,28.5,28.5,28.5,28.0,27.0,25.5,23.5,21.5,19.0,16.5,14.0,11.5,10.0,8.5,7.5,7.5,7.5,8.5,9.5,11.5,14.0,17.5,22.0,27.0,32.5,39.0,45.5,52.5,59.0,65.5,71.5,77.0,82.5,88.0,93.5,98.5,102.5,105.5,108.0,109.5,111.0,111.5,111.5,110.5,108.0,104.5,100.5,95.0,89.5,83.5,77.0,71.0,65.0,59.5,54.5,49.5,46.0,42.5,40.0,38.0,37.0,36.5,36.5,36.5,37.0,37.0,37.5,37.0,37.0,36.0,35.5,34.5,34.0,33.0,32.0,31.0,30.5,30.0,30.0,30.0,30.0,30.0,30.0,30.0,30.0,30.0,29.5,29.5,29.0,28.5,28.5,28.0,28.0,28.0,27.5,27.5,27.5,28.0,28.0,28.5,29.0,29.5,29.5,30.0,30.0,29.5,29.5,29.0,28.5,28.0,28.0,0.0,0.0
47.5,47.5,47.5,47.5,47.5,47.5,47.0,46.5,46.0,46.0,45.5,45.5,45.5,45.5,45.5,45.5,45.5,46.0,46.0,46.0,46.5,46.5,46.5,46.5,46.5,46.0,46.0,45.5,45.0,44.5,44.0,44.0,44.0,44.5,44.5,45.0,45.5,45.5,46.0,46.5,46.5,46.5,46.5,46.0,46.0,45.0,44.5,44.0,43.0,42.5,42.5,42.5,43.0,43.0,43.5,44.5,45.0,45.5,46.0,46.0,46.0,46.0,46.0,45.5,45.5,45.0,44.5,44.0,43.5,43.0,43.0,42.5,43.0,43.0,43.5,44.0,44.0,44.5,45.0,45.5,45.5,46.0,46.0,46.0,46.0,46.0,46.5,46.5,46.5,46.5,46.5,46.0,45.5,45.5,46.0,46.0,46.0,46.5,46.5,46.5,47.0,47.0,47.0,47.0,46.5,46.0,46.0,45.5,45.5,45.5,46.0,46.0,46.5,46.5,47.0,46.5,46.5,46.5,46.0,45.5,45.0,44.5,44.5,44.0,43.5,43.5,44.0,44.5,45.0,46.0,47.5,48.5,50.0,51.0,51.5,52.0,52.5,52.5,52.5,52.5,52.0,51.5,51.0,50.0,49.0,47.5,46.5,45.5,45.0,45.0,44.5,44.5,44.5,44.5,45.0,45.0,45.5,46.0,46.5,46.5,47.0,47.0,47.5,47.5,48.0,48.5,48.5,48.5,48.5,48.5,48.5,48.5,48.5,49.0,49.0,49.5,50.0,50.5,51.0,52.0,52.5,53.0,53.0,53.0,53.0,52.5,52.0,51.5,51.0,51.0,50.5,50.0,49.5,49.5,49.5,49.5,50.0,50.5,50.5,50.5,51.0,51.0,51.0,51.5,51.5,52.0,51.5,51.5,51.0,51.0,51.0,51.0,51.5,52.0,52.5,53.0,53.0,53.5,54.5,55.0,55.5,55.5,55.5,55.5,55.0,55.0,54.5,54.0,54.0,53.5,53.0,53.0,53.0,53.0,53.5,53.5,53.5,54.0,54.0,54.0,54.0,54.0,54.5,54.0,54.0,53.5,53.0,52.5,52.0,51.0,50.5,49.5,48.5,47.0,45.0,43.0,41.5,39.5,38.0,36.5,35.0,34.0,33.0,32.0,31.0,30.5,30.5,31.5,33.0,36.0,39.5,43.5,49.0,55.0,62.0,69.5,77.5,85.0,92.0,98.5,105.0,111.0,116.5,121.5,125.5,129.0,131.5,132.5,133.5,134.0,133.5,132.5,130.0,127.0,123.0,118.5,114.0,109.0,104.0,99.0,94.0,89.0,84.0,79.5,74.5,70.5,66.5,63.0,59.5,57.0,55.0,54.0,53.0,53.0,52.5,53.0,53.0,53.0,52.5,52.5,0.0,0.0
32.0,32.0,32.5,33.0,33.0,33.0,33.0,33.0,32.5,32.5,32.0,31.5,31.0,31.0,30.5,30.5,30.5,30.5,31.0,31.0,31.5,32.0,32.0,32.0,32.0,32.0,31.5,31.0,30.5,29.5,29.0,28.0,27.0,26.0,25.5,25.5,25.5,26.0,27.0,28.0,29.5,30.5,32.0,33.0,34.0,35.0,35.5,35.5,35.5,35.5,35.0,34.5,34.0,33.5,33.0,32.5,32.5,32.0,32.0,32.0,32.5,32.5,32.5,32.5,32.5,32.5,32.0,32.0,31.5,31.5,31.0,30.5,30.0,30.0,30.0,30.5,31.0,31.5,32.5,33.0,33.5,34.0,34.0,34.0,34.0,33.5,33.5,33.0,32.5,32.5,32.5,32.0,32.0,32.5,32.5,32.5,32.5,32.5,32.5,33.0,33.5,34.0,34.0,34.0,34.0,33.5,33.5,33.0,32.5,32.0,31.5,31.0,31.0,30.5,30.0,29.5,29.5,29.5,30.0,30.0,30.5,31.0,31.5,31.5,32.0,32.0,31.5,31.0,31.0,30.5,30.5,30.0,30.0,29.5,29.5,29.5,29.5,29.5,30.0,30.0,30.5,31.0,31.5,31.5,32.0,32.0,31.5,31.5,31.0,30.5,29.5,29.0,28.5,28.0,28.0,28.0,28.5,28.5,29.0,29.5,30.0,30.0,30.5,30.5,31.0,31.0,31.0,31.0,30.5,30.5,30.0,30.0,29.5,29.0,29.0,29.0,29.5,30.0,30.5,31.0,31.5,32.0,32.5,32.5,33.0,33.0,33.0,32.5,32.5,32.5,32.0,32.0,32.0,32.0,32.0,32.0,32.5,32.5,33.0,33.5,34.0,34.5,34.5,35.0,35.0,34.5,34.5,34.0,33.5,33.0,32.5,32.0,31.5,31.5,31.5,31.5,31.5,32.0,32.5,32.5,33.0,33.5,34.0,34.0,34.0,34.0,34.0,33.5,33.5,33.0,33.0,32.5,32.0,32.0,32.0,32.0,32.0,32.5,32.5,33.0,33.0,33.5,34.0,34.0,34.5,34.5,34.5,34.5,34.5,34.0,34.0,33.5,33.5,33.0,33.0,33.0,33.5,33.5,34.0,34.5,34.5,35.0,35.5,35.5,35.5,35.5,35.0,35.0,34.5,34.0,34.0,34.0,34.0,34.0,34.0,34.0,34.0,34.5,34.5,35.0,35.5,36.0,36.5,36.5,36.5,36.5,36.5,36.0,36.0,36.0,35.5,35.0,35.0,34.5,34.5,34.5,35.0,35.0,35.5,35.5,36.0,36.5,37.0,37.0,37.0,37.0,36.5,36.5,36.0,35.5,35.0,35.0,34.5,34.5,34.5,34.5,34.5,35.0,35.5,35.5,0.0,0.0
60.5,60.0,60.0,60.5,60.5,61.0,61.0,61.5,62.0,62.0,62.0,62.5,62.5,62.5,62.5,62.5,62.0,62.0,61.5,61.5,61.0,61.0,60.5,60.5,61.0,61.0,61.5,62.0,62.0,62.0,62.0,62.0,62.0,62.0,62.0,62.0,61.5,61.5,61.5,61.5,61.5,61.5,61.5,61.5,61.5,62.0,62.5,63.0,63.5,64.0,64.5,65.0,65.0,65.5,65.0,65.0,64.5,64.0,63.5,63.0,63.0,63.0,63.0,63.5,63.5,64.0,64.5,65.0,65.0,65.5,65.0,65.0,65.0,64.5,64.5,64.0,64.0,64.0,63.5,63.5,63.5,63.0,63.5,63.5,64.0,64.5,65.0,65.5,66.5,67.0,67.5,67.5,68.0,68.0,68.0,67.5,67.0,67.0,67.0,66.5,66.5,66.0,66.0,66.0,66.0,65.5,65.5,65.5,65.5,66.0,66.0,66.0,66.0,66.0,66.0,66.0,65.5,65.5,65.0,65.0,64.5,64.5,64.5,64.5,64.5,65.0,65.5,66.0,66.5,67.0,67.0,67.0,67.0,67.0,67.0,66.5,66.0,66.0,65.5,65.0,65.0,65.0,64.5,65.0,65.0,65.0,65.5,66.0,66.5,66.5,66.5,66.5,66.5,66.5,66.0,65.5,65.0,64.5,64.5,64.0,63.5,63.5,63.5,64.0,64.0,64.5,64.5,64.5,64.5,65.0,65.0,65.0,65.5,65.5,65.5,65.5,65.5,65.0,64.5,64.5,64.5,64.5,64.5,64.0,64.0,64.0,64.5,64.5,64.5,64.5,64.5,64.5,64.5,64.5,64.5,64.5,64.0,64.0,63.5,63.5,63.5,63.5,63.5,64.0,64.0,64.5,65.0,65.0,65.0,65.0,65.0,65.0,65.0,65.0,65.0,64.5,64.5,64.0,63.5,63.5,63.5,63.5,63.0,63.5,63.5,63.5,63.5,64.0,64.0,64.0,64.5,64.5,64.5,64.5,64.5,64.0,64.0,63.5,63.0,63.0,63.0,63.0,63.0,63.0,63.5,63.5,64.0,64.5,65.0,65.0,65.5,65.5,66.0,66.0,66.0,65.5,65.0,64.5,64.0,63.5,63.5,63.0,63.0,63.0,63.0,63.5,64.0,64.5,65.0,65.0,65.5,65.5,65.5,65.5,65.5,65.0,65.0,65.0,64.5,64.5,64.5,64.5,65.0,65.5,65.5,66.0,66.5,67.0,67.5,67.5,68.0,68.0,68.0,67.5,67.0,66.5,66.0,65.5,65.0,64.0,63.5,62.5,62.0,61.0,60.5,60.0,60.0,60.5,61.5,62.5,64.0,65.5,67.0,68.0,69.0,69.5,69.5,70.0,69.5,69.5,0.0,0.0
42.0,42.0,42.0,42.0,42.0,42.5,42.5,43.0,43.5,44.0,44.5,45.0,45.5,46.0,46.0,46.0,45.5,45.5,45.0,44.0,43.5,43.0,42.5,42.0,42.0,42.0,42.0,42.5,43.0,43.0,43.5,43.5,43.0,43.0,42.5,42.5,42.0,41.5,41.0,40.5,40.5,40.0,40.0,40.0,40.5,40.5,41.5,42.0,42.5,42.5,42.5,42.5,42.5,42.0,42.0,41.5,41.5,41.5,41.5,41.5,42.0,42.5,42.5,42.5,43.0,43.0,43.5,44.0,44.0,44.5,45.0,45.0,45.0,45.0,44.5,44.0,43.5,43.5,43.0,43.0,42.5,42.0,42.0,41.5,41.5,41.5,42.0,42.5,43.0,43.5,43.5,43.5,43.5,43.5,43.5,43.0,43.0,42.5,42.5,42.5,42.5,42.5,42.5,42.5,43.0,43.0,43.5,44.0,44.5,44.5,45.0,45.0,45.0,45.0,45.0,44.5,44.0,44.0,43.5,43.0,42.5,42.5,42.0,42.0,42.0,42.5,43.0,43.5,43.5,44.0,44.0,44.0,43.5,43.5,43.5,43.5,43.5,43.0,43.0,42.5,42.0,42.0,42.0,42.5,42.5,43.0,43.0,43.5,43.5,44.0,44.5,45.0,45.5,46.0,46.0,45.5,45.0,44.5,44.5,44.0,43.5,43.5,43.5,43.5,43.5,43.5,43.5,43.5,43.5,43.5,43.5,44.0,44.0,44.0,44.0,43.5,43.5,43.0,43.0,42.5,42.5,42.0,42.0,42.0,42.5,42.5,43.0,43.5,43.5,44.0,44.0,44.0,43.5,43.5,43.0,42.5,42.0,41.5,41.5,41.0,41.0,41.5,41.5,41.5,42.0,42.0,42.5,43.0,43.0,43.0,43.5,43.5,43.5,43.5,43.5,43.0,43.0,42.5,42.5,42.0,41.5,41.5,41.5,41.5,41.5,42.0,42.5,43.0,43.5,44.0,44.5,45.0,45.0,45.5,45.5,45.5,45.5,45.5,45.0,44.5,44.0,43.5,43.0,43.0,43.0,43.0,43.5,44.0,44.0,44.5,44.5,44.5,44.5,44.0,43.5,43.5,43.0,42.5,42.0,41.5,41.0,40.5,40.0,40.0,39.5,39.5,39.5,39.5,39.5,39.5,40.0,40.0,40.0,40.0,40.0,39.5,39.0,39.0,38.5,38.0,37.5,37.5,37.0,37.0,37.0,37.0,37.5,38.0,38.5,39.0,40.0,40.5,41.0,41.5,41.5,41.5,41.5,41.0,41.0,40.5,40.0,39.5,39.5,39.0,38.5,38.0,38.0,37.5,38.0,38.5,39.5,40.5,41.5,42.5,43.5,44.5,45.0,45.5,45.5,45.5,0.0,0.0
-2.0,-1.5,-1.5,-1.5,-1.5,-2.0,-2.5,-2.5,-3.0,-4.0,-4.0,-4.5,-4.5,-5.0,-4.5,-4.5,-4.5,-4.0,-4.0,-4.0,-4.0,-4.0,-4.0,-4.0,-4.0,-3.5,-3.5,-3.5,-4.0,-4.5,-5.0,-5.5,-6.0,-6.0,-6.5,-6.5,-6.5,-6.5,-6.5,-7.0,-7.0,-8.0,-9.0,-10.0,-12.0,-13.5,-16.0,-18.0,-20.0,-21.5,-23.0,-24.5,-25.5,-26.0,-26.0,-25.0,-23.5,-20.5,-17.0,-12.5,-7.5,-1.5,5.5,12.5,20.0,27.0,33.5,39.5,45.0,50.5,55.5,60.5,65.0,69.0,71.5,73.0,74.0,74.5,74.5,74.5,73.5,72.0,69.0,66.0,62.0,57.5,52.5,47.5,42.0,37.0,31.5,26.5,22.0,18.0,14.0,10.5,7.5,4.5,2.5,1.0,0.5,0.0,0.0,-0.5,-0.5,-1.0,-1.5,-2.0,-2.5,-2.5,-3.0,-3.5,-3.5,-4.0,-4.5,-4.0,-4.0,-3.5,-3.0,-2.5,-2.5,-2.0,-2.0,-2.5,-3.0,-3.0,-3.5,-4.0,-4.5,-5.0,-5.5,-5.5,-5.5,-5.5,-5.5,-5.5,-5.5,-5.5,-5.0,-5.0,-5.0,-4.5,-4.5,-5.0,-5.0,-5.0,-5.5,-5.5,-6.0,-6.5,-7.0,-7.0,-7.0,-7.0,-7.0,-7.0,-6.5,-6.0,-5.5,-4.5,-3.5,-3.0,-2.5,-2.0,-2.0,-2.0,-2.0,-2.5,-2.5,-3.0,-3.0,-3.5,-4.0,-4.0,-4.5,-5.0,-5.0,-5.0,-5.0,-4.5,-4.0,-4.0,-4.0,-4.0,-3.5,-3.5,-4.0,-4.0,-4.5,-5.0,-5.0,-5.5,-6.0,-6.0,-6.0,-6.0,-6.0,-5.5,-5.0,-5.0,-4.5,-4.0,-4.0,-4.0,-4.0,-4.0,-4.0,-4.0,-4.0,-4.5,-5.0,-5.5,-6.0,-6.5,-6.5,-6.5,-6.5,-6.5,-6.0,-6.0,-6.0,-5.5,-5.5,-6.0,-6.0,-6.0,-6.0,-6.0,-6.5,-6.5,-6.5,-6.5,-6.5,-6.5,-6.5,-6.0,-6.0,-5.5,-5.5,-5.5,-5.0,-5.0,-5.0,-5.0,-4.5,-4.5,-4.0,-4.5,-4.5,-5.0,-5.5,-5.5,-5.5,-5.5,-5.5,-5.0,-5.0,-4.5,-4.0,-3.5,-3.5,-3.0,-3.0,-2.5,-3.0,-3.5,-4.5,-5.5,-6.5,-7.5,-9.0,-10.0,-11.0,-11.5,-12.0,-11.5,-11.0,-10.0,-8.5,-7.0,-5.5,-4.5,-3.0,-2.0,-1.0,-0.5,0.0,0.0,0.0,0.0,-0.5,-1.0,-1.5,-2.0,-2.5,-3.0,-3.5,-4.0,-4.0,-4.0,-3.5,-3.5,-3.5,-3.5,-3.5,-3.5,-4.0,-4.5,-5.0,-5.5,-6.0,-6.0,-6.5,-6.0,-6.0,-6.0,-5.5,-5.5,-5.0,-5.0,0.0,0.0
-7.0,-7.5,-8.0,-8.5,-9.5,-10.0,-11.0,-11.5,-12.5,-13.5,-15.0,-16.5,-18.5,-20.5,-22.0,-23.5,-25.0,-26.0,-26.5,-26.5,-26.5,-26.5,-25.5,-24.0,-22.0,-19.0,-14.5,-9.5,-4.0,3.0,10.5,18.0,25.5,32.0,38.5,45.0,51.0,57.0,62.5,67.5,71.0,73.5,75.5,76.5,77.0,76.5,76.0,74.0,71.5,67.5,63.0,58.5,53.5,48.5,43.5,38.5,34.0,29.0,24.5,20.0,16.0,12.5,9.0,5.5,3.0,0.5,-1.0,-2.0,-3.0,-3.0,-3.0,-2.5,-2.0,-2.0,-2.0,-2.0,-2.0,-2.0,-2.5,-3.0,-3.5,-4.0,-4.5,-5.0,-5.5,-6.0,-6.5,-6.5,-7.0,-7.0,-6.5,-6.5,-6.0,-6.0,-6.0,-6.0,-6.0,-6.0,-6.0,-6.0,-6.5,-6.5,-7.0,-7.0,-7.5,-8.0,-8.0,-8.5,-8.5,-8.5,-8.0,-7.5,-7.0,-6.5,-6.0,-5.5,-5.5,-5.5,-6.0,-6.0,-6.5,-7.0,-7.5,-8.0,-8.5,-9.0,-9.0,-9.0,-9.0,-8.5,-8.5,-8.0,-8.0,-7.5,-7.0,-7.0,-7.0,-7.0,-7.0,-7.0,-7.0,-7.0,-7.5,-7.0,-7.0,-7.0,-7.0,-6.5,-6.5,-6.0,-5.5,-5.0,-4.5,-4.5,-4.0,-4.0,-4.0,-4.0,-4.0,-4.0,-4.5,-4.5,-5.0,-5.0,-5.5,-5.5,-6.0,-6.0,-6.0,-5.5,-5.5,-5.0,-4.5,-4.0,-4.0,-4.0,-3.5,-3.5,-3.5,-4.0,-4.5,-4.5,-5.0,-5.5,-5.5,-6.0,-6.0,-6.0,-6.0,-6.0,-5.5,-5.5,-5.0,-5.0,-4.5,-4.5,-4.0,-4.0,-4.0,-4.0,-4.5,-4.5,-4.5,-4.5,-4.5,-4.5,-4.5,-4.5,-4.0,-3.5,-3.5,-3.0,-3.0,-2.5,-2.5,-3.0,-3.0,-3.0,-3.0,-3.0,-3.5,-3.5,-4.0,-4.5,-5.0,-5.0,-5.5,-5.5,-5.5,-5.5,-5.0,-4.5,-4.0,-4.0,-3.5,-3.0,-2.5,-2.5,-2.0,-2.0,-2.0,-2.0,-2.5,-3.0,-3.0,-3.0,-3.0,-3.0,-3.0,-2.5,-2.0,-1.5,-1.5,-1.0,-0.5,-0.5,0.0,0.0,0.0,0.0,0.0,-0.5,-1.0,-1.0,-1.5,-1.0,-1.0,-0.5,0.0,0.5,1.0,1.5,2.0,2.0,2.0,2.5,2.5,2.0,2.0,1.5,1.0,0.0,-1.0,-2.0,-3.0,-4.0,-4.5,-5.0,-5.0,-4.5,-3.5,-2.5,-1.0,0.5,2.0,3.0,4.0,4.5,5.0,5.0,4.5,4.5,4.0,3.5,3.0,2.5,2.5,2.0,2.0,2.0,2.0,2.0,2.0,2.5,2.5,3.0,3.0,3.0,3.0,2.5,0.0,0.0
22.5,23.0,23.0,23.0,23.0,23.0,22.5,22.0,21.0,20.5,19.5,19.0,18.5,17.5,17.0,17.0,17.0,17.5,18.5,20.0,21.5,23.0,24.0,25.0,26.0,26.5,27.0,27.0,27.0,26.0,25.5,25.0,24.0,23.5,23.0,22.5,22.0,22.0,21.5,21.5,21.5,22.0,22.0,22.5,23.0,23.0,23.0,23.0,22.5,22.5,22.0,21.5,21.5,21.5,21.5,21.5,22.0,22.0,22.5,23.0,23.0,23.5,24.0,24.0,24.0,24.0,23.5,23.5,23.0,22.5,22.5,21.5,21.0,21.0,20.5,20.5,21.0,21.5,21.5,22.0,22.5,23.0,23.5,23.5,23.5,23.5,23.5,24.0,24.0,23.5,23.5,23.0,22.5,22.5,22.0,22.0,22.0,22.5,22.5,23.0,23.5,23.5,24.0,24.5,24.5,24.5,24.5,24.5,24.0,23.5,23.0,23.0,22.5,22.5,22.0,22.0,22.0,22.5,22.5,22.5,23.0,23.0,23.0,23.0,23.5,23.5,23.5,23.0,23.0,22.5,22.5,22.5,22.5,22.5,22.5,23.0,23.5,24.0,24.0,24.5,24.5,25.0,25.5,25.5,26.0,26.0,26.0,26.0,25.5,25.0,24.5,24.5,24.0,24.0,24.0,24.0,24.5,24.5,25.0,25.5,26.0,26.5,27.0,27.0,27.5,27.5,27.5,27.5,27.5,27.5,27.5,27.0,27.0,27.0,27.0,27.0,27.0,27.5,27.5,28.0,28.0,28.5,29.0,29.5,30.0,30.0,30.0,30.0,29.5,28.5,28.0,27.5,27.5,27.0,27.0,27.0,27.5,27.5,28.0,28.5,29.0,29.5,30.0,30.0,30.5,30.5,30.0,30.0,29.5,29.5,29.5,29.5,29.5,29.5,29.5,29.5,29.5,29.5,29.5,29.5,29.5,30.0,30.0,30.0,30.5,30.5,30.0,30.0,29.5,29.0,28.5,28.0,27.5,27.5,27.5,28.0,28.5,29.0,29.5,30.0,30.5,30.5,31.0,31.0,31.5,31.5,32.0,32.0,32.0,32.0,32.0,31.5,31.0,31.0,31.0,31.0,31.0,31.0,31.0,31.5,32.0,32.5,33.0,33.0,33.5,33.0,33.0,32.5,32.0,31.0,30.5,30.0,29.5,29.0,29.0,29.0,29.0,29.5,29.5,30.0,30.0,30.5,30.5,30.5,30.5,30.5,30.5,30.0,30.0,29.5,29.0,28.5,28.5,28.5,29.0,29.5,29.5,30.0,30.5,31.0,31.5,32.0,32.5,33.0,33.0,33.5,33.0,33.0,32.5,32.0,32.0,31.5,31.0,31.0,31.0,31.0,31.5,32.0,32.5,33.0,0.0,0.0
28.5,28.5,28.5,28.0,27.5,27.0,26.0,25.5,25.0,24.5,24.5,24.5,24.0,24.0,23.5,23.0,22.0,21.0,19.5,18.0,16.0,14.5,12.5,11.0,9.5,8.0,7.5,7.0,6.5,6.5,7.0,8.5,10.5,13.5,18.0,23.0,29.0,35.5,42.5,50.0,57.5,64.5,71.5,78.0,84.0,89.5,94.5,99.0,102.0,104.0,105.0,105.0,104.5,103.5,102.5,101.5,100.0,98.5,96.0,93.0,89.5,86.0,81.5,77.0,72.0,66.5,61.5,57.0,52.0,48.0,44.0,40.0,37.0,34.5,32.0,30.5,30.0,29.5,29.5,29.5,29.5,29.0,29.0,29.0,28.5,28.0,27.5,27.0,26.5,25.5,25.0,25.0,24.5,24.5,25.0,25.0,25.5,26.0,26.0,26.0,26.0,25.5,25.5,25.0,24.5,24.0,23.5,23.0,22.5,22.0,21.5,21.0,20.5,20.5,20.5,20.5,21.0,21.5,22.0,22.0,22.0,22.0,22.0,21.5,21.0,20.0,19.5,19.0,18.5,18.5,18.5,18.5,18.5,19.0,19.5,20.0,20.5,21.0,21.5,21.5,22.0,22.0,22.0,21.5,21.0,21.0,20.0,19.5,19.5,19.0,18.5,18.0,18.0,17.5,17.5,18.0,18.0,18.5,18.5,18.5,18.5,18.5,18.5,18.0,18.0,18.0,17.5,17.5,17.5,17.5,17.5,17.5,17.5,17.5,18.0,18.0,18.5,19.0,19.0,19.0,19.0,19.0,18.5,18.5,18.5,18.5,18.5,18.5,18.5,18.0,18.0,17.5,17.5,17.5,17.5,17.0,17.0,17.0,17.0,17.0,17.0,17.0,17.0,17.0,17.0,17.0,17.0,16.5,16.5,16.0,16.0,15.5,15.5,15.5,16.0,16.5,16.5,17.0,17.5,17.5,18.0,18.0,18.0,18.0,18.0,17.5,17.0,17.0,16.5,16.5,16.0,15.5,15.5,15.0,15.0,15.5,15.5,16.0,16.0,16.5,16.5,17.0,17.0,17.0,16.5,16.5,16.0,16.0,15.5,15.5,15.0,15.0,14.5,15.0,15.0,15.5,16.0,16.5,17.0,17.5,18.0,18.5,18.5,18.5,18.5,18.0,17.5,17.0,16.5,16.0,16.0,16.0,16.0,16.0,16.0,16.0,16.5,16.5,17.0,17.0,17.5,18.0,18.5,18.5,18.5,18.0,17.5,17.0,16.5,16.0,15.5,15.0,15.0,15.0,15.5,16.0,16.0,16.0,16.0,16.0,16.0,16.0,16.5,16.5,16.0,16.0,15.5,15.0,14.5,14.0,13.5,14.0,14.0,14.0,14.5,14.5,14.5,14.5,14.5,14.5,0.0,0.0
82.5,77.5,72.0,66.5,61.5,56.0,50.5,45.5,41.0,36.5,32.5,29.0,25.5,23.0,20.5,18.5,17.5,16.5,15.5,15.0,14.5,14.0,13.5,13.0,12.5,12.0,12.0,11.5,11.5,11.5,11.5,11.5,12.0,12.0,12.0,12.0,12.0,12.0,12.0,11.5,10.5,10.5,10.0,10.0,9.5,9.5,9.5,9.0,9.0,8.5,9.0,9.0,9.5,9.5,10.0,10.0,10.5,10.5,10.5,10.0,9.5,9.0,8.5,8.0,7.5,7.5,7.5,7.5,7.5,8.0,8.5,8.5,9.0,9.0,9.0,9.0,9.0,9.0,9.0,9.0,9.0,9.0,9.0,8.5,8.5,8.0,8.0,8.0,8.5,9.0,9.5,9.5,10.0,10.0,10.0,10.0,10.0,10.0,10.0,10.0,9.5,9.5,9.0,8.5,8.0,7.5,7.5,7.0,7.5,7.5,8.0,8.5,9.0,9.0,9.0,9.0,9.0,9.0,9.0,9.0,9.0,8.5,8.5,8.0,7.5,7.0,7.0,7.0,7.0,7.5,8.0,8.0,8.5,9.0,9.0,9.5,9.5,9.5,9.0,9.0,8.5,8.0,7.0,6.5,6.5,6.0,6.5,6.5,7.0,7.5,8.0,8.0,8.5,8.5,8.5,8.5,8.5,8.5,8.5,8.5,8.0,8.0,7.5,7.5,7.5,7.0,7.0,7.0,7.0,7.0,7.5,7.5,7.5,7.5,7.5,7.5,7.5,7.5,7.5,7.0,7.0,7.0,6.5,6.0,5.5,5.5,5.0,4.5,4.5,4.5,4.5,5.0,5.5,6.0,6.0,6.5,6.5,6.5,6.5,6.5,6.0,6.0,5.5,5.0,5.0,4.5,5.0,5.0,5.5,6.0,6.5,7.0,8.0,8.5,9.0,9.5,10.0,10.0,9.5,9.0,8.5,8.0,7.5,7.0,6.5,6.0,6.0,6.0,6.0,6.0,6.5,6.5,6.5,7.0,7.0,7.0,7.0,6.5,6.5,6.5,6.0,5.5,5.5,5.0,5.0,4.5,4.5,4.0,4.0,4.0,4.0,4.5,5.0,6.0,6.5,7.5,7.5,7.5,7.5,7.0,7.0,6.5,6.0,5.5,5.5,5.0,5.0,5.5,5.5,5.5,6.0,6.0,5.5,5.5,5.5,5.5,5.5,6.0,5.5,5.5,5.0,4.5,3.5,3.0,3.0,3.0,3.0,3.0,3.5,4.0,4.0,4.5,4.5,5.0,5.5,5.5,5.5,5.5,5.5,5.5,5.5,5.5,5.5,5.5,5.5,5.5,5.5,5.5,5.0,5.0,5.0,5.0,5.0,5.0,5.0,5.0,5.5,5.5,5.5,5.5,0.0,0.0
57.5,56.5,56.0,55.0,54.0,53.5,52.5,52.0,51.5,51.5,51.5,51.5,51.5,52.0,52.0,52.5,53.0,53.0,53.5,53.5,53.5,53.0,53.0,52.5,52.0,51.5,51.5,51.0,51.0,50.5,50.5,50.5,50.5,50.5,50.5,50.5,50.5,51.0,51.0,51.0,51.0,51.0,51.0,50.5,50.5,50.5,50.0,50.0,49.5,49.5,49.0,49.0,49.0,49.5,49.5,50.0,50.5,50.5,50.5,50.5,50.5,50.5,50.0,50.0,49.5,49.5,49.5,49.5,49.5,49.0,49.0,48.5,48.5,48.5,49.0,49.0,49.5,49.0,49.0,49.0,49.0,49.0,49.0,49.0,49.0,48.5,48.0,48.0,47.5,47.5,47.0,47.0,47.0,47.0,47.5,48.0,49.0,49.5,50.0,50.0,50.0,49.5,49.0,48.5,48.0,47.5,47.0,46.5,46.0,46.0,45.5,46.0,46.5,47.0,47.5,48.0,48.5,48.5,49.0,49.0,48.5,48.5,48.0,47.5,47.0,46.5,45.5,45.0,45.0,44.5,44.5,44.5,44.5,45.0,45.5,46.0,46.5,47.0,47.5,48.0,48.0,48.5,48.0,48.0,48.0,48.0,48.0,47.5,47.0,46.5,46.0,46.0,46.0,46.5,47.0,47.5,48.0,48.0,48.5,48.5,48.5,48.5,48.5,48.5,48.0,47.5,47.0,46.5,46.0,45.5,45.0,45.0,45.0,45.5,46.0,46.0,46.0,46.0,46.0,46.0,46.0,46.0,46.0,45.5,45.0,44.5,44.5,44.0,44.0,44.0,44.0,44.0,43.5,43.5,43.5,43.5,43.5,43.5,43.5,43.0,43.0,43.0,42.5,42.5,42.5,42.5,42.5,42.5,42.5,42.5,43.0,43.0,43.0,43.5,43.5,43.0,43.0,43.0,43.0,43.0,43.5,43.5,43.5,43.5,43.5,43.5,43.5,43.5,43.0,43.0,42.5,42.5,42.5,43.0,43.0,43.5,43.5,43.5,43.5,43.0,43.0,42.5,42.5,42.0,42.0,42.0,42.0,42.0,41.5,41.5,41.0,41.0,40.5,41.0,41.0,41.5,42.0,42.0,42.5,42.5,42.5,42.5,42.5,42.0,41.5,41.0,41.0,40.5,40.0,39.5,39.5,39.5,40.0,40.0,40.5,41.0,41.5,41.5,41.5,41.5,41.5,41.5,41.0,40.5,40.5,40.5,40.0,40.0,39.5,39.0,39.0,38.5,38.5,38.5,39.0,39.0,39.5,39.5,40.0,40.0,40.0,40.5,40.5,40.5,40.0,39.5,38.5,38.0,37.5,37.0,37.0,37.0,37.0,37.5,38.0,38.5,39.0,39.0,39.5,40.0,0.0,0.0
42.5,42.5,42.0,41.5,41.5,41.0,41.0,41.0,41.0,41.5,41.5,42.0,42.0,42.5,43.0,43.0,43.0,43.0,43.0,42.5,42.5,42.5,42.5,42.5,42.0,42.0,41.5,41.5,41.5,42.0,42.5,42.5,43.0,43.5,43.5,44.0,44.0,44.5,44.5,44.0,44.0,43.5,43.0,42.5,42.0,41.5,41.5,41.5,41.5,41.5,42.0,42.5,42.5,43.0,43.0,43.0,43.0,43.0,43.5,43.5,43.0,43.0,43.0,42.5,42.5,42.0,42.0,42.0,42.0,42.0,42.5,42.5,43.0,43.0,43.5,44.0,44.5,44.5,45.0,45.0,45.0,44.5,44.5,44.5,44.0,43.5,43.5,43.0,43.0,43.0,43.0,43.5,43.5,44.0,44.5,44.5,45.0,45.0,45.0,45.0,45.0,45.0,44.5,44.0,44.0,43.5,43.0,43.0,43.0,43.0,43.0,43.5,43.5,44.0,44.5,45.0,45.5,45.5,46.0,46.0,46.0,45.5,45.0,44.5,44.0,44.0,43.5,43.5,44.0,44.0,44.0,44.5,44.5,45.0,45.0,45.5,45.5,45.5,45.5,45.5,45.5,45.0,44.5,44.5,44.0,44.0,44.0,43.5,43.5,43.5,43.5,43.5,43.5,44.0,44.5,44.5,45.0,45.0,45.5,45.5,45.5,45.0,45.0,44.5,44.5,44.0,44.0,44.0,44.0,44.0,44.0,44.5,45.0,45.5,46.0,46.0,46.5,46.5,47.0,46.5,46.5,46.0,45.5,45.0,44.5,44.5,44.0,43.5,43.5,43.5,43.5,43.5,44.0,44.5,44.5,45.0,45.0,45.0,45.0,44.5,44.0,43.5,43.5,43.0,42.5,42.5,42.0,41.0,41.0,40.5,40.5,41.0,41.0,41.5,41.5,42.0,42.0,42.0,42.5,42.5,42.5,42.5,43.0,43.0,42.5,42.5,42.5,42.5,43.0,43.5,44.0,44.5,45.0,45.5,46.0,46.0,46.5,46.5,46.5,46.0,46.0,46.0,45.5,45.0,44.5,44.5,44.0,44.0,44.0,44.0,44.0,44.5,44.5,45.0,45.5,46.0,47.0,47.0,47.0,47.0,47.0,46.5,46.0,45.5,45.0,44.5,44.0,44.0,44.0,44.0,44.0,44.0,44.5,45.0,45.5,46.0,46.0,46.5,46.5,46.5,46.5,47.0,47.0,47.0,47.0,47.0,46.5,46.5,46.0,46.0,46.5,46.5,47.0,47.5,47.5,47.5,47.5,47.5,47.5,47.5,47.5,47.5,47.5,47.0,47.0,47.0,46.5,45.5,45.0,44.0,43.0,41.5,40.5,39.0,37.5,36.5,35.0,33.5,32.5,31.5,0.0,0.0
27.5,27.5,28.0,28.5,28.5,28.5,28.5,28.5,28.5,28.5,28.5,28.0,27.5,27.0,26.5,26.5,26.0,25.5,25.5,25.5,25.5,25.5,26.0,26.0,26.5,27.0,27.0,27.0,27.5,27.0,27.0,26.5,26.5,26.0,26.0,25.5,25.5,25.0,25.0,25.5,26.0,26.5,27.0,27.5,28.0,28.0,28.0,28.0,27.5,27.5,27.0,26.5,26.5,26.0,26.0,26.0,25.5,25.5,25.5,25.5,26.0,26.0,26.5,26.5,27.0,27.5,27.5,28.0,28.0,27.5,27.0,27.0,26.5,26.0,26.0,25.5,25.5,25.5,25.5,25.5,25.5,25.5,26.0,26.0,26.5,27.0,27.5,27.5,28.0,28.0,27.5,27.5,27.0,26.5,26.0,25.5,25.0,24.5,24.5,24.5,24.5,24.5,24.5,24.5,24.5,24.5,24.5,24.0,23.5,23.0,22.0,22.0,21.5,21.0,21.0,20.5,20.5,20.0,20.0,20.5,20.5,21.0,22.0,22.5,23.0,23.5,24.0,24.5,24.5,25.0,25.5,26.0,26.5,26.5,26.5,26.5,26.5,26.0,26.0,25.5,25.5,25.5,26.0,26.0,26.0,26.0,26.0,25.5,25.5,25.0,25.0,24.5,24.5,24.0,24.0,24.0,24.0,23.5,23.5,24.0,24.0,24.5,25.0,25.5,26.0,26.0,26.5,26.5,26.5,26.5,26.5,26.5,26.5,26.0,26.0,25.5,25.5,25.5,25.5,25.5,26.0,26.5,26.5,27.0,27.5,27.5,28.0,28.0,28.5,28.0,28.0,27.5,27.0,27.0,26.5,26.5,26.5,26.5,26.5,26.5,27.0,27.0,27.0,27.0,27.0,27.0,26.5,25.5,24.0,22.5,20.5,18.0,15.5,13.0,10.0,8.0,6.0,4.5,3.5,3.0,3.0,3.5,5.0,7.5,10.5,14.5,19.5,25.0,31.5,38.5,46.0,53.5,60.5,67.5,74.0,81.0,88.0,94.5,101.0,107.0,111.5,115.5,118.0,120.0,121.0,120.5,119.5,116.5,112.5,107.0,100.5,93.5,86.5,79.5,73.0,66.5,61.0,56.0,51.5,48.0,45.0,43.0,41.0,39.5,38.0,37.0,36.0,35.5,35.0,34.5,34.5,33.5,33.0,31.5,30.5,29.5,28.0,27.0,26.5,26.0,26.0,26.0,26.5,27.0,27.5,27.5,27.5,27.5,27.0,27.0,26.5,26.5,26.0,25.5,25.5,25.0,25.0,25.0,25.0,25.0,25.5,26.0,26.0,26.5,26.5,27.0,27.0,27.0,27.0,27.0,26.5,26.5,26.5,26.0,25.5,25.5,25.5,25.5,25.5,26.0,0.0,0.0
59.0,59.5,59.5,60.0,60.0,60.0,60.0,60.0,60.0,60.0,60.0,60.0,60.0,60.5,60.5,61.0,61.0,61.5,62.0,62.5,62.5,62.5,62.5,62.5,62.5,62.5,62.0,61.0,60.5,60.0,60.0,60.0,59.5,59.5,59.5,59.5,60.0,60.0,60.5,61.0,61.5,62.0,62.5,63.5,63.5,64.0,64.0,64.0,64.0,64.0,64.0,63.5,63.5,63.5,64.0,64.0,64.5,64.5,65.0,65.0,65.5,65.5,66.0,66.0,66.0,66.0,66.0,65.5,65.5,65.0,65.0,64.5,64.5,64.5,64.0,64.0,64.5,64.5,65.0,65.5,66.0,66.0,66.5,66.5,66.5,66.0,66.0,65.5,65.0,64.5,64.5,64.5,64.5,64.5,64.5,64.5,65.0,65.5,66.0,66.5,67.0,67.0,67.0,67.5,67.5,67.0,67.0,66.5,66.0,66.0,65.5,65.0,64.5,64.5,64.5,64.5,65.0,65.5,66.5,67.0,67.5,67.5,67.5,67.5,67.5,67.0,66.5,66.0,66.0,65.5,65.0,64.5,64.0,63.5,63.0,63.0,62.5,63.0,63.0,63.0,63.5,63.5,63.5,64.0,64.0,64.0,64.0,64.0,64.0,63.5,63.5,63.5,63.5,63.5,64.0,64.0,64.5,65.0,65.5,66.0,67.0,68.0,69.0,69.5,70.0,70.0,70.0,70.0,69.5,69.0,69.0,68.5,68.0,68.0,67.5,67.5,67.5,67.5,67.5,68.0,68.0,68.0,68.5,69.0,69.5,69.5,70.0,69.5,69.5,69.0,69.0,69.0,69.0,69.0,69.0,69.0,69.0,69.5,69.5,70.0,70.0,70.0,70.5,70.5,70.5,70.5,70.5,70.5,70.0,70.0,69.5,69.5,69.5,69.5,69.5,69.5,69.5,70.0,70.5,71.0,71.5,72.0,72.5,72.5,72.5,72.5,72.0,72.0,71.5,71.5,71.0,71.0,71.0,71.0,71.0,71.0,71.0,71.0,71.0,70.5,70.0,69.5,68.5,67.0,65.0,63.0,60.5,58.5,56.5,54.5,52.5,51.5,50.5,50.0,50.0,51.0,53.0,55.5,59.0,63.5,69.0,75.5,83.0,91.5,100.0,108.0,115.5,123.0,130.5,137.5,144.5,150.5,155.0,158.5,161.0,162.5,163.0,163.0,162.5,161.0,158.0,154.5,150.0,144.5,139.0,133.5,128.0,122.0,116.5,111.0,105.5,100.5,96.0,91.5,88.0,85.0,82.5,80.5,79.0,78.0,77.5,77.0,76.5,76.5,76.0,75.5,75.0,74.5,74.5,74.0,73.5,73.0,72.5,72.5,72.0,72.0,72.0,72.0,72.0,72.0,0.0,0.0
36.5,37.0,37.5,37.5,37.5,38.0,37.5,37.5,37.5,37.0,37.0,36.5,36.0,35.5,35.0,34.5,34.5,34.5,35.0,35.0,35.5,35.5,36.0,36.0,36.0,36.0,35.5,35.5,35.0,35.0,34.5,34.0,33.5,33.0,32.0,31.0,29.5,27.5,25.5,23.5,21.5,19.5,17.5,16.0,15.0,14.0,13.5,13.0,13.0,14.0,16.0,19.0,23.5,29.0,35.5,43.0,51.0,59.5,68.0,76.5,84.0,90.5,96.5,102.5,107.5,111.5,115.0,117.0,118.0,118.5,117.5,116.5,115.0,113.0,110.0,107.0,103.5,99.5,95.5,91.0,86.5,81.5,77.0,72.5,68.5,64.0,60.0,56.5,52.5,49.5,46.5,44.5,42.5,41.0,40.0,39.0,38.5,38.5,38.5,39.0,39.0,39.5,40.0,40.0,40.0,39.5,39.0,38.5,37.5,37.0,36.5,36.0,36.0,36.0,36.0,36.0,36.0,36.0,36.0,36.0,36.0,36.5,36.5,37.0,37.5,38.0,38.0,38.0,37.5,37.0,36.5,36.5,36.0,36.0,36.0,36.0,36.0,36.5,36.5,37.0,37.0,37.5,37.5,37.5,37.5,37.5,37.5,37.0,37.0,36.5,36.5,36.0,36.0,36.0,36.0,36.0,36.5,36.5,37.0,37.5,38.0,38.0,38.5,38.5,39.0,39.0,38.5,38.5,38.0,37.5,37.0,36.5,36.0,35.5,35.5,35.5,35.5,36.0,36.0,36.5,36.5,37.0,37.0,37.0,37.5,37.5,37.5,37.5,37.5,37.5,37.0,37.0,37.0,36.5,36.5,37.0,37.5,38.0,38.5,39.5,40.0,40.5,40.5,41.0,41.0,41.0,41.5,41.5,41.0,40.5,40.0,40.0,39.5,39.0,39.0,39.0,38.5,39.0,39.0,39.5,39.5,40.0,40.0,40.0,40.0,39.5,39.0,39.0,38.5,38.0,38.0,37.5,37.5,38.0,38.0,38.0,38.0,38.5,38.5,39.0,39.5,40.5,41.0,41.0,41.5,41.5,41.0,41.0,40.5,40.0,39.5,39.5,39.0,39.0,39.0,39.0,39.0,39.0,39.0,39.5,40.0,40.0,40.5,41.0,41.5,42.0,42.5,43.0,43.0,43.0,42.5,42.5,42.5,42.0,42.0,42.0,42.0,42.0,42.5,42.5,43.0,43.0,43.0,43.0,43.5,43.5,44.0,44.0,43.5,43.5,43.5,43.0,43.0,42.5,42.5,42.5,42.5,42.5,43.0,43.0,43.5,44.0,44.0,44.5,44.5,44.5,44.0,43.5,43.0,42.5,42.0,42.0,41.5,41.5,41.0,41.0,41.0,41.0,41.5,41.5,0.0,0.0
26.0,26.5,27.0,27.0,27.0,27.0,27.0,27.0,26.5,26.5,26.0,25.5,25.5,25.5,25.5,25.5,25.5,25.0,25.0,25.0,25.0,25.5,25.5,26.0,26.0,26.0,26.0,25.5,24.0,23.0,21.0,19.0,17.0,14.5,12.0,10.0,8.0,6.5,5.5,5.0,4.5,5.0,6.0,7.5,9.5,13.0,16.5,21.5,27.5,34.0,42.0,49.5,57.0,64.5,71.5,78.0,85.0,91.5,97.5,103.0,107.0,109.5,111.0,112.0,112.0,111.5,110.5,108.5,105.0,101.0,96.0,90.5,84.5,79.0,73.0,67.5,62.0,57.0,52.0,47.5,44.0,40.5,38.0,35.5,33.5,32.0,31.0,30.0,29.0,28.5,27.5,27.0,26.5,26.0,25.5,25.5,25.5,25.5,25.5,25.5,25.0,25.0,25.0,25.0,25.0,25.0,24.5,24.5,24.0,24.0,23.5,23.0,23.0,22.5,22.5,22.5,22.5,22.5,22.5,22.5,22.5,22.5,23.0,23.0,23.0,23.5,23.5,23.5,23.0,22.5,22.0,21.5,21.0,20.5,20.0,19.5,19.5,20.0,20.5,21.0,21.5,22.0,22.0,22.0,22.5,22.5,22.5,22.5,22.0,21.5,21.0,20.5,19.5,19.0,19.0,18.5,18.5,18.5,18.5,19.0,19.0,19.5,19.5,19.5,19.5,19.5,19.5,19.5,19.0,19.0,18.5,18.5,18.0,17.5,17.5,17.0,17.0,17.0,17.0,17.0,17.5,17.5,18.0,18.0,18.5,19.0,19.0,19.0,19.0,19.0,18.5,18.5,18.5,18.0,18.0,17.5,17.5,17.0,17.0,17.0,17.5,17.5,18.0,18.0,18.0,18.0,18.0,18.0,17.5,17.5,17.0,16.5,16.0,15.5,15.5,15.0,15.0,15.0,15.0,15.0,15.0,15.0,15.5,15.5,15.5,15.5,15.5,15.5,15.5,15.0,15.0,14.5,14.5,14.0,14.0,13.5,13.5,13.0,13.0,12.5,12.5,12.5,13.0,13.0,13.0,13.0,13.0,13.0,13.0,12.5,12.5,12.0,11.5,11.0,11.0,11.0,11.0,11.0,11.5,12.0,12.5,13.0,13.5,14.0,14.5,14.5,14.5,14.0,14.0,13.5,13.5,13.5,13.5,13.5,13.0,13.0,13.0,13.0,13.0,13.5,13.5,13.5,14.0,14.0,14.5,14.5,15.0,15.0,15.5,15.5,15.5,15.5,15.0,15.0,14.5,14.0,13.5,13.5,13.5,13.5,14.0,14.0,14.5,14.5,15.0,15.0,15.0,15.0,15.0,14.5,14.5,14.0,14.0,13.5,13.5,13.5,13.5,13.0,13.0,13.0,0.0,0.0
47.0,48.0,49.0,50.0,51.0,52.0,52.5,53.5,54.0,54.5,55.0,55.5,55.5,55.5,55.5,55.0,54.5,53.5,52.5,52.0,51.0,50.5,50.0,50.0,49.5,49.5,49.5,49.5,50.0,50.0,50.5,50.5,51.0,51.5,52.0,52.5,52.5,52.5,52.5,52.5,52.5,52.0,51.5,51.5,51.0,51.0,51.0,51.0,51.0,51.5,51.5,52.0,52.0,52.0,52.0,52.0,52.0,51.5,51.5,51.0,51.0,50.5,50.5,50.0,50.0,50.0,50.0,50.0,50.5,50.5,51.0,51.0,51.0,51.5,51.5,52.0,52.0,51.5,51.0,51.0,50.5,50.0,50.0,49.5,49.5,49.5,49.5,49.5,50.0,50.5,50.5,51.0,51.0,51.0,51.0,51.5,51.5,51.5,51.5,51.0,50.5,50.0,49.5,49.0,48.5,48.0,48.0,47.5,47.5,48.0,48.0,48.5,49.0,49.0,49.0,49.0,49.0,48.5,48.5,48.0,47.5,47.0,47.0,46.5,46.5,46.5,46.5,46.5,47.0,47.5,48.0,49.0,49.5,50.0,50.5,51.0,51.5,51.5,51.5,51.5,51.5,51.0,51.0,51.0,51.0,51.0,51.5,51.5,51.5,52.0,52.5,52.5,53.0,53.0,53.0,53.0,52.5,52.0,51.5,51.0,50.5,50.5,50.0,50.0,49.5,49.0,49.0,48.5,48.5,49.0,49.5,49.5,50.0,50.5,50.5,50.5,50.5,50.5,50.0,50.0,49.5,49.0,48.5,48.5,48.0,48.0,48.0,48.0,48.5,48.5,49.0,49.5,49.5,50.0,50.0,50.0,50.0,50.0,50.0,50.0,49.5,49.5,49.5,49.5,49.5,50.0,50.0,50.5,50.5,51.0,51.0,51.5,51.5,51.5,51.5,51.5,51.5,51.5,51.0,50.0,49.0,47.5,45.5,44.0,41.5,39.5,37.5,35.5,34.0,33.0,32.0,32.0,32.0,32.5,33.5,35.0,36.5,38.5,41.5,45.5,50.0,55.0,61.0,68.0,75.0,82.0,88.5,95.0,101.5,108.0,114.5,120.5,125.5,129.5,132.5,134.0,134.5,134.0,133.5,131.5,129.0,126.0,122.0,117.5,113.0,108.0,103.0,98.0,93.0,88.0,83.0,78.5,74.5,70.5,67.0,64.0,61.5,59.0,56.5,55.0,53.5,52.5,51.5,51.0,51.0,51.0,51.0,51.0,51.0,51.0,51.0,51.0,51.0,51.0,51.0,50.5,50.0,49.5,49.0,48.5,48.5,48.0,48.0,47.5,47.0,47.0,47.0,47.0,47.5,47.5,48.0,48.5,48.5,49.0,49.0,49.5,49.5,49.0,49.0,48.5,0.0,0.0
-8.5,-8.0,-7.5,-7.0,-6.5,-6.0,-6.0,-5.5,-5.5,-5.5,-6.0,-6.0,-6.5,-7.0,-7.0,-7.0,-7.5,-7.5,-7.5,-7.0,-7.0,-6.5,-6.0,-5.5,-5.5,-5.0,-5.5,-5.5,-5.5,-6.0,-6.0,-6.5,-6.5,-7.0,-7.5,-8.0,-8.0,-8.0,-8.0,-8.0,-7.5,-7.0,-6.5,-6.0,-5.5,-6.0,-6.0,-6.0,-6.5,-6.5,-7.0,-7.5,-8.0,-8.5,-9.5,-10.0,-11.0,-11.5,-12.5,-13.5,-15.0,-16.5,-18.5,-20.5,-22.0,-23.5,-25.0,-26.0,-26.5,-26.5,-26.5,-26.5,-25.5,-24.0,-22.0,-19.0,-14.5,-9.5,-4.0,3.0,10.5,18.0,25.5,32.0,38.5,45.0,51.0,57.0,62.5,67.5,71.0,73.5,75.5,76.5,77.0,76.5,76.0,74.0,71.5,67.5,63.0,58.5,53.5,48.5,43.5,38.5,34.0,29.0,24.5,20.0,16.0,12.5,9.0,5.5,3.0,0.5,-1.0,-2.0,-3.0,-3.0,-3.0,-2.5,-2.0,-2.0,-2.0,-2.0,-2.0,-2.0,-2.5,-3.0,-3.5,-4.0,-4.5,-5.0,-5.5,-6.0,-6.5,-6.5,-7.0,-7.0,-6.5,-6.5,-6.0,-6.0,-6.0,-6.0,-6.0,-6.0,-6.0,-6.0,-6.5,-6.5,-7.0,-7.0,-7.5,-8.0,-8.0,-8.5,-8.5,-8.5,-8.0,-7.5,-7.0,-6.5,-6.0,-5.5,-5.5,-5.5,-6.0,-6.0,-6.5,-7.0,-7.5,-8.0,-8.5,-9.0,-9.0,-9.0,-9.0,-8.5,-8.5,-8.0,-8.0,-7.5,-7.0,-7.0,-7.0,-7.0,-7.0,-7.0,-7.0,-7.0,-7.5,-7.0,-7.0,-7.0,-7.0,-6.5,-6.5,-6.0,-5.5,-5.0,-4.5,-4.5,-4.0,-4.0,-4.0,-4.0,-4.0,-4.0,-4.5,-4.5,-5.0,-5.0,-5.5,-5.5,-6.0,-6.0,-6.0,-5.5,-5.5,-5.0,-4.5,-4.0,-4.0,-4.0,-3.5,-3.5,-3.5,-4.0,-4.5,-4.5,-5.0,-5.5,-5.5,-6.0,-6.0,-6.0,-6.0,-6.0,-5.5,-5.5,-5.0,-5.0,-4.5,-4.5,-4.0,-4.0,-4.0,-4.0,-4.5,-4.5,-4.5,-4.5,-4.5,-4.5,-4.5,-4.5,-4.0,-3.5,-3.5,-3.0,-3.0,-2.5,-2.5,-3.0,-3.0,-3.0,-3.0,-3.0,-3.5,-3.5,-4.0,-4.5,-5.0,-5.0,-5.5,-5.5,-5.5,-5.5,-5.0,-4.5,-4.0,-4.0,-3.5,-3.0,-2.5,-2.5,-2.0,-2.0,-2.0,-2.0,-2.5,-3.0,-3.0,-3.0,-3.0,-3.0,-3.0,-2.5,-2.0,-1.5,-1.5,-1.0,-0.5,-0.5,0.0,0.0,0.0,0.0,0.0,-0.5,-1.0,-1.0,-1.5,-1.0,-1.0,-0.5,0.0,0.5,0.0,0.0
35.5,35.5,35.0,35.0,35.0,35.5,36.0,36.5,37.0,37.5,38.0,38.5,38.5,38.5,38.0,37.5,37.0,37.0,36.5,36.5,36.0,36.0,36.0,36.0,36.5,36.5,37.0,37.0,37.5,37.5,37.5,37.5,37.5,37.5,37.0,37.0,36.5,36.0,35.5,35.0,35.0,34.5,35.0,35.0,35.5,35.5,36.0,36.5,37.0,37.0,37.5,37.5,37.5,37.5,37.5,37.5,37.0,37.0,37.0,37.0,37.0,37.0,37.0,37.0,37.5,37.5,38.0,38.5,39.0,39.5,40.0,40.0,40.0,40.0,40.0,39.5,39.0,39.0,38.5,38.0,38.0,37.5,37.5,37.5,37.5,38.0,38.5,38.5,39.0,39.5,39.5,40.0,40.0,40.0,39.5,39.0,38.5,38.0,37.5,37.5,37.0,36.5,36.5,37.0,37.0,37.5,37.5,37.5,37.5,37.5,38.0,38.0,37.5,37.5,37.0,36.5,36.5,36.0,35.5,35.5,35.0,35.0,34.5,34.5,34.5,34.5,35.0,35.5,35.5,36.0,36.5,36.5,36.5,36.5,36.0,35.5,35.0,34.5,34.0,33.5,33.5,33.0,33.0,33.0,33.0,33.5,33.5,33.5,34.0,34.0,34.5,34.5,34.5,34.0,34.0,34.0,33.5,33.0,33.0,32.5,32.0,31.5,31.5,31.5,32.0,32.0,32.5,33.0,33.0,33.5,33.5,34.0,34.0,33.5,33.0,32.5,32.0,31.5,31.0,30.5,30.0,30.0,30.0,30.0,30.0,30.5,30.5,31.0,31.0,31.5,31.5,31.5,31.0,31.0,30.5,30.0,29.5,29.5,29.0,29.0,28.5,28.5,28.5,29.0,29.0,29.5,30.0,30.5,31.0,31.5,31.5,32.0,32.0,31.5,31.0,30.5,30.0,29.5,29.0,29.0,29.0,29.0,29.0,29.0,29.0,29.5,29.5,30.0,30.5,31.0,31.5,31.5,31.5,31.0,30.5,30.0,29.5,29.0,28.5,28.0,27.5,27.5,27.0,27.0,27.0,27.5,28.0,28.0,28.5,29.0,29.5,30.0,30.5,30.5,30.5,30.0,30.0,29.5,29.0,28.5,28.0,27.0,26.5,26.0,25.5,25.0,24.5,24.0,23.5,23.5,23.5,23.5,24.0,25.0,26.0,26.5,27.0,27.5,27.5,28.0,28.0,28.5,29.0,29.0,29.0,29.0,29.0,28.5,28.0,27.5,27.0,26.5,26.5,26.0,25.5,25.0,24.5,24.0,23.5,23.5,23.5,23.5,23.5,23.5,23.5,23.5,24.0,24.0,24.0,24.0,24.0,24.0,23.5,23.5,23.5,23.0,22.5,22.0,21.5,21.5,0.0,0.0
41.5,41.5,41.5,41.5,41.5,41.0,41.0,40.5,40.0,40.0,40.0,40.0,40.0,40.0,40.5,41.0,41.5,42.0,42.5,43.0,43.5,44.0,44.5,44.5,44.0,43.5,42.5,41.5,40.5,39.0,38.0,37.0,36.5,36.5,36.5,37.0,38.5,40.0,42.0,44.0,45.5,47.0,48.0,48.5,49.0,49.0,48.5,48.5,47.5,47.0,46.5,46.0,45.5,44.5,44.5,44.0,44.0,44.0,44.0,44.5,45.0,45.5,45.5,45.5,45.5,45.0,45.0,45.0,44.5,44.0,44.0,43.5,43.5,43.5,43.5,43.5,43.5,44.0,44.5,45.0,45.5,46.0,46.5,47.0,47.0,46.5,46.5,46.5,46.0,46.0,45.5,45.5,45.5,45.5,45.5,46.0,46.0,46.5,47.0,47.5,47.5,48.0,48.0,48.0,48.0,47.5,47.5,47.0,46.5,46.0,45.5,45.0,44.5,44.5,45.0,45.0,45.5,46.0,46.5,46.5,47.0,47.0,47.0,47.0,47.0,46.5,46.5,46.0,46.0,45.5,45.0,45.0,45.0,45.0,45.0,45.5,46.0,46.0,46.5,47.0,47.0,47.0,47.5,47.5,47.5,47.0,47.0,46.5,46.5,46.0,45.5,45.0,45.0,44.5,44.5,44.5,45.0,45.0,45.5,46.0,46.5,47.0,47.0,47.5,47.5,47.5,47.5,47.5,47.0,46.5,46.0,46.0,46.0,46.0,46.0,46.0,46.5,47.0,47.5,48.0,48.0,48.5,48.5,48.5,48.0,48.0,47.5,47.0,46.5,46.0,46.0,45.5,45.0,45.0,45.0,45.5,46.0,46.5,47.5,48.0,48.5,48.5,48.5,49.0,49.0,49.0,49.0,49.0,49.0,48.5,48.0,47.5,47.5,47.0,47.0,47.0,47.0,47.0,47.0,47.5,48.0,48.5,48.5,49.0,49.5,49.5,49.0,49.0,48.5,47.5,47.0,46.5,46.5,46.0,46.0,46.0,46.5,46.5,47.0,47.0,47.5,47.5,47.5,47.5,47.5,47.5,47.0,46.5,46.0,46.0,45.5,45.0,45.0,45.0,44.5,44.5,44.5,45.0,45.0,45.5,45.5,46.0,46.0,46.0,46.0,45.5,45.5,45.0,44.5,44.0,43.5,43.0,43.0,42.5,43.0,43.0,43.5,44.0,44.5,45.0,45.5,46.0,47.0,47.5,48.0,48.5,48.5,48.5,49.0,49.0,49.0,49.0,49.0,49.0,49.5,49.5,49.5,50.0,50.5,51.0,51.5,51.5,51.5,51.0,51.0,51.0,50.5,49.5,49.0,48.5,48.0,47.5,47.5,47.5,47.0,47.0,47.0,47.0,47.5,47.5,0.0,0.0
21.5,22.0,22.0,22.0,22.5,22.5,22.5,22.5,22.0,21.5,21.0,20.5,19.5,19.0,19.0,18.5,18.5,18.5,18.5,19.0,19.0,19.5,19.5,19.5,19.5,19.5,19.5,19.5,19.0,19.0,18.5,18.5,18.0,17.5,17.5,17.0,17.0,17.0,17.0,17.0,17.5,17.5,18.0,18.0,18.5,19.0,19.0,19.0,19.0,19.0,18.5,18.5,18.5,18.0,18.0,17.5,17.5,17.0,17.0,17.0,17.5,17.5,18.0,18.0,18.0,18.0,18.0,18.0,17.5,17.5,17.0,16.5,16.0,15.5,15.5,15.0,15.0,15.0,15.0,15.0,15.0,15.0,15.5,15.5,15.5,15.5,15.5,15.5,15.5,15.0,15.0,14.5,14.5,14.0,14.0,13.5,13.5,13.0,13.0,12.5,12.5,12.5,13.0,13.0,13.0,13.0,13.0,13.0,13.0,12.5,12.5,12.0,11.5,11.0,11.0,11.0,11.0,11.0,11.5,12.0,12.5,13.0,13.5,14.0,14.5,14.5,14.5,14.0,14.0,13.5,13.5,13.5,13.5,13.5,13.0,13.0,13.0,13.0,13.0,13.5,13.5,13.5,14.0,14.0,14.5,14.5,15.0,15.0,15.5,15.5,15.5,15.5,15.0,15.0,14.5,14.0,13.5,13.5,13.5,13.5,14.0,14.0,14.5,14.5,15.0,15.0,15.0,15.0,15.0,14.5,14.5,14.0,14.0,13.5,13.5,13.5,13.5,13.0,13.0,13.0,13.0,13.5,14.0,14.5,15.0,15.0,15.5,15.5,15.5,15.5,15.0,15.0,14.5,14.0,13.5,13.5,13.0,13.0,13.0,13.5,13.5,14.0,14.0,14.5,14.5,14.5,14.5,14.5,14.5,14.0,14.0,13.5,13.0,12.5,12.5,12.0,12.0,12.0,12.0,12.0,12.0,12.5,13.0,14.0,14.5,15.0,16.0,16.0,16.0,16.0,16.0,15.5,15.0,14.5,14.0,14.0,13.5,13.5,13.5,13.0,13.0,13.0,13.5,13.5,13.5,14.0,14.0,13.5,13.5,13.0,12.5,12.5,12.0,11.5,11.5,11.5,11.5,12.0,12.0,12.5,13.0,13.0,13.5,14.5,15.0,15.5,15.5,15.5,15.5,15.0,14.0,13.5,13.0,12.5,12.0,12.0,11.5,11.5,12.0,12.0,12.5,13.0,13.5,13.5,14.0,14.0,14.5,14.5,14.5,14.5,14.0,14.0,13.5,12.5,12.0,11.5,11.0,11.0,11.0,11.0,11.5,12.0,12.5,13.5,14.0,14.5,14.5,14.5,14.5,14.5,14.5,14.5,14.0,14.0,14.0,13.5,13.5,13.5,13.5,13.5,0.0,0.0
30.0,31.0,31.5,32.0,32.5,33.0,33.5,34.0,34.0,34.0,34.0,34.0,34.0,34.0,34.0,33.5,33.0,33.0,32.5,32.0,31.5,31.5,31.5,31.5,32.0,32.5,32.5,32.5,32.5,32.0,31.5,31.0,30.5,30.0,29.5,29.5,29.5,29.5,30.0,30.0,30.5,31.0,31.5,32.0,32.5,33.0,33.0,33.0,33.0,33.0,32.5,32.0,31.5,31.0,30.5,30.0,29.5,29.5,29.0,29.0,29.0,29.0,29.0,29.5,30.0,30.5,31.5,31.5,31.5,31.0,30.5,29.5,28.5,28.0,27.5,27.0,27.0,27.0,27.5,28.0,28.5,29.5,30.0,30.0,30.0,30.0,29.0,28.0,26.5,24.5,22.0,19.5,17.0,14.5,12.5,10.0,8.5,7.5,7.0,7.0,7.5,8.5,10.0,12.0,14.0,17.5,21.0,25.5,30.5,36.0,42.5,49.0,55.5,62.0,68.0,73.5,79.0,84.5,89.5,94.5,98.0,101.0,103.0,104.5,105.0,105.0,105.0,104.0,102.0,100.0,96.5,92.5,87.5,82.5,77.5,72.0,67.0,62.5,58.0,54.0,50.5,47.0,43.5,41.0,38.5,36.5,35.5,34.5,34.0,33.5,33.5,33.0,32.5,32.0,31.5,31.0,31.0,30.5,30.5,30.5,30.5,30.5,30.5,30.0,30.0,30.0,30.0,30.0,29.5,29.0,28.5,28.0,27.0,26.5,26.0,25.5,25.0,25.0,25.0,25.0,25.5,26.0,26.0,26.5,26.5,27.0,27.0,27.5,27.5,27.5,27.5,27.0,27.0,27.0,26.5,26.5,26.0,25.5,25.5,25.5,26.0,26.5,27.0,27.0,27.0,27.0,26.5,26.0,25.5,25.0,24.5,24.0,24.0,23.5,23.5,23.5,23.5,23.5,23.5,24.0,24.0,24.5,24.5,25.0,25.5,25.5,25.5,25.5,25.5,25.0,24.5,24.0,23.5,23.5,23.0,23.0,23.5,23.5,24.0,24.0,24.5,25.0,25.0,25.5,25.5,26.0,26.0,26.0,26.0,26.0,25.5,25.0,24.5,24.0,23.5,23.5,23.5,23.5,23.5,24.0,24.5,24.5,25.0,25.5,25.5,26.0,26.0,25.5,25.5,25.5,25.5,25.5,25.5,25.5,25.5,25.0,25.0,24.5,24.5,24.5,25.0,25.5,26.0,26.5,27.0,27.0,27.5,27.0,27.0,26.5,26.0,25.0,24.5,23.5,23.0,22.5,22.5,22.5,23.0,23.0,23.5,23.5,24.0,24.0,24.0,24.0,24.0,23.5,23.0,22.5,22.0,21.5,21.0,21.0,21.0,21.0,21.0,21.5,21.5,22.0,0.0,0.0
61.5,61.5,61.5,61.5,61.5,62.0,62.5,63.0,63.5,64.0,64.5,65.0,65.0,65.5,65.0,65.0,64.5,64.0,63.5,63.0,63.0,63.0,63.0,63.5,63.5,64.0,64.5,65.0,65.0,65.5,65.0,65.0,65.0,64.5,64.5,64.0,64.0,64.0,63.5,63.5,63.5,63.0,63.5,63.5,64.0,64.5,65.0,65.5,66.5,67.0,67.5,67.5,68.0,68.0,68.0,67.5,67.0,67.0,67.0,66.5,66.5,66.0,66.0,66.0,66.0,65.5,65.5,65.5,65.5,66.0,66.0,66.0,66.0,66.0,66.0,66.0,65.5,65.5,65.0,65.0,64.5,64.5,64.5,64.5,64.5,65.0,65.5,66.0,66.5,67.0,67.0,67.0,67.0,67.0,67.0,66.5,66.0,66.0,65.5,65.0,65.0,65.0,64.5,65.0,65.0,65.0,65.5,66.0,66.5,66.5,66.5,66.5,66.5,66.5,66.0,65.5,65.0,64.5,64.5,64.0,63.5,63.5,63.5,64.0,64.0,64.5,64.5,64.5,64.5,65.0,65.0,65.0,65.5,65.5,65.5,65.5,65.5,65.0,64.5,64.5,64.5,64.5,64.5,64.0,64.0,64.0,64.5,64.5,64.5,64.5,64.5,64.5,64.5,64.5,64.5,64.5,64.0,64.0,63.5,63.5,63.5,63.5,63.5,64.0,64.0,64.5,65.0,65.0,65.0,65.0,65.0,65.0,65.0,65.0,65.0,64.5,64.5,64.0,63.5,63.5,63.5,63.5,63.0,63.5,63.5,63.5,63.5,64.0,64.0,64.0,64.5,64.5,64.5,64.5,64.5,64.0,64.0,63.5,63.0,63.0,63.0,63.0,63.0,63.0,63.5,63.5,64.0,64.5,65.0,65.0,65.5,65.5,66.0,66.0,66.0,65.5,65.0,64.5,64.0,63.5,63.5,63.0,63.0,63.0,63.0,63.5,64.0,64.5,65.0,65.0,65.5,65.5,65.5,65.5,65.5,65.0,65.0,65.0,64.5,64.5,64.5,64.5,65.0,65.5,65.5,66.0,66.5,67.0,67.5,67.5,68.0,68.0,68.0,67.5,67.0,66.5,66.0,65.5,65.0,64.0,63.5,62.5,62.0,61.0,60.5,60.0,60.0,60.5,61.5,62.5,64.0,65.5,67.0,68.0,69.0,69.5,69.5,70.0,69.5,69.5,69.0,68.5,68.0,67.5,67.0,67.0,67.0,66.5,66.5,66.5,66.5,66.5,66.0,66.0,65.5,65.0,64.0,63.5,63.0,62.5,62.0,62.0,61.5,61.5,62.0,62.0,62.0,62.5,62.5,62.5,63.0,63.0,63.0,63.0,62.5,62.5,62.5,62.0,62.0,62.0,0.0,0.0
65.0,65.5,66.0,67.0,67.0,67.5,68.0,68.0,68.0,68.0,68.0,68.0,67.5,67.5,67.0,66.5,66.0,65.5,65.5,65.0,65.0,65.5,65.5,66.0,66.5,67.0,67.5,67.5,67.5,67.5,67.5,67.0,67.0,66.0,65.5,65.0,64.0,63.5,63.0,62.5,62.0,61.5,61.0,61.0,61.5,62.5,64.0,65.0,66.0,67.0,67.5,68.0,68.0,68.0,68.0,68.0,67.5,67.5,67.0,67.0,67.0,67.0,66.5,66.0,66.0,65.5,65.5,65.0,64.5,64.0,63.5,63.0,62.5,62.0,61.0,60.5,59.5,58.5,57.0,55.5,54.0,52.5,50.5,49.0,47.5,46.5,46.0,45.5,45.5,46.0,46.5,47.5,49.0,51.5,55.0,59.0,64.0,69.5,76.0,83.5,91.0,98.5,105.5,112.0,119.0,125.5,132.0,138.0,143.0,146.5,149.0,150.5,151.0,151.0,150.0,148.5,145.5,142.0,138.0,133.5,128.5,123.5,118.5,113.0,108.0,102.5,97.5,92.5,88.0,83.5,79.5,76.0,73.0,70.0,68.0,66.5,65.5,65.0,65.0,64.5,64.5,64.5,65.0,65.0,65.5,66.0,66.0,66.0,66.0,66.0,65.5,65.0,64.5,63.5,62.5,62.0,61.5,61.5,61.5,61.5,62.0,62.0,62.5,62.5,62.5,62.5,62.5,62.5,62.5,62.5,62.0,62.0,61.5,61.5,61.5,61.0,60.5,60.5,60.5,60.5,60.5,60.5,61.0,61.0,61.5,62.0,62.5,62.5,62.5,62.5,62.5,62.5,62.0,62.0,61.5,61.0,61.0,60.5,60.5,60.5,60.5,61.0,61.0,61.5,62.0,62.0,62.0,62.0,62.0,62.0,62.0,62.0,61.5,61.5,61.0,61.0,60.5,61.0,61.0,61.0,61.5,62.0,62.0,62.0,62.0,62.5,62.5,62.5,62.0,62.0,62.0,61.5,61.0,60.5,60.0,59.5,59.5,59.5,60.0,60.0,60.5,60.5,61.0,61.0,61.0,60.5,60.5,60.5,60.5,60.5,60.5,60.5,60.0,60.0,59.5,59.5,59.0,59.0,59.0,59.0,59.5,59.5,60.0,60.0,60.5,60.5,61.0,61.0,60.5,60.5,60.0,60.0,59.5,59.0,58.5,58.0,57.5,57.5,57.5,57.0,57.0,57.5,57.5,58.0,58.5,59.0,59.5,59.5,59.5,59.5,59.0,58.0,57.5,57.0,56.5,56.0,56.0,55.5,55.5,55.5,55.5,55.5,56.0,56.5,57.0,57.5,58.0,58.0,58.0,58.0,57.5,57.0,56.5,56.0,56.0,55.5,55.0,55.0,55.5,55.5,0.0,0.0
54.0,53.5,53.5,53.5,53.5,53.5,53.0,53.0,52.5,52.5,52.0,52.0,52.0,52.0,52.0,52.5,53.0,53.5,53.5,54.0,53.5,53.5,53.5,53.5,53.0,53.0,53.5,53.0,53.0,52.5,52.5,52.5,52.0,52.0,52.5,52.5,52.5,53.0,53.5,54.0,54.5,54.5,54.5,54.5,54.5,54.5,54.5,54.0,54.0,53.5,53.0,53.0,53.0,53.0,53.5,53.5,54.0,54.0,54.0,54.5,54.5,54.5,55.0,54.5,54.5,54.0,54.0,53.5,53.5,53.5,53.5,54.0,54.5,55.0,55.0,55.5,55.5,55.5,55.5,56.0,56.5,56.5,57.0,57.0,56.5,56.5,56.0,56.0,55.5,55.0,54.5,54.0,54.0,54.5,54.5,55.0,55.5,56.0,56.5,57.0,57.0,57.0,57.0,56.5,56.0,55.5,55.0,54.5,54.0,54.0,53.5,53.5,53.5,54.0,54.5,55.0,56.0,56.5,57.5,58.0,58.5,59.0,58.5,58.5,58.0,58.0,57.5,57.5,57.0,57.0,57.0,57.0,57.0,57.0,57.0,57.5,58.0,58.0,58.5,58.5,59.0,59.5,59.5,59.5,59.5,59.5,59.0,58.5,58.0,57.5,57.0,57.0,57.0,57.0,57.5,58.0,58.5,59.0,59.0,59.0,59.0,59.0,59.5,59.5,59.5,59.5,59.5,59.0,58.5,58.5,58.0,57.5,57.5,57.5,57.5,57.5,57.5,57.5,57.5,58.0,58.0,58.0,58.0,58.0,57.5,57.0,56.5,56.5,56.0,56.0,56.0,56.0,56.0,56.0,56.5,56.5,57.0,57.5,58.0,58.5,59.0,59.0,59.0,59.0,59.0,58.5,58.0,57.5,57.0,56.5,55.5,55.5,55.5,55.5,56.0,56.0,56.5,57.0,57.5,58.5,59.0,59.5,59.5,59.0,58.5,58.0,57.5,57.0,57.0,57.0,56.5,56.5,57.0,57.5,57.5,58.0,58.5,59.0,59.5,60.0,60.0,59.5,59.5,59.5,59.5,59.5,59.5,59.5,59.0,59.0,58.5,58.0,58.0,58.0,58.5,59.0,59.0,59.5,59.5,59.5,59.5,59.5,59.5,59.5,59.5,59.5,59.5,59.0,59.0,59.0,58.5,58.5,58.0,58.0,58.5,58.5,58.5,58.5,58.0,57.5,57.0,56.5,56.5,56.5,56.0,56.5,57.0,57.5,58.5,60.0,61.0,62.0,63.0,63.5,63.5,64.0,64.0,63.5,63.5,63.0,62.5,62.0,61.5,61.0,61.0,60.5,60.0,59.5,59.0,58.5,58.0,58.0,58.5,58.5,58.5,59.0,59.5,60.0,60.5,61.0,0.0,0.0
68.5,68.5,69.0,69.0,69.0,69.0,69.0,69.0,69.5,69.5,69.5,69.0,69.0,69.0,69.0,68.5,68.5,68.5,68.5,69.0,69.0,69.5,70.0,70.0,70.0,70.5,70.5,70.5,70.5,70.0,69.5,69.0,68.5,68.0,67.5,67.5,67.0,67.0,66.5,66.5,66.5,67.0,67.0,67.5,68.0,68.5,68.5,69.0,69.0,69.0,69.0,68.5,68.5,68.0,68.0,67.5,67.5,67.5,67.5,67.5,68.0,68.0,68.5,69.0,69.0,69.0,69.0,69.0,68.5,68.0,67.5,67.5,67.0,67.0,66.5,66.5,66.0,66.0,66.0,66.0,66.0,66.5,67.0,67.5,68.0,68.5,69.0,69.0,69.0,69.0,69.0,68.5,68.5,68.5,68.0,68.0,67.5,67.0,67.0,67.0,67.5,68.0,68.0,68.5,68.5,69.0,69.5,69.5,70.0,70.0,70.0,69.5,69.0,69.0,68.5,68.0,67.5,67.5,67.5,67.5,67.5,68.0,68.0,68.5,69.0,69.0,69.5,69.5,70.0,70.0,70.0,69.5,69.5,69.0,68.5,67.5,67.5,67.0,67.0,67.5,67.5,68.0,68.5,69.0,69.0,69.5,69.5,69.5,69.5,69.5,69.5,69.5,69.0,68.5,68.5,68.0,67.5,67.5,67.5,68.0,68.0,68.5,68.5,68.5,68.5,68.5,68.5,68.5,68.5,68.5,68.0,67.5,67.5,67.0,66.5,66.5,66.0,66.0,66.0,66.0,66.0,66.0,66.5,66.5,67.0,67.0,67.0,67.0,67.5,67.5,67.5,67.0,67.0,66.5,66.0,66.0,66.0,66.0,66.5,67.5,68.0,69.0,69.5,70.5,71.5,72.0,73.0,73.0,73.5,73.0,73.0,72.5,72.0,72.0,71.5,71.0,71.0,71.0,71.5,71.5,71.5,71.5,71.5,71.5,71.5,71.5,71.0,71.0,71.0,71.0,71.0,70.5,70.5,70.5,70.0,69.5,69.0,68.5,68.5,68.5,69.0,69.0,69.5,70.0,70.5,71.0,71.5,71.5,71.0,70.5,70.0,70.0,69.5,69.5,69.5,69.5,69.5,69.5,69.5,69.5,70.0,70.5,71.0,71.5,72.0,72.5,72.5,72.5,72.5,72.0,72.0,71.5,71.0,70.0,70.0,69.5,69.5,69.0,69.5,69.5,69.5,70.0,70.5,70.5,70.0,69.5,69.0,67.5,66.0,64.5,62.0,59.5,57.0,54.5,52.5,50.5,49.0,48.0,47.5,48.0,49.0,50.5,53.0,55.5,59.5,63.5,68.5,74.0,80.5,87.0,94.0,101.0,107.0,113.0,118.5,124.0,129.0,134.0,138.5,143.0,0.0,0.0
68.5,68.0,67.5,67.5,67.0,66.5,66.5,66.0,66.0,66.0,66.0,66.5,67.0,67.5,68.0,68.0,68.5,68.5,68.5,68.5,68.0,67.5,67.0,67.0,66.5,66.5,66.5,66.5,67.0,67.0,67.5,68.0,68.0,68.0,68.0,67.5,67.5,67.5,67.5,67.5,67.0,67.0,66.5,66.5,66.0,65.5,65.5,65.5,65.5,66.0,66.5,67.0,67.0,67.5,68.0,68.0,68.0,68.0,68.0,68.0,67.5,67.5,67.0,67.0,67.0,66.5,66.5,66.5,66.5,67.0,67.0,67.5,68.0,68.5,68.5,68.5,68.5,68.5,68.5,68.5,68.0,68.0,67.5,67.5,67.5,67.0,67.0,66.5,66.5,66.5,67.0,67.0,67.5,68.0,68.0,68.5,68.5,68.5,68.0,68.0,68.0,67.5,67.5,67.0,66.5,66.5,66.5,66.5,66.5,67.0,67.0,67.5,68.0,68.5,69.0,69.5,69.5,70.0,70.0,69.5,69.0,69.0,68.5,68.0,67.5,67.0,66.5,66.5,66.5,66.5,67.0,67.0,67.5,67.5,67.5,67.5,67.5,67.5,67.0,66.5,66.5,66.0,65.5,65.5,65.0,64.5,64.0,64.0,64.0,64.0,64.0,64.5,64.5,65.0,65.5,65.5,65.5,65.5,65.5,65.0,64.5,64.0,63.5,63.0,62.5,62.0,61.5,61.0,60.5,60.0,60.5,61.0,62.0,63.0,64.0,65.0,66.0,67.0,67.5,68.0,68.5,68.5,68.5,68.5,68.5,69.0,69.0,69.0,69.5,69.5,69.5,69.5,70.0,70.5,71.0,71.0,71.5,71.0,70.5,70.0,69.5,68.5,67.5,67.0,66.5,66.0,66.0,66.0,66.5,67.0,67.5,68.0,68.0,68.5,69.0,69.5,69.5,69.5,69.5,69.5,69.0,68.5,68.5,68.0,68.0,67.5,67.5,67.5,67.5,67.5,68.0,68.0,68.5,69.0,69.0,69.5,69.5,69.5,69.5,69.0,68.5,68.0,67.5,67.5,67.0,67.0,67.0,67.0,67.0,67.0,67.0,67.5,67.5,68.0,68.0,68.5,68.0,68.0,67.5,67.0,66.5,65.5,64.5,63.0,61.0,58.5,56.0,54.0,52.0,50.0,49.0,48.5,48.0,48.0,48.5,49.0,50.0,51.5,53.5,56.0,59.0,63.0,68.0,73.5,79.5,86.5,93.5,100.0,106.5,112.5,118.0,123.5,129.0,134.0,138.0,141.0,143.0,144.0,144.5,144.0,143.0,141.0,138.5,135.5,131.5,127.5,123.0,118.5,113.5,109.0,104.5,100.0,95.5,91.5,88.0,84.5,81.0,78.0,75.5,73.5,0.0,0.0
32.5,33.0,33.0,33.5,33.5,34.0,34.0,34.0,34.0,33.5,33.5,33.0,33.0,32.5,32.0,31.5,31.0,30.5,30.5,30.5,31.0,31.5,32.0,32.5,33.0,33.5,33.5,34.0,34.0,34.0,33.5,33.5,33.5,33.0,32.5,32.0,31.5,31.0,31.0,30.5,30.5,31.0,31.0,31.5,32.0,32.0,32.0,32.5,32.5,32.0,32.0,32.0,31.5,31.5,31.5,31.5,31.5,31.5,31.5,31.5,31.5,32.0,32.0,32.5,32.5,32.0,31.5,30.5,29.0,27.5,26.0,23.5,21.5,19.0,16.5,14.5,13.0,12.0,11.0,10.5,11.0,12.0,13.5,15.5,18.5,22.5,27.0,32.5,38.0,44.5,51.5,58.0,64.5,70.5,76.5,82.5,88.5,95.0,100.5,105.5,109.5,112.5,114.5,116.0,117.0,117.0,115.5,113.5,110.0,106.0,101.0,96.0,90.5,84.5,78.5,72.5,66.5,61.5,56.5,52.0,48.0,44.5,42.0,39.5,37.5,36.0,35.0,34.5,34.0,34.0,33.5,33.5,33.0,32.5,32.0,32.0,32.0,31.5,31.5,31.0,31.0,31.0,31.0,31.5,31.5,32.0,32.0,32.5,32.5,32.0,32.0,31.5,31.0,30.5,30.0,29.5,29.0,28.5,28.0,28.0,28.0,28.0,28.0,28.0,28.5,28.5,28.5,29.0,29.0,29.0,29.0,28.5,28.5,28.5,28.0,28.0,27.5,27.5,27.5,27.5,27.5,27.5,28.0,28.0,28.5,29.0,29.0,29.0,29.0,29.0,29.0,29.0,29.0,29.0,28.5,28.0,28.0,27.5,27.5,27.0,27.0,27.0,27.5,27.5,28.0,28.0,28.0,28.5,28.5,28.5,28.0,28.0,27.5,27.0,26.5,26.5,26.5,27.0,27.0,27.5,27.5,28.0,28.0,28.5,29.0,29.0,29.5,30.0,30.0,30.0,30.0,29.5,29.5,29.0,28.5,28.5,28.0,27.5,27.5,27.0,27.0,27.0,27.5,27.5,28.0,28.5,29.0,29.0,29.5,29.0,29.0,29.0,29.0,29.0,28.5,28.0,27.5,27.5,27.0,27.5,27.5,28.0,28.5,29.5,30.0,30.0,30.5,30.5,30.5,30.5,30.5,30.0,29.5,29.5,29.0,28.5,28.5,28.5,28.5,28.5,29.0,29.0,29.0,29.0,29.0,29.5,29.5,29.5,29.5,29.5,29.0,29.0,28.5,28.5,28.0,28.0,27.5,27.0,27.0,27.0,27.5,27.5,28.0,28.5,29.0,29.5,30.0,30.5,31.0,31.0,30.5,30.0,29.5,29.0,28.5,27.5,27.0,26.5,26.0,25.5,0.0,0.0
-17.0,-17.0,-17.0,-17.0,-17.0,-17.5,-17.5,-18.0,-18.5,-19.0,-19.5,-20.0,-20.5,-21.0,-21.0,-21.5,-21.0,-20.5,-20.0,-19.0,-18.5,-18.0,-17.5,-17.0,-16.5,-16.0,-16.0,-16.5,-16.5,-17.0,-17.5,-17.5,-18.0,-18.5,-18.5,-18.5,-18.5,-18.5,-18.5,-18.5,-18.0,-17.5,-17.0,-16.5,-16.0,-16.0,-16.0,-16.0,-16.5,-16.5,-17.0,-17.5,-17.5,-18.0,-18.5,-18.5,-18.5,-18.0,-17.5,-17.5,-17.0,-17.0,-17.0,-16.5,-16.5,-16.5,-16.5,-17.0,-17.5,-18.0,-18.5,-19.0,-19.0,-19.0,-19.5,-19.5,-20.0,-20.0,-20.0,-19.5,-19.0,-18.0,-17.5,-17.0,-17.0,-17.0,-17.5,-17.5,-18.0,-18.5,-19.0,-19.0,-19.0,-19.5,-19.5,-19.5,-19.5,-19.0,-18.5,-18.0,-17.5,-17.5,-17.0,-17.0,-17.0,-17.0,-17.5,-18.0,-18.0,-18.5,-19.0,-19.0,-19.0,-19.5,-19.5,-19.5,-19.5,-19.5,-19.5,-19.5,-19.0,-19.0,-18.5,-18.0,-18.0,-17.5,-18.0,-18.0,-18.5,-18.5,-19.0,-19.5,-20.0,-20.0,-20.0,-20.0,-20.0,-19.5,-19.0,-18.5,-18.0,-17.5,-17.0,-16.5,-16.5,-16.5,-17.0,-17.5,-18.0,-18.5,-18.5,-18.5,-18.5,-18.5,-18.5,-18.5,-18.5,-18.0,-17.5,-17.0,-17.0,-16.5,-16.5,-16.5,-16.0,-16.0,-16.0,-16.0,-16.0,-16.0,-16.5,-16.5,-17.0,-17.0,-17.0,-16.5,-16.5,-16.0,-15.5,-15.0,-14.5,-14.0,-14.0,-13.5,-13.5,-14.0,-14.0,-14.5,-15.0,-15.5,-16.0,-16.0,-16.5,-16.5,-17.0,-17.0,-17.5,-17.5,-17.0,-16.5,-16.0,-15.5,-15.0,-15.0,-15.0,-15.0,-15.5,-16.0,-16.5,-17.5,-18.0,-18.5,-18.5,-19.0,-18.5,-18.5,-18.0,-17.5,-17.0,-16.5,-16.0,-15.5,-15.0,-15.0,-14.5,-14.0,-14.0,-14.0,-14.0,-14.5,-15.0,-15.5,-16.0,-16.0,-16.5,-16.0,-16.0,-15.0,-14.5,-14.0,-13.5,-13.5,-13.5,-13.5,-13.5,-14.0,-14.0,-14.0,-14.5,-14.5,-15.0,-15.0,-15.5,-15.5,-15.5,-15.5,-15.0,-15.0,-14.5,-14.0,-13.5,-13.0,-13.0,-12.5,-12.0,-12.0,-12.0,-12.0,-12.0,-12.5,-12.5,-13.0,-13.0,-13.0,-13.5,-13.5,-13.0,-13.0,-12.5,-12.0,-12.0,-11.5,-11.0,-11.0,-11.0,-11.0,-11.0,-11.5,-11.5,-11.5,-12.0,-12.5,-13.0,-13.0,-13.5,-13.0,-13.0,-12.5,-12.5,-12.0,-12.0,-11.5,-11.0,-10.5,-10.0,-10.0,-10.0,-10.0,-10.5,-10.5,-11.0,-11.0,-11.5,-11.5,-11.5,-11.0,-11.0,-10.5,-10.0,-10.0,0.0,0.0
12.0,12.5,13.0,13.5,13.5,14.0,14.0,14.0,14.0,14.0,14.5,14.5,14.5,14.5,14.5,14.0,13.5,13.5,13.5,13.0,13.0,13.5,13.5,13.5,14.0,14.0,14.0,14.0,14.0,13.5,13.0,12.5,11.5,10.5,10.0,9.0,8.5,8.0,8.5,9.0,10.0,11.0,12.5,13.5,15.0,16.0,17.0,18.0,18.5,19.0,19.0,19.0,18.5,18.5,17.5,17.0,16.0,15.5,14.5,14.0,14.0,14.0,14.0,14.0,14.0,14.0,14.5,14.5,15.0,15.0,15.0,15.0,15.0,15.0,15.0,15.0,14.5,14.0,13.5,13.5,13.0,13.0,13.5,14.0,14.5,15.0,15.0,15.5,15.5,16.0,16.0,16.5,16.5,17.0,17.0,17.0,16.5,16.0,16.0,15.5,15.5,15.5,16.0,16.0,16.5,17.0,17.0,17.5,17.5,17.5,17.5,17.5,17.5,17.5,17.0,17.0,17.0,17.0,17.0,17.0,16.5,16.5,17.0,17.0,17.5,18.0,18.5,19.5,20.0,20.5,20.5,21.0,21.0,21.0,20.5,20.0,19.5,19.5,19.0,19.0,19.0,19.0,19.0,19.5,20.0,20.0,20.5,21.0,21.0,21.0,21.5,21.5,21.5,21.0,21.0,21.0,21.0,20.5,20.5,20.0,20.0,20.0,20.0,20.0,20.0,20.5,21.5,22.0,22.5,23.0,23.5,24.0,24.0,24.0,24.0,23.5,23.0,22.5,22.0,21.5,21.5,21.5,21.5,21.5,21.5,22.0,22.0,22.5,22.5,23.0,23.5,23.5,24.0,24.0,24.0,24.0,24.0,23.5,23.0,22.5,22.0,22.0,22.0,22.0,22.5,23.0,23.0,23.5,24.0,24.0,24.0,24.0,24.0,23.5,23.0,22.5,22.0,21.5,21.0,20.5,20.0,20.0,20.0,20.0,20.5,21.0,22.0,22.5,23.5,24.0,24.5,25.0,25.0,24.5,24.5,24.0,23.5,23.0,23.0,22.5,22.5,22.5,22.5,22.5,23.0,23.5,24.0,24.5,25.5,26.0,26.0,26.0,26.0,26.0,25.5,25.5,25.0,25.0,24.0,23.5,23.0,22.5,22.5,23.0,23.5,23.5,24.0,24.0,24.5,25.0,25.5,25.5,26.0,26.0,25.5,25.5,25.0,25.0,25.0,25.0,25.0,25.0,25.0,25.0,25.0,25.5,26.0,26.5,27.0,27.5,27.5,28.0,28.0,28.0,28.0,28.0,27.5,27.5,27.0,26.5,26.0,25.5,26.0,26.0,27.0,27.5,28.5,29.0,29.5,29.5,30.0,29.5,29.5,29.0,28.5,27.5,27.0,26.0,25.0,23.5,0.0,0.0
81.0,81.0,81.0,81.0,81.5,81.5,82.0,82.5,83.0,83.5,83.5,83.5,83.5,83.5,83.5,83.5,83.5,83.0,83.0,82.5,82.5,82.5,82.5,82.5,83.0,83.0,83.5,83.5,84.0,84.5,84.5,85.0,85.0,85.0,84.5,84.5,84.0,83.5,83.0,82.5,82.5,82.0,82.0,82.0,82.0,82.5,82.5,83.0,83.5,84.0,84.5,84.5,85.0,85.0,84.5,84.0,83.5,83.5,83.0,83.0,83.0,83.0,83.5,84.0,84.5,84.5,85.0,85.5,86.0,86.0,86.5,86.5,87.0,87.0,86.5,86.5,86.5,86.0,86.0,86.0,85.5,85.5,85.0,85.5,85.5,85.5,85.5,85.5,85.5,86.0,86.0,86.5,86.5,86.5,86.5,86.0,85.5,85.0,85.0,84.5,85.0,85.0,85.0,85.5,85.5,86.0,86.0,86.5,87.0,87.5,88.0,88.0,88.0,88.0,88.0,88.0,88.0,88.0,87.5,87.5,87.5,87.0,87.0,87.0,87.0,87.5,88.0,88.5,89.0,89.5,89.5,90.0,90.0,89.5,89.5,89.0,89.0,89.0,88.5,88.0,88.0,87.5,87.5,87.5,87.5,88.0,88.5,89.0,89.5,90.0,90.0,90.5,90.5,90.5,90.5,90.0,89.5,89.5,89.0,89.0,89.0,88.5,89.0,89.0,89.0,89.5,90.0,90.0,90.5,90.5,91.0,91.0,91.0,91.0,91.0,90.5,90.0,89.5,89.0,88.5,88.5,88.5,88.5,89.0,89.5,90.0,90.5,91.0,91.0,91.5,91.5,91.5,92.0,92.0,92.0,92.0,92.0,91.5,91.5,91.0,91.0,91.0,91.0,91.5,91.5,92.0,92.5,92.5,93.0,93.0,93.0,93.0,93.0,92.5,92.0,91.5,91.0,91.0,90.5,90.5,90.0,90.0,90.0,90.5,91.0,91.5,92.0,92.5,93.0,93.5,93.5,94.0,94.0,93.5,93.5,93.0,92.5,92.0,92.0,91.5,91.5,91.5,91.5,91.5,92.0,92.0,92.5,93.0,93.0,93.5,93.5,93.5,93.5,93.0,93.0,92.5,92.5,92.5,92.5,92.0,92.0,92.0,92.0,92.5,92.5,93.0,93.5,93.5,93.0,92.5,91.5,90.5,89.5,88.5,88.0,87.0,86.0,86.0,86.0,86.5,87.5,89.0,90.5,92.0,93.5,95.0,96.0,97.0,97.5,98.0,98.0,98.0,98.0,98.0,97.5,97.5,97.5,97.0,96.5,96.0,95.5,95.0,95.0,95.0,95.0,95.0,95.5,95.5,95.5,96.0,96.0,96.5,96.5,96.0,96.0,96.0,95.5,95.5,95.0,94.5,0.0,0.0
61.0,61.0,60.5,60.5,60.0,60.0,60.5,60.5,61.0,61.0,61.5,62.0,62.0,62.0,62.5,62.5,62.5,62.5,62.5,62.0,62.0,61.5,61.5,61.0,61.0,60.5,60.5,61.0,61.0,61.5,62.0,62.0,62.0,62.0,62.0,62.0,62.0,62.0,62.0,61.5,61.5,61.5,61.5,61.5,61.5,61.5,61.5,61.5,62.0,62.5,63.0,63.5,64.0,64.5,65.0,65.0,65.5,65.0,65.0,64.5,64.0,63.5,63.0,63.0,63.0,63.0,63.5,63.5,64.0,64.5,65.0,65.0,65.5,65.0,65.0,65.0,64.5,64.5,64.0,64.0,64.0,63.5,63.5,63.5,63.0,63.5,63.5,64.0,64.5,65.0,65.5,66.5,67.0,67.5,67.5,68.0,68.0,68.0,67.5,67.0,67.0,67.0,66.5,66.5,66.0,66.0,66.0,66.0,65.5,65.5,65.5,65.5,66.0,66.0,66.0,66.0,66.0,66.0,66.0,65.5,65.5,65.0,65.0,64.5,64.5,64.5,64.5,64.5,65.0,65.5,66.0,66.5,67.0,67.0,67.0,67.0,67.0,67.0,66.5,66.0,66.0,65.5,65.0,65.0,65.0,64.5,65.0,65.0,65.0,65.5,66.0,66.5,66.5,66.5,66.5,66.5,66.5,66.0,65.5,65.0,64.5,64.5,64.0,63.5,63.5,63.5,64.0,64.0,64.5,64.5,64.5,64.5,65.0,65.0,65.0,65.5,65.5,65.5,65.5,65.5,65.0,64.5,64.5,64.5,64.5,64.5,64.0,64.0,64.0,64.5,64.5,64.5,64.5,64.5,64.5,64.5,64.5,64.5,64.5,64.0,64.0,63.5,63.5,63.5,63.5,63.5,64.0,64.0,64.5,65.0,65.0,65.0,65.0,65.0,65.0,65.0,65.0,65.0,64.5,64.5,64.0,63.5,63.5,63.5,63.5,63.0,63.5,63.5,63.5,63.5,64.0,64.0,64.0,64.5,64.5,64.5,64.5,64.5,64.0,64.0,63.5,63.0,63.0,63.0,63.0,63.0,63.0,63.5,63.5,64.0,64.5,65.0,65.0,65.5,65.5,66.0,66.0,66.0,65.5,65.0,64.5,64.0,63.5,63.5,63.0,63.0,63.0,63.0,63.5,64.0,64.5,65.0,65.0,65.5,65.5,65.5,65.5,65.5,65.0,65.0,65.0,64.5,64.5,64.5,64.5,65.0,65.5,65.5,66.0,66.5,67.0,67.5,67.5,68.0,68.0,68.0,67.5,67.0,66.5,66.0,65.5,65.0,64.0,63.5,62.5,62.0,61.0,60.5,60.0,60.0,60.5,61.5,62.5,64.0,65.5,67.0,68.0,69.0,69.5,69.5,0.0,0.0
58.0,57.0,55.5,54.0,51.5,49.5,46.5,44.0,42.0,40.0,39.5,39.5,40.0,41.5,43.0,45.5,48.5,52.5,57.0,62.0,67.5,74.0,80.5,88.0,95.0,101.5,107.5,113.5,119.0,124.0,129.0,134.0,138.0,140.5,142.0,143.0,143.0,143.0,142.5,142.0,140.5,138.0,135.0,131.5,127.0,122.5,117.5,112.5,107.0,102.0,96.5,91.5,87.0,82.5,78.5,75.0,72.0,70.0,68.5,67.5,67.0,67.5,67.5,68.0,68.0,68.5,68.0,67.5,67.0,66.5,65.5,65.0,64.5,63.5,63.0,62.0,61.5,61.5,61.0,61.5,61.5,62.0,63.0,63.5,63.5,63.5,63.5,63.0,62.0,61.5,61.0,61.0,61.0,61.0,61.0,61.0,61.0,61.0,61.0,61.5,61.5,62.0,62.0,62.0,62.0,62.0,62.0,61.5,61.5,61.5,61.5,61.5,61.5,61.0,61.0,60.5,60.5,60.0,60.5,60.5,61.0,61.5,62.0,62.0,62.0,62.0,62.0,62.0,61.5,61.0,60.5,60.5,60.0,59.5,59.0,58.5,58.5,59.0,60.0,60.5,61.5,62.0,62.5,62.5,62.5,62.5,62.5,62.0,61.5,61.0,60.5,60.0,59.0,58.5,58.0,57.0,56.5,56.5,56.5,57.0,58.0,58.5,59.0,59.0,59.5,59.0,59.0,58.5,58.0,57.5,57.0,56.5,56.5,56.0,56.0,56.0,56.5,56.5,56.5,57.0,57.5,57.5,57.5,57.5,58.0,58.0,58.0,58.0,57.5,57.0,56.0,55.5,55.0,55.0,55.0,55.5,56.0,56.5,57.0,57.5,57.5,57.5,57.5,57.0,57.0,56.5,56.5,56.0,56.0,55.5,55.0,55.0,55.0,54.5,54.5,54.5,54.5,54.5,54.5,55.0,55.0,55.5,55.5,56.0,56.5,56.5,56.5,56.5,56.0,56.0,55.5,55.5,55.5,56.0,56.0,55.5,55.5,55.0,55.0,55.5,56.0,56.5,57.0,57.5,58.0,58.0,58.5,58.5,58.5,58.5,58.5,58.5,58.5,58.0,57.5,57.5,57.5,58.0,58.5,59.0,59.5,59.5,60.0,60.5,61.0,61.0,61.5,62.0,61.5,61.5,61.0,60.5,60.5,60.0,59.5,59.0,58.5,58.0,58.0,58.0,58.5,58.5,59.0,59.5,59.5,60.0,60.0,60.5,60.0,60.0,60.0,60.0,60.5,60.5,60.5,60.5,60.5,60.0,60.0,60.0,60.5,61.0,61.5,61.5,61.5,61.0,60.5,60.0,59.5,59.0,59.0,58.5,58.5,58.5,58.5,58.5,58.5,58.5,58.5,59.0,0.0,0.0
60.0,67.5,74.5,81.0,86.5,92.0,97.5,102.5,107.5,112.0,116.0,119.0,121.0,122.5,123.5,124.0,123.0,121.0,118.0,114.0,109.0,104.0,99.0,93.5,88.0,82.5,77.0,72.0,67.0,62.5,58.5,55.0,52.0,49.0,46.5,45.0,43.5,42.5,42.0,41.5,41.5,41.5,41.5,41.0,41.0,40.5,40.0,40.0,40.0,39.5,39.5,39.5,39.0,39.0,39.0,39.5,39.5,39.5,39.5,39.5,39.0,39.0,38.5,38.5,38.0,38.0,37.5,37.5,37.5,37.0,37.0,37.5,37.5,38.0,38.5,39.0,39.0,39.5,40.0,40.0,40.0,40.5,40.5,40.5,40.0,40.0,39.5,39.5,39.0,38.5,38.5,38.0,38.0,38.5,39.0,39.5,40.0,40.5,41.0,41.0,41.0,41.0,41.0,41.0,41.0,40.5,40.0,40.0,39.5,39.5,39.5,39.5,40.0,40.5,41.5,42.0,42.0,42.5,43.0,43.0,43.5,43.5,43.0,43.0,42.5,42.5,42.0,42.0,41.5,41.5,41.5,41.5,41.5,41.5,42.0,42.0,42.5,43.0,43.5,43.5,43.5,43.0,43.0,42.5,42.5,42.0,42.0,41.5,41.5,41.5,41.5,42.0,42.0,42.5,43.0,43.0,43.5,43.5,44.0,44.0,44.5,44.5,44.5,44.5,44.5,44.0,44.0,43.5,43.0,43.0,42.5,42.5,43.0,43.5,43.5,44.0,44.5,45.0,45.5,46.0,46.0,46.0,46.0,45.5,45.0,44.0,43.5,43.5,43.0,43.0,43.0,42.5,42.5,42.5,43.0,43.5,44.0,44.5,45.0,45.5,46.0,46.0,46.5,46.0,46.0,45.5,45.0,45.0,45.0,45.5,45.5,46.0,46.0,46.5,46.5,47.0,47.0,47.5,48.0,48.0,48.5,48.5,48.5,48.5,48.5,48.0,48.0,47.5,47.5,47.5,47.0,47.5,47.5,48.0,48.5,49.0,49.5,49.5,49.5,49.0,49.0,48.5,48.5,48.5,48.0,48.0,47.5,47.5,47.0,46.5,46.5,47.0,47.5,48.0,49.0,49.5,50.0,50.0,50.5,51.0,51.0,51.5,51.5,51.5,51.5,51.5,51.5,51.5,51.5,51.0,51.0,51.0,51.0,50.5,50.5,50.5,50.5,50.0,49.5,49.5,49.0,48.5,47.5,47.0,46.0,46.0,45.5,46.0,47.0,48.0,49.0,50.0,51.5,52.5,53.5,54.5,55.5,56.0,56.5,57.0,57.0,57.0,56.5,56.0,55.0,54.0,53.0,52.5,52.0,51.5,51.0,51.0,51.5,51.5,52.0,52.5,53.0,53.5,54.0,54.0,0.0,0.0
39.5,39.0,38.5,37.5,37.0,36.5,36.0,36.0,36.0,36.0,36.0,36.0,36.0,36.0,36.0,36.0,36.5,36.5,37.0,37.5,38.0,38.0,38.0,37.5,37.0,36.5,36.5,36.0,36.0,36.0,36.0,36.0,36.5,36.5,37.0,37.0,37.5,37.5,37.5,37.5,37.5,37.5,37.0,37.0,36.5,36.5,36.0,36.0,36.0,36.0,36.0,36.5,36.5,37.0,37.5,38.0,38.0,38.5,38.5,39.0,39.0,38.5,38.5,38.0,37.5,37.0,36.5,36.0,35.5,35.5,35.5,35.5,36.0,36.0,36.5,36.5,37.0,37.0,37.0,37.5,37.5,37.5,37.5,37.5,37.5,37.0,37.0,37.0,36.5,36.5,37.0,37.5,38.0,38.5,39.5,40.0,40.5,40.5,41.0,41.0,41.0,41.5,41.5,41.0,40.5,40.0,40.0,39.5,39.0,39.0,39.0,38.5,39.0,39.0,39.5,39.5,40.0,40.0,40.0,40.0,39.5,39.0,39.0,38.5,38.0,38.0,37.5,37.5,38.0,38.0,38.0,38.0,38.5,38.5,39.0,39.5,40.5,41.0,41.0,41.5,41.5,41.0,41.0,40.5,40.0,39.5,39.5,39.0,39.0,39.0,39.0,39.0,39.0,39.0,39.5,40.0,40.0,40.5,41.0,41.5,42.0,42.5,43.0,43.0,43.0,42.5,42.5,42.5,42.0,42.0,42.0,42.0,42.0,42.5,42.5,43.0,43.0,43.0,43.0,43.5,43.5,44.0,44.0,43.5,43.5,43.5,43.0,43.0,42.5,42.5,42.5,42.5,42.5,43.0,43.0,43.5,44.0,44.0,44.5,44.5,44.5,44.0,43.5,43.0,42.5,42.0,42.0,41.5,41.5,41.0,41.0,41.0,41.0,41.5,41.5,42.0,42.0,42.5,43.0,43.5,43.5,44.0,44.0,44.0,44.0,43.5,43.5,43.5,43.5,43.5,44.0,44.0,44.5,45.0,45.5,46.0,46.5,46.5,46.5,46.5,46.5,46.5,46.5,46.0,45.5,45.5,45.0,44.5,44.0,44.0,43.5,43.5,43.5,44.0,44.0,44.5,45.0,45.5,45.5,46.0,46.0,46.0,46.0,46.0,46.0,46.0,46.0,46.0,46.0,45.5,45.5,46.0,46.5,46.5,47.0,47.5,48.0,48.0,48.5,48.5,48.5,48.5,48.0,48.0,47.5,47.0,47.0,46.5,46.5,46.5,46.5,46.5,47.0,47.0,47.5,48.0,48.5,49.0,49.5,49.5,50.0,49.5,49.5,49.5,49.5,49.5,49.5,49.5,49.5,49.5,49.5,49.5,49.5,50.0,50.0,50.5,51.0,51.5,51.5,52.0,0.0,0.0
31.0,31.5,32.0,32.0,32.0,32.0,32.0,31.5,31.5,31.0,30.5,30.0,29.5,29.0,29.0,29.0,29.0,29.0,29.0,29.0,29.5,30.0,30.5,31.0,31.5,31.5,31.5,31.5,31.5,31.0,30.5,30.0,30.0,30.0,30.0,30.5,30.5,31.0,31.5,32.0,32.0,32.5,33.0,33.5,33.5,33.5,34.0,34.0,33.5,33.5,33.5,33.0,32.5,32.0,31.5,31.0,31.0,31.0,31.0,31.0,31.0,31.5,31.5,31.5,32.0,32.0,32.0,32.0,32.0,31.5,31.0,30.5,30.0,29.5,29.5,29.0,29.0,29.0,29.5,30.0,30.5,31.0,31.5,32.0,32.5,32.5,32.5,32.5,32.5,32.0,31.5,31.0,31.0,30.5,30.5,30.5,30.5,30.5,30.5,31.0,31.0,31.5,31.5,32.0,32.5,33.0,33.0,33.0,32.5,32.5,32.0,32.0,31.5,31.5,31.5,31.5,31.5,31.5,31.5,31.5,32.0,32.5,33.0,33.5,33.5,33.5,33.5,33.5,33.5,33.0,33.0,32.5,32.0,32.0,31.5,31.5,31.0,31.0,31.5,31.5,32.0,32.0,32.5,32.5,32.5,32.5,32.5,32.5,32.0,32.0,31.5,31.5,31.0,31.0,30.5,30.5,30.5,31.0,31.5,32.0,32.5,33.0,33.5,34.0,34.5,34.5,34.5,34.5,34.0,33.5,33.0,32.5,32.5,32.5,32.5,32.5,32.0,32.0,32.0,32.5,32.5,33.0,33.0,33.5,34.0,34.0,34.5,34.5,34.5,34.5,34.0,33.5,33.0,33.0,32.5,32.5,33.0,33.0,33.5,34.0,34.0,34.5,35.0,35.0,35.5,35.5,35.0,34.5,34.0,33.5,33.0,32.5,32.0,32.0,31.5,31.0,31.0,31.0,31.0,31.5,32.0,32.0,32.5,32.5,32.5,32.5,32.0,32.0,32.0,31.5,31.0,30.5,30.0,29.5,29.5,29.5,29.5,30.0,30.5,31.5,32.5,33.5,34.5,35.5,36.0,36.5,37.0,37.0,37.0,36.5,36.0,35.5,35.0,34.5,34.5,34.0,34.0,34.5,35.0,35.0,35.5,35.5,35.5,35.5,35.5,35.0,34.5,34.0,33.5,33.5,33.0,32.5,32.0,32.0,31.5,31.5,31.5,31.5,32.0,32.5,33.0,34.0,34.0,34.5,34.5,35.0,35.0,35.5,35.5,35.0,35.0,34.5,34.0,33.5,33.0,32.5,33.0,33.0,33.5,34.0,34.0,34.5,34.5,35.0,35.0,35.0,35.0,35.0,35.0,34.5,34.5,34.0,33.5,33.0,33.0,32.5,32.5,33.0,33.0,33.0,0.0,0.0
52.5,52.5,52.0,52.0,51.5,51.0,51.0,50.5,50.0,49.5,48.5,48.0,47.5,47.0,47.0,47.5,48.0,48.5,49.5,50.0,50.5,51.0,51.0,51.5,51.5,51.5,51.5,51.5,51.0,51.0,50.0,49.5,49.0,48.5,48.0,47.5,47.0,47.0,47.0,47.0,47.0,47.0,47.5,47.5,47.5,48.0,48.0,48.5,48.5,49.0,49.0,49.5,49.5,49.0,48.5,48.0,47.5,47.0,46.5,46.5,46.5,46.5,46.5,46.5,47.0,47.0,47.0,47.5,47.5,47.5,47.5,47.5,47.0,47.0,46.5,46.5,46.0,46.0,45.5,45.5,45.5,45.5,45.5,46.0,46.5,46.5,46.5,46.5,46.5,46.0,46.0,45.5,45.5,45.0,44.5,44.0,43.5,43.5,43.0,43.0,43.0,42.5,42.5,42.5,43.0,43.0,43.5,43.5,43.5,44.0,44.0,44.5,45.0,45.0,45.0,45.0,44.5,43.5,43.0,42.5,42.5,42.5,42.5,43.0,43.5,44.0,44.5,44.5,44.5,44.5,44.0,44.0,43.5,43.5,43.0,43.0,42.5,42.0,41.5,41.5,41.0,41.0,41.0,41.0,41.5,41.5,42.0,42.0,42.5,42.5,43.0,43.0,43.0,43.0,42.5,42.0,41.5,41.0,40.5,40.0,40.0,39.5,39.5,40.0,40.5,41.0,41.5,42.0,42.5,42.5,43.0,43.0,43.0,42.5,42.5,42.0,41.5,41.0,40.5,40.5,40.5,40.5,40.5,40.5,41.0,41.0,41.0,41.0,41.0,41.5,41.5,41.0,41.0,41.0,41.0,41.0,41.5,41.5,41.5,41.0,41.0,40.5,40.5,40.5,40.5,40.5,40.5,41.0,41.0,41.5,41.5,42.0,41.5,41.0,41.0,40.5,40.0,39.5,39.5,39.0,39.0,39.0,38.5,38.5,38.5,39.0,39.5,39.5,40.0,40.0,40.0,40.0,40.0,39.5,39.0,38.5,38.0,38.0,37.5,37.5,37.5,38.0,38.5,39.0,39.5,40.0,40.0,40.0,40.5,40.5,41.0,41.0,41.0,41.0,40.5,40.5,40.0,39.5,39.5,39.0,38.5,38.0,37.5,37.0,37.0,37.0,37.0,37.5,37.5,38.0,38.0,38.0,38.0,37.5,37.5,37.0,37.0,36.5,36.0,35.5,35.5,35.5,36.0,36.0,36.5,37.5,38.0,38.0,38.5,39.0,39.0,39.0,39.0,39.0,38.5,38.5,38.0,37.5,37.0,36.5,36.5,36.5,36.5,36.5,37.0,37.0,37.5,37.5,38.0,38.0,38.0,38.0,38.5,38.0,38.0,38.0,37.5,37.5,37.5,37.0,0.0,0.0
65.0,65.5,65.5,66.0,66.0,66.5,67.0,67.0,67.0,67.0,67.0,66.5,66.0,66.0,65.5,65.0,64.5,64.5,64.5,65.0,65.5,66.0,67.0,67.5,68.5,69.0,69.0,69.0,69.0,68.5,67.5,67.0,66.5,65.5,65.0,64.5,64.0,64.0,63.5,63.5,63.0,63.0,63.0,63.5,64.0,65.0,66.0,67.5,68.5,69.0,69.5,70.0,70.0,70.0,70.0,69.5,69.5,69.5,69.5,70.0,70.0,70.5,70.5,70.0,69.5,69.5,69.0,69.0,68.5,68.0,67.0,66.5,66.5,66.0,65.5,65.5,65.0,65.0,65.5,65.5,66.0,66.0,66.5,66.5,67.0,67.0,67.0,66.5,66.5,66.5,66.5,66.5,66.0,66.0,65.5,65.5,65.0,65.0,65.0,65.5,66.0,66.5,67.0,67.0,67.5,68.0,68.0,68.5,68.0,68.0,67.5,67.0,66.5,66.0,65.5,65.0,65.5,65.5,66.0,66.5,67.0,67.5,68.0,68.5,68.5,69.0,69.0,69.0,69.0,69.0,69.0,69.0,68.5,68.5,68.0,68.0,68.0,68.0,68.0,68.5,68.5,69.0,69.5,69.5,69.5,69.5,69.5,69.5,69.5,69.5,69.0,69.0,68.5,68.0,68.0,67.5,67.5,67.5,68.0,68.5,69.0,69.5,70.0,70.5,71.0,71.0,71.5,71.5,71.0,71.0,70.5,70.5,70.0,69.5,69.0,69.0,68.5,68.5,68.5,68.5,68.5,68.5,69.0,69.5,70.0,70.5,71.0,71.0,71.0,71.0,70.5,70.0,70.0,69.5,69.5,69.0,69.0,69.0,69.0,69.5,70.0,70.5,71.0,71.5,72.0,72.5,72.5,72.5,72.5,72.0,72.0,71.5,71.0,70.5,70.5,70.5,70.5,71.0,71.0,71.0,71.0,71.0,71.0,71.0,71.0,71.0,71.0,71.0,71.0,71.0,71.0,71.0,70.5,70.5,70.5,70.0,70.0,70.0,70.0,70.0,70.5,70.5,71.0,71.5,72.0,72.0,72.0,71.5,71.0,70.5,70.0,69.0,68.5,68.0,67.5,67.0,66.5,66.5,66.5,67.0,67.5,67.5,68.0,68.0,68.0,67.5,67.5,67.0,67.0,67.0,67.0,67.0,67.0,67.5,68.0,68.5,69.0,69.5,70.5,71.0,72.0,72.5,73.5,74.0,74.5,75.0,75.0,75.0,75.0,75.0,75.0,75.0,74.5,74.5,74.0,73.5,73.5,73.5,73.0,73.0,73.5,73.5,73.5,74.0,74.0,74.5,74.5,75.0,75.0,75.0,75.0,74.5,74.5,74.0,74.0,73.5,73.5,73.5,73.5,74.0,0.0,0.0
48.0,48.0,48.0,47.5,47.5,47.5,47.0,47.0,47.0,47.0,47.0,47.0,46.5,46.5,46.5,46.5,46.5,46.0,46.0,46.0,46.0,46.5,47.0,47.5,48.5,49.0,50.0,50.5,50.5,50.0,50.0,49.5,49.0,48.5,48.0,47.5,47.5,47.0,47.0,46.5,46.0,46.0,46.0,46.0,46.5,46.5,46.5,47.0,47.0,47.5,47.5,47.0,46.5,46.0,45.0,44.5,44.0,43.5,43.0,42.5,42.0,42.0,42.5,42.5,43.0,43.0,43.5,43.5,44.0,44.0,44.5,45.0,45.0,45.0,44.5,44.5,44.0,44.0,43.5,44.0,44.0,44.0,44.0,44.0,44.0,44.0,44.0,44.0,44.5,44.5,45.0,45.0,44.5,44.0,43.5,43.0,42.5,42.0,41.5,40.5,39.5,38.0,36.5,34.5,32.5,30.5,28.5,26.5,25.0,24.0,23.0,22.5,22.5,22.5,23.0,24.0,26.0,29.0,33.0,37.5,43.0,49.0,56.0,63.5,71.0,78.0,84.5,91.0,97.0,102.5,107.5,112.5,116.0,119.0,120.5,121.0,121.0,120.5,119.0,117.0,114.5,111.0,107.0,102.5,97.5,92.5,88.0,83.0,78.5,73.5,69.5,65.0,61.0,56.5,53.0,49.5,46.5,44.0,42.5,41.0,40.5,40.5,40.5,40.5,41.0,41.0,41.0,41.0,41.0,41.0,41.0,40.5,40.0,39.5,39.0,38.0,37.5,37.0,37.0,36.5,36.0,35.5,35.5,35.0,35.0,35.5,35.5,36.0,36.0,36.0,35.5,35.0,35.0,34.5,34.0,34.0,33.5,33.0,32.5,32.5,32.5,32.0,32.0,32.5,32.5,33.0,33.0,33.5,34.0,34.5,35.0,35.0,35.0,34.5,34.0,33.5,33.0,32.5,32.0,32.0,32.0,32.0,32.5,32.5,33.0,33.0,32.5,32.5,32.5,32.5,32.5,32.5,32.5,32.5,32.0,31.5,31.5,31.0,30.5,30.0,30.0,30.0,30.0,30.5,31.0,31.0,31.5,31.5,31.5,31.5,31.5,31.5,31.5,31.0,30.5,30.5,30.0,30.0,29.5,29.5,29.5,29.5,30.0,30.5,31.0,31.0,31.5,31.5,31.5,31.5,31.5,31.0,30.5,30.5,30.0,29.5,29.0,28.5,28.5,28.0,28.0,28.0,28.0,28.0,28.0,28.5,29.0,29.0,29.5,30.0,30.0,30.0,30.0,29.5,29.0,29.0,28.5,28.0,28.0,27.5,27.5,27.5,27.5,28.0,28.0,28.5,28.5,29.0,29.0,29.5,29.5,29.0,29.0,28.5,28.0,28.0,27.5,27.5,27.5,27.5,0.0,0.0
7.0,7.0,6.5,6.5,6.5,6.0,6.0,5.5,5.0,5.0,5.0,5.5,6.0,6.0,6.5,6.5,6.5,6.5,6.5,6.0,6.0,5.5,5.0,4.0,3.0,2.0,1.0,-0.5,-1.5,-2.5,-3.0,-3.0,-2.5,-1.5,0.0,1.5,3.0,4.0,5.0,5.5,5.5,5.5,5.0,4.5,4.0,3.5,3.0,2.5,2.0,1.5,1.5,1.5,2.0,3.0,4.0,4.5,5.5,5.5,6.0,6.0,6.0,6.0,5.5,5.0,4.5,4.0,3.5,3.0,2.5,2.5,2.5,2.5,3.0,3.0,3.5,4.0,4.5,4.5,4.5,4.0,4.0,3.5,3.0,2.5,2.5,2.0,2.0,2.0,1.5,1.5,1.5,2.0,2.5,3.0,3.5,4.0,4.5,4.5,4.5,5.0,4.5,4.5,4.0,4.0,3.5,2.5,2.0,1.5,1.5,1.0,1.5,1.5,1.5,1.5,2.0,2.0,2.5,2.5,3.0,3.0,3.0,2.5,2.5,2.0,1.5,1.5,1.0,1.0,1.0,1.0,1.5,1.5,1.5,1.5,1.5,1.0,0.0,-1.0,-2.5,-4.0,-6.0,-8.0,-10.5,-12.5,-14.5,-16.5,-18.0,-19.0,-19.5,-20.0,-19.5,-18.0,-15.5,-12.5,-8.5,-4.0,1.0,7.0,13.0,20.0,26.5,33.5,39.5,45.5,50.5,56.0,61.0,65.0,69.0,72.0,73.5,74.5,75.0,75.0,74.5,74.0,73.0,71.0,68.5,65.0,61.0,57.0,52.0,47.0,42.0,36.5,31.5,26.5,22.0,18.0,14.5,11.5,9.0,7.0,6.0,5.0,4.5,4.5,4.5,4.5,4.5,4.5,4.5,3.5,3.0,2.0,1.5,1.0,0.5,0.0,0.0,0.0,0.5,0.5,0.5,0.5,1.0,1.0,1.0,1.0,1.0,1.0,0.5,0.0,-0.5,-1.0,-1.5,-1.5,-2.0,-2.0,-2.0,-2.0,-1.5,-1.5,-1.0,-0.5,0.0,1.0,1.0,1.5,1.5,1.5,1.0,0.5,0.0,-0.5,-1.0,-1.0,-1.5,-1.5,-1.0,-1.0,-0.5,-0.5,0.0,0.0,0.5,1.0,1.0,1.5,1.0,1.0,1.0,1.0,0.5,0.5,0.0,0.0,-0.5,-0.5,-0.5,-0.5,-0.5,0.0,0.5,1.0,1.0,1.0,1.0,1.0,1.0,1.5,1.5,1.5,1.0,0.5,0.0,-0.5,-1.0,-1.0,-1.0,-1.0,-0.5,-0.5,0.0,0.5,0.5,1.0,1.0,1.5,1.5,1.5,1.5,1.5,1.5,1.0,0.5,0.5,0.0,-0.5,-0.5,-0.5,0.0,0.5,1.0,1.5,2.0,2.0,2.5,2.5,0.0,0.0
30.5,37.5,43.5,50.0,55.5,61.5,66.5,71.5,75.0,78.0,79.0,80.0,80.0,79.5,79.0,77.5,76.0,73.0,69.5,65.0,60.5,55.5,51.0,46.0,41.5,37.0,33.0,29.0,25.5,22.0,18.5,15.0,12.0,9.5,7.5,6.0,5.0,4.0,3.5,3.5,3.5,4.0,4.0,4.0,4.5,4.5,4.0,4.0,3.5,3.0,2.5,2.0,1.5,1.0,1.0,0.5,0.0,0.0,0.0,0.0,0.0,0.5,1.0,2.0,2.5,2.5,2.5,2.5,2.5,2.0,1.5,1.0,0.5,0.0,-0.5,-0.5,-1.0,-1.0,-0.5,-0.5,-0.5,-0.5,-0.5,0.0,0.0,-0.5,-0.5,-0.5,-0.5,-1.0,-1.5,-2.0,-2.5,-3.5,-4.0,-4.0,-4.5,-4.5,-4.5,-4.5,-4.5,-4.0,-3.5,-3.0,-2.5,-2.0,-1.5,-1.0,-0.5,-0.5,-0.5,-1.0,-1.5,-2.5,-3.0,-3.0,-3.0,-3.0,-3.0,-3.0,-3.0,-3.0,-2.5,-2.5,-2.0,-1.5,-1.5,-1.5,-1.5,-1.5,-2.0,-2.0,-2.5,-3.0,-3.5,-4.0,-4.0,-4.5,-4.5,-4.5,-4.5,-4.5,-4.0,-4.0,-3.5,-3.0,-3.0,-2.5,-2.5,-2.5,-2.5,-3.0,-3.5,-3.5,-4.0,-4.5,-4.5,-5.0,-5.0,-5.0,-5.0,-4.5,-4.5,-4.0,-4.0,-3.5,-3.0,-3.0,-2.5,-2.5,-3.0,-3.0,-3.5,-4.0,-4.5,-4.5,-5.0,-5.5,-6.0,-6.0,-6.0,-5.5,-5.0,-4.5,-4.0,-4.0,-3.5,-3.5,-3.5,-3.5,-4.0,-4.0,-4.5,-5.0,-5.5,-6.0,-6.0,-6.0,-6.0,-6.0,-6.0,-6.5,-6.5,-6.5,-6.5,-6.5,-6.0,-6.0,-6.0,-5.5,-5.5,-5.0,-5.0,-5.5,-5.5,-6.0,-6.5,-6.5,-6.5,-6.5,-6.0,-5.5,-5.0,-4.5,-4.0,-3.5,-3.5,-3.5,-3.5,-3.5,-4.0,-4.0,-4.5,-5.0,-5.0,-5.5,-5.5,-5.5,-5.5,-5.5,-5.5,-5.5,-5.0,-4.5,-4.5,-4.0,-4.0,-3.5,-4.0,-4.0,-4.5,-5.5,-6.0,-7.0,-7.5,-8.5,-9.0,-9.5,-9.5,-9.5,-9.0,-8.5,-8.0,-8.0,-7.5,-7.5,-7.0,-7.0,-7.0,-7.0,-7.0,-7.0,-7.0,-7.0,-7.0,-7.0,-7.5,-8.0,-8.0,-8.5,-8.5,-8.5,-8.0,-7.5,-7.0,-6.5,-6.5,-6.0,-6.0,-6.0,-6.5,-6.5,-7.0,-7.5,-8.0,-9.0,-9.5,-10.5,-11.0,-12.0,-12.5,-12.5,-12.5,-12.0,-11.0,-10.0,-8.5,-7.0,-5.5,-4.5,-4.0,-4.0,-4.0,-4.5,-5.0,-5.5,-6.0,-6.0,-6.5,-7.0,0.0,0.0
19.5,19.5,19.0,19.0,18.5,18.5,18.0,17.5,17.5,17.0,17.0,17.0,17.0,17.0,17.5,17.5,18.0,18.0,18.5,19.0,19.0,19.0,19.0,19.0,18.5,18.5,18.5,18.0,18.0,17.5,17.5,17.0,17.0,17.0,17.5,17.5,18.0,18.0,18.0,18.0,18.0,18.0,17.5,17.5,17.0,16.5,16.0,15.5,15.5,15.0,15.0,15.0,15.0,15.0,15.0,15.0,15.5,15.5,15.5,15.5,15.5,15.5,15.5,15.0,15.0,14.5,14.5,14.0,14.0,13.5,13.5,13.0,13.0,12.5,12.5,12.5,13.0,13.0,13.0,13.0,13.0,13.0,13.0,12.5,12.5,12.0,11.5,11.0,11.0,11.0,11.0,11.0,11.5,12.0,12.5,13.0,13.5,14.0,14.5,14.5,14.5,14.0,14.0,13.5,13.5,13.5,13.5,13.5,13.0,13.0,13.0,13.0,13.0,13.5,13.5,13.5,14.0,14.0,14.5,14.5,15.0,15.0,15.5,15.5,15.5,15.5,15.0,15.0,14.5,14.0,13.5,13.5,13.5,13.5,14.0,14.0,14.5,14.5,15.0,15.0,15.0,15.0,15.0,14.5,14.5,14.0,14.0,13.5,13.5,13.5,13.5,13.0,13.0,13.0,13.0,13.5,14.0,14.5,15.0,15.0,15.5,15.5,15.5,15.5,15.0,15.0,14.5,14.0,13.5,13.5,13.0,13.0,13.0,13.5,13.5,14.0,14.0,14.5,14.5,14.5,14.5,14.5,14.5,14.0,14.0,13.5,13.0,12.5,12.5,12.0,12.0,12.0,12.0,12.0,12.0,12.5,13.0,14.0,14.5,15.0,16.0,16.0,16.0,16.0,16.0,15.5,15.0,14.5,14.0,14.0,13.5,13.5,13.5,13.0,13.0,13.0,13.5,13.5,13.5,14.0,14.0,13.5,13.5,13.0,12.5,12.5,12.0,11.5,11.5,11.5,11.5,12.0,12.0,12.5,13.0,13.0,13.5,14.5,15.0,15.5,15.5,15.5,15.5,15.0,14.0,13.5,13.0,12.5,12.0,12.0,11.5,11.5,12.0,12.0,12.5,13.0,13.5,13.5,14.0,14.0,14.5,14.5,14.5,14.5,14.0,14.0,13.5,12.5,12.0,11.5,11.0,11.0,11.0,11.0,11.5,12.0,12.5,13.5,14.0,14.5,14.5,14.5,14.5,14.5,14.5,14.5,14.0,14.0,14.0,13.5,13.5,13.5,13.5,13.5,13.5,13.5,13.0,12.5,12.0,11.5,11.0,10.5,10.0,9.5,10.0,10.0,10.5,11.5,12.5,13.0,14.0,15.0,16.0,16.5,17.0,17.5,18.0,18.0,18.0,18.0,0.0,0.0
6.0,5.5,5.0,4.5,4.5,4.5,4.5,5.0,5.5,5.5,6.0,6.0,6.0,5.5,5.0,4.5,4.0,4.0,4.0,4.0,4.0,3.5,3.5,3.0,3.0,3.0,3.5,3.5,3.5,4.0,4.0,4.5,4.5,4.5,4.5,4.5,4.0,3.5,3.0,2.5,2.0,1.0,1.0,0.5,1.0,1.5,2.0,2.5,3.0,3.0,3.0,3.5,3.5,3.5,3.0,2.5,2.0,1.0,0.5,0.0,-0.5,-0.5,-1.0,-1.5,-1.5,-1.5,-2.0,-2.0,-2.0,-2.0,-2.0,-2.0,-2.5,-2.5,-3.0,-3.0,-3.5,-4.0,-4.0,-4.5,-4.5,-5.0,-5.0,-5.0,-4.5,-4.0,-3.0,-2.0,-0.5,0.5,2.0,2.5,3.0,3.5,3.0,2.5,2.0,1.0,0.5,-0.5,-1.5,-2.5,-3.0,-3.5,-3.5,-3.5,-3.5,-3.0,-2.5,-1.5,-1.0,-1.0,-1.0,-1.0,-1.5,-2.0,-2.5,-3.0,-4.0,-4.5,-5.0,-5.0,-5.0,-4.5,-4.0,-3.5,-3.0,-2.5,-2.0,-1.5,-1.5,-1.5,-1.5,-2.0,-2.5,-2.5,-3.0,-4.0,-4.0,-4.5,-4.5,-5.0,-4.5,-4.5,-4.5,-4.0,-4.0,-4.0,-4.0,-4.0,-4.0,-4.0,-4.0,-3.5,-3.5,-3.5,-4.0,-4.5,-5.0,-5.5,-6.0,-6.0,-6.5,-6.5,-6.5,-6.5,-6.5,-7.0,-7.0,-8.0,-9.0,-10.0,-12.0,-13.5,-16.0,-18.0,-20.0,-21.5,-23.0,-24.5,-25.5,-26.0,-26.0,-25.0,-23.5,-20.5,-17.0,-12.5,-7.5,-1.5,5.5,12.5,20.0,27.0,33.5,39.5,45.0,50.5,55.5,60.5,65.0,69.0,71.5,73.0,74.0,74.5,74.5,74.5,73.5,72.0,69.0,66.0,62.0,57.5,52.5,47.5,42.0,37.0,31.5,26.5,22.0,18.0,14.0,10.5,7.5,4.5,2.5,1.0,0.5,0.0,0.0,-0.5,-0.5,-1.0,-1.5,-2.0,-2.5,-2.5,-3.0,-3.5,-3.5,-4.0,-4.5,-4.0,-4.0,-3.5,-3.0,-2.5,-2.5,-2.0,-2.0,-2.5,-3.0,-3.0,-3.5,-4.0,-4.5,-5.0,-5.5,-5.5,-5.5,-5.5,-5.5,-5.5,-5.5,-5.5,-5.0,-5.0,-5.0,-4.5,-4.5,-5.0,-5.0,-5.0,-5.5,-5.5,-6.0,-6.5,-7.0,-7.0,-7.0,-7.0,-7.0,-7.0,-6.5,-6.0,-5.5,-4.5,-3.5,-3.0,-2.5,-2.0,-2.0,-2.0,-2.0,-2.5,-2.5,-3.0,-3.0,-3.5,-4.0,-4.0,-4.5,-5.0,-5.0,-5.0,-5.0,-4.5,-4.0,-4.0,-4.0,-4.0,-3.5,-3.5,-4.0,-4.0,-4.5,-5.0,-5.0,-5.5,0.0,0.0
51.5,51.5,52.0,52.0,52.5,52.5,52.5,52.5,52.5,52.5,52.5,52.5,52.0,51.5,51.0,50.5,50.0,49.5,49.5,49.0,49.0,49.5,49.5,50.0,50.5,50.5,51.0,51.0,51.0,51.0,51.0,50.5,50.0,49.5,49.0,48.5,48.0,48.0,47.5,47.5,48.0,48.0,48.5,48.5,49.0,49.0,49.5,49.5,50.0,50.0,49.5,49.5,49.0,48.5,48.0,48.0,47.5,47.0,47.0,47.0,47.0,47.0,47.5,47.5,48.0,48.5,49.0,49.5,49.5,49.5,49.0,48.5,48.0,47.5,47.0,47.0,46.5,46.0,46.0,45.5,45.5,45.5,45.5,45.5,45.5,45.5,46.0,46.5,46.5,47.0,47.0,47.0,47.0,46.5,46.5,46.5,46.0,46.0,46.0,45.5,45.5,45.5,45.0,45.5,45.5,45.5,46.0,46.0,46.0,46.5,46.5,47.0,47.0,47.0,47.0,46.5,46.5,46.0,45.5,45.5,45.5,45.5,45.5,45.5,46.0,46.5,46.5,47.0,47.0,47.0,46.5,46.5,46.0,45.5,45.5,45.0,45.5,45.5,45.5,45.5,46.0,46.0,46.0,46.0,46.0,46.5,46.5,46.5,46.0,46.0,46.0,45.5,45.0,44.5,44.0,43.5,43.5,43.5,44.0,44.0,44.5,44.5,45.0,45.0,45.5,46.0,46.5,46.5,47.0,47.0,47.0,47.0,46.5,46.5,46.5,46.0,46.0,45.5,45.5,46.0,46.0,46.5,47.0,48.0,48.5,49.0,49.5,49.5,49.5,49.5,49.0,49.0,48.5,48.5,48.0,47.5,47.0,47.0,46.5,46.5,46.5,46.5,47.0,47.0,47.5,47.5,48.0,48.0,48.0,48.5,48.0,48.0,47.5,47.0,46.5,46.0,45.5,45.0,44.5,44.0,44.0,44.0,44.5,44.5,45.0,45.0,45.5,45.5,45.5,45.5,46.0,45.5,45.5,45.0,45.0,44.5,44.5,44.5,44.5,44.5,45.0,45.0,45.0,45.0,45.5,45.5,46.0,46.0,46.5,46.5,46.5,46.5,46.5,46.0,45.5,45.5,45.0,45.0,45.0,45.0,45.0,45.0,45.5,46.0,46.5,47.0,47.5,47.5,47.5,47.5,47.5,47.5,47.0,46.5,45.5,44.5,43.5,42.5,41.5,40.5,40.0,39.5,40.0,41.0,42.0,43.5,45.0,46.5,47.5,48.5,49.0,49.5,50.0,50.0,50.0,50.0,49.5,49.0,48.5,47.5,47.0,47.0,46.5,46.5,47.0,47.0,47.0,47.0,46.5,46.0,45.0,44.5,44.0,43.5,43.0,42.5,42.5,42.5,42.5,43.0,0.0,0.0
50.0,49.5,49.0,49.0,48.5,48.5,48.5,49.0,49.5,50.0,50.5,51.0,51.0,51.0,51.0,51.0,51.0,50.5,50.5,50.0,49.5,49.5,49.0,49.0,49.0,49.0,49.5,49.5,50.0,50.5,51.0,51.5,51.5,52.0,52.0,52.0,52.0,52.0,51.5,51.0,50.5,50.5,50.0,49.5,49.0,49.0,49.0,49.0,49.5,50.0,50.5,50.5,50.5,50.5,50.5,50.5,50.0,50.0,49.5,49.0,49.0,48.5,48.5,48.5,48.5,48.5,48.5,49.0,49.5,49.5,50.0,50.5,51.0,51.5,51.5,51.5,51.0,50.5,50.0,49.0,48.5,48.0,48.0,47.5,47.5,47.0,47.0,47.5,47.5,47.5,48.0,48.0,48.5,48.5,49.0,49.0,48.5,48.5,48.0,47.5,47.5,47.0,47.0,46.5,46.5,46.0,46.0,46.5,47.0,47.5,47.5,48.0,48.5,48.5,48.5,49.0,49.0,49.0,48.5,48.0,47.5,47.5,47.0,47.0,47.0,47.0,47.0,47.0,46.5,46.5,46.0,46.0,45.5,45.5,45.0,44.5,44.5,44.0,44.0,43.5,43.0,43.0,43.0,43.0,43.5,44.0,44.5,45.0,46.0,46.5,47.5,48.5,49.5,50.0,50.5,51.0,51.0,51.5,51.5,51.5,51.5,51.5,51.0,51.0,51.0,51.0,51.5,51.5,52.0,52.0,52.5,52.0,52.0,52.0,52.0,52.0,52.0,52.0,51.5,51.5,51.0,50.5,50.0,50.0,50.0,50.0,50.5,50.5,51.0,51.5,52.0,52.0,52.5,52.5,53.0,53.0,53.0,52.5,52.5,52.0,51.5,51.5,51.0,50.5,50.5,50.5,51.0,51.5,52.0,52.5,52.5,53.0,53.0,53.0,53.0,53.0,52.5,52.5,52.5,52.0,52.0,52.0,52.0,51.5,51.5,52.0,52.0,52.0,52.5,53.0,53.5,54.0,54.5,54.5,55.0,55.0,54.5,54.0,53.5,52.5,51.5,50.0,48.5,46.5,44.5,42.5,40.0,38.0,36.5,35.5,35.0,35.0,35.5,35.5,36.5,38.0,39.5,42.0,45.5,49.0,53.5,59.0,65.0,72.0,79.0,85.5,92.5,98.5,105.0,111.0,117.0,122.5,127.5,131.5,134.5,136.5,137.5,138.0,137.5,136.5,134.0,131.0,127.5,123.5,118.5,114.0,108.5,103.5,98.0,93.0,88.0,84.0,79.5,75.5,72.0,68.5,65.5,63.0,60.5,59.0,57.5,56.5,56.0,55.5,55.0,55.0,55.5,56.0,56.0,56.5,56.5,56.5,56.5,56.5,56.5,56.5,56.0,56.0,55.5,55.0,0.0,0.0
12.5,12.0,12.0,11.5,11.5,11.5,11.5,11.5,12.0,12.5,13.0,13.0,13.0,13.0,13.0,13.0,12.5,12.0,11.5,11.0,11.0,10.5,10.5,10.0,10.0,10.5,10.5,11.0,11.5,11.5,12.0,12.0,12.0,12.0,11.5,11.5,11.5,11.0,11.0,10.5,10.5,10.5,10.5,10.5,11.0,11.0,11.0,11.0,11.0,11.5,11.5,12.0,12.0,12.5,13.0,13.0,13.0,12.5,12.5,12.0,11.5,11.5,11.0,11.0,11.0,11.0,11.0,11.5,11.5,12.0,12.0,12.5,12.5,12.5,12.5,12.0,11.5,11.0,10.5,10.0,9.5,9.5,9.0,9.0,9.5,9.5,10.0,10.5,11.0,11.5,12.0,13.0,13.5,14.0,14.0,14.0,14.0,13.5,13.0,12.0,11.5,11.0,11.0,11.0,11.0,11.5,12.0,12.0,12.5,12.5,12.5,12.5,12.5,12.5,12.5,12.0,12.0,12.0,12.0,11.5,11.5,11.5,11.5,11.0,11.5,11.5,12.0,12.5,13.0,13.5,14.0,14.5,15.0,15.0,15.0,15.0,14.5,14.5,14.0,13.5,13.0,12.5,12.0,12.0,12.0,12.5,13.0,13.5,14.0,14.5,14.5,14.5,14.5,14.0,14.0,14.0,13.5,13.5,13.0,13.0,12.5,12.5,12.5,12.5,12.5,13.0,13.0,13.5,14.0,14.5,14.5,15.0,15.0,15.0,15.5,15.5,15.5,15.0,15.0,15.0,15.0,14.5,14.5,14.5,15.0,15.0,15.5,16.0,16.5,16.5,17.0,17.5,17.5,17.5,17.5,17.5,17.0,17.0,16.5,16.0,15.5,15.0,15.0,14.5,14.5,14.5,14.5,14.5,15.0,15.5,16.0,16.0,16.0,16.0,16.0,15.5,15.5,15.0,15.0,14.5,14.5,14.5,14.5,14.5,14.5,14.5,14.5,15.0,15.5,16.0,16.5,17.0,17.0,17.5,17.5,17.5,17.5,17.0,16.5,16.0,16.0,16.0,16.0,16.0,16.0,16.0,16.5,16.5,16.5,17.0,17.0,17.5,18.0,18.0,18.0,18.0,18.0,17.5,16.5,16.0,16.0,15.5,15.5,15.5,16.0,16.0,16.5,17.0,17.5,18.0,18.5,19.0,19.5,20.0,20.0,19.5,19.0,19.0,18.5,18.0,18.0,18.0,18.0,18.0,18.0,18.0,18.5,18.5,18.5,19.0,19.0,19.0,19.0,19.0,19.0,18.5,18.5,18.5,18.0,18.0,18.0,17.5,17.5,17.5,17.5,18.0,18.5,19.0,19.5,20.0,20.5,21.0,21.0,21.5,21.5,21.5,21.5,21.5,21.0,21.0,0.0,0.0
49.5,49.0,48.5,48.0,47.5,47.0,47.0,46.5,46.5,46.5,46.5,47.0,47.0,47.0,47.0,47.5,47.5,47.5,47.5,47.5,47.5,47.5,47.5,47.5,47.5,47.5,47.5,47.5,47.5,47.5,47.5,47.5,47.5,48.0,48.5,48.5,48.0,47.5,46.5,46.0,45.0,44.0,43.0,42.0,41.5,41.5,41.5,42.5,43.5,45.0,46.0,47.5,48.5,49.5,50.0,50.5,50.5,50.5,50.0,49.5,49.0,48.5,47.5,47.0,46.0,45.5,45.0,45.0,44.5,44.5,44.5,44.5,45.0,45.0,45.5,45.5,46.0,46.5,46.5,46.5,46.5,46.0,46.0,45.5,45.5,45.5,45.0,45.0,45.0,45.0,45.5,46.0,46.5,47.5,48.0,48.5,48.5,49.0,49.0,49.0,49.0,49.0,49.0,49.0,48.5,48.5,48.0,48.0,48.0,47.5,47.5,48.0,48.0,48.5,48.5,48.5,49.0,49.0,49.0,49.0,49.0,48.5,48.0,47.5,47.0,46.5,46.5,46.0,46.0,46.0,46.0,46.5,46.5,47.0,47.5,48.0,48.0,48.5,48.5,48.0,47.5,47.0,46.5,46.0,45.5,45.5,45.0,45.0,44.5,45.0,45.0,45.5,46.0,46.5,46.5,46.5,46.5,46.5,46.5,46.5,46.0,45.5,45.0,45.0,44.5,44.5,44.0,44.0,44.0,44.5,44.5,44.5,44.5,45.0,45.0,45.0,45.5,46.0,46.0,46.0,46.0,45.5,45.0,44.5,44.0,43.5,43.0,42.5,42.5,42.5,43.0,43.0,43.5,43.5,44.0,44.5,44.5,45.0,45.5,45.5,45.5,45.5,45.0,45.0,44.5,44.5,44.5,44.5,44.0,44.0,44.0,44.5,44.5,45.0,45.5,46.0,46.5,47.0,47.5,47.5,47.5,47.0,47.0,47.0,46.5,46.5,46.5,46.0,46.0,46.5,46.5,47.0,47.0,47.0,47.0,47.0,47.0,47.0,47.0,47.5,47.5,47.5,47.0,47.0,47.0,46.5,46.5,46.5,46.5,47.0,47.0,47.5,48.0,48.0,48.5,48.5,49.0,49.0,49.5,49.5,49.5,49.5,49.0,48.5,48.5,48.0,47.5,47.5,48.0,48.0,48.5,48.5,49.0,49.0,48.5,48.5,48.0,48.0,48.0,48.0,48.0,47.5,47.5,47.5,47.0,47.0,47.0,47.0,47.0,47.5,47.5,48.0,48.0,48.0,48.5,48.5,48.5,49.0,49.0,49.5,49.5,49.0,49.0,48.5,48.0,47.5,47.5,47.5,47.5,47.5,48.0,48.0,48.5,48.5,48.5,48.0,48.0,48.0,48.0,48.0,0.0,0.0
43.5,47.5,52.5,58.0,64.0,71.0,78.0,85.0,91.5,97.5,103.5,109.0,114.5,119.5,124.0,128.0,131.0,133.0,134.0,134.5,134.5,134.0,132.5,130.5,127.5,124.0,120.0,116.0,111.5,107.0,102.5,97.5,93.0,88.0,83.0,78.5,74.0,70.0,66.0,63.0,60.5,58.5,57.5,56.5,56.5,56.0,56.5,56.5,57.0,57.5,57.5,57.5,57.5,57.5,57.5,57.5,57.0,57.0,56.5,56.0,55.5,54.5,54.0,53.5,53.0,53.0,53.5,53.5,54.0,54.0,54.5,54.5,55.0,55.0,54.5,54.5,54.0,53.5,53.0,52.5,52.0,52.0,51.5,51.5,51.5,51.5,52.0,52.5,52.5,53.0,53.0,53.0,53.0,52.5,52.5,52.5,52.0,52.0,51.5,51.5,51.0,51.0,51.0,51.0,51.5,52.0,52.5,53.0,53.5,53.5,53.5,53.5,53.5,53.5,53.0,53.0,53.0,52.5,52.0,52.0,51.5,51.0,51.0,51.0,51.0,51.0,51.5,51.5,52.0,52.5,52.5,53.0,53.5,53.0,53.0,52.5,51.5,51.5,51.0,50.5,50.5,50.5,50.5,50.5,51.0,51.5,52.0,53.0,53.0,53.5,54.0,54.5,54.5,54.5,54.5,54.5,54.0,54.0,53.5,53.0,52.5,52.0,52.0,52.0,52.0,52.5,52.5,53.0,53.5,54.0,54.5,54.5,55.0,55.0,54.5,54.0,54.0,53.5,53.0,53.0,52.5,52.0,52.0,52.0,52.5,52.5,53.0,53.5,54.0,54.5,55.0,55.0,55.0,55.5,55.5,55.0,55.0,54.5,54.0,54.0,53.5,53.5,53.5,53.5,53.5,53.5,54.0,54.0,54.5,54.5,55.0,55.0,55.0,55.0,54.5,54.0,53.5,53.5,53.0,53.0,53.0,53.0,53.0,53.0,53.0,53.5,53.5,54.0,54.5,54.5,55.0,55.0,55.0,55.0,55.0,55.0,54.5,54.0,54.0,53.5,53.5,53.5,54.0,54.0,54.0,54.5,54.5,54.5,54.5,54.5,54.5,54.0,53.5,53.0,52.0,51.0,50.0,49.0,48.0,47.0,47.0,47.5,48.0,49.5,51.0,52.5,53.5,54.5,55.5,56.0,56.0,56.0,56.5,56.5,56.0,55.5,55.0,54.0,53.0,52.0,51.0,50.5,49.5,49.5,49.5,49.5,50.0,50.5,51.0,52.0,52.0,52.5,52.5,52.5,52.5,52.5,52.5,52.5,52.5,52.5,52.5,52.0,52.0,52.0,52.0,52.0,52.5,53.0,53.5,53.5,54.0,54.0,54.0,54.0,54.0,54.0,54.0,53.5,53.5,53.0,0.0,0.0
-13.5,-13.5,-13.5,-13.5,-13.0,-13.0,-13.0,-12.5,-12.5,-12.0,-12.0,-11.5,-11.5,-11.5,-12.0,-12.0,-11.5,-11.5,-11.0,-10.5,-10.0,-9.5,-8.5,-8.0,-7.5,-7.0,-6.5,-6.5,-6.5,-6.5,-6.5,-6.5,-7.0,-7.0,-7.5,-8.0,-8.0,-8.5,-8.5,-9.0,-9.0,-9.0,-8.5,-8.5,-8.0,-7.5,-7.0,-6.5,-6.0,-6.0,-5.5,-5.5,-5.5,-6.0,-6.0,-6.5,-7.0,-7.0,-7.0,-7.5,-7.5,-7.5,-7.0,-7.0,-6.5,-6.0,-5.5,-5.5,-5.0,-5.5,-5.5,-5.5,-6.0,-6.0,-6.5,-6.5,-7.0,-7.5,-8.0,-8.0,-8.0,-8.0,-8.0,-7.5,-7.0,-6.5,-6.0,-5.5,-6.0,-6.0,-6.0,-6.5,-6.5,-7.0,-7.5,-8.0,-8.5,-9.5,-10.0,-11.0,-11.5,-12.5,-13.5,-15.0,-16.5,-18.5,-20.5,-22.0,-23.5,-25.0,-26.0,-26.5,-26.5,-26.5,-26.5,-25.5,-24.0,-22.0,-19.0,-14.5,-9.5,-4.0,3.0,10.5,18.0,25.5,32.0,38.5,45.0,51.0,57.0,62.5,67.5,71.0,73.5,75.5,76.5,77.0,76.5,76.0,74.0,71.5,67.5,63.0,58.5,53.5,48.5,43.5,38.5,34.0,29.0,24.5,20.0,16.0,12.5,9.0,5.5,3.0,0.5,-1.0,-2.0,-3.0,-3.0,-3.0,-2.5,-2.0,-2.0,-2.0,-2.0,-2.0,-2.0,-2.5,-3.0,-3.5,-4.0,-4.5,-5.0,-5.5,-6.0,-6.5,-6.5,-7.0,-7.0,-6.5,-6.5,-6.0,-6.0,-6.0,-6.0,-6.0,-6.0,-6.0,-6.0,-6.5,-6.5,-7.0,-7.0,-7.5,-8.0,-8.0,-8.5,-8.5,-8.5,-8.0,-7.5,-7.0,-6.5,-6.0,-5.5,-5.5,-5.5,-6.0,-6.0,-6.5,-7.0,-7.5,-8.0,-8.5,-9.0,-9.0,-9.0,-9.0,-8.5,-8.5,-8.0,-8.0,-7.5,-7.0,-7.0,-7.0,-7.0,-7.0,-7.0,-7.0,-7.0,-7.5,-7.0,-7.0,-7.0,-7.0,-6.5,-6.5,-6.0,-5.5,-5.0,-4.5,-4.5,-4.0,-4.0,-4.0,-4.0,-4.0,-4.0,-4.5,-4.5,-5.0,-5.0,-5.5,-5.5,-6.0,-6.0,-6.0,-5.5,-5.5,-5.0,-4.5,-4.0,-4.0,-4.0,-3.5,-3.5,-3.5,-4.0,-4.5,-4.5,-5.0,-5.5,-5.5,-6.0,-6.0,-6.0,-6.0,-6.0,-5.5,-5.5,-5.0,-5.0,-4.5,-4.5,-4.0,-4.0,-4.0,-4.0,-4.5,-4.5,-4.5,-4.5,-4.5,-4.5,-4.5,-4.5,-4.0,-3.5,-3.5,-3.0,-3.0,-2.5,-2.5,-3.0,-3.0,-3.0,-3.0,-3.0,-3.5,-3.5,-4.0,-4.5,-5.0,-5.0,-5.5,0.0,0.0
1.0,1.0,0.5,0.5,1.0,1.0,1.5,2.0,2.0,2.0,2.5,2.5,2.5,2.0,1.5,1.5,1.0,0.5,0.5,0.5,0.5,0.5,1.0,1.5,2.0,2.5,3.0,3.5,3.5,3.5,3.5,3.5,3.0,2.5,2.5,2.0,1.0,0.5,0.0,0.0,-0.5,-0.5,-0.5,-0.5,-0.5,0.0,0.0,0.0,0.0,0.0,0.0,-0.5,-0.5,-1.0,-1.0,-1.5,-1.5,-2.0,-2.5,-2.5,-2.5,-2.5,-2.5,-2.5,-2.0,-2.0,-1.5,-1.0,-1.0,-0.5,0.0,0.5,0.5,0.0,-0.5,-1.0,-1.5,-2.0,-2.5,-2.5,-2.5,-2.5,-2.0,-1.5,-1.0,-0.5,0.0,0.5,0.5,0.5,1.0,1.5,1.5,1.5,1.5,1.5,1.5,1.5,1.5,1.0,1.0,1.0,1.0,1.0,0.5,0.5,0.5,1.0,1.0,1.0,1.5,1.0,1.0,1.0,0.5,0.0,-0.5,-1.0,-1.0,-1.5,-2.0,-2.0,-2.0,-2.0,-2.0,-2.0,-2.0,-2.0,-1.5,-1.5,-1.0,-1.0,-1.0,-1.0,-1.0,-1.0,-1.5,-1.5,-2.0,-2.0,-2.5,-2.5,-2.5,-2.5,-2.0,-2.0,-1.5,-1.0,-0.5,-0.5,-0.5,-0.5,-0.5,-0.5,-0.5,-1.0,-1.0,-1.0,-1.5,-1.5,-1.5,-1.5,-1.5,-1.5,-1.5,-1.0,-1.0,0.0,0.5,1.0,1.5,1.5,1.5,1.5,1.5,1.0,1.0,0.5,0.0,-0.5,-0.5,-0.5,-0.5,-0.5,0.0,1.0,1.5,2.0,2.5,3.0,3.0,3.0,3.0,2.5,2.0,1.5,1.5,1.0,1.0,0.5,0.5,0.0,0.0,0.0,0.5,0.5,1.0,1.0,1.0,1.5,2.0,2.0,2.5,3.0,3.0,3.0,2.5,2.5,2.5,2.0,2.0,2.0,2.0,2.0,2.0,2.5,2.5,3.0,3.0,3.5,3.5,4.0,4.0,4.0,3.5,3.5,3.0,2.5,2.5,2.0,2.0,2.0,2.5,2.5,3.0,3.0,3.5,4.0,4.0,4.5,5.0,5.0,5.0,5.0,4.5,4.5,4.0,3.5,3.0,3.0,2.5,2.5,2.5,3.0,3.0,3.5,4.0,4.5,5.0,5.5,6.0,6.5,7.0,7.0,7.0,6.5,6.0,5.0,4.5,4.0,4.0,4.5,5.0,5.5,6.0,6.5,7.0,7.0,7.0,7.5,7.5,8.0,8.0,7.5,7.5,7.0,6.5,5.5,5.0,5.0,5.0,5.0,5.0,5.5,6.0,6.5,7.0,7.5,8.0,8.5,8.5,8.5,8.0,7.5,7.0,6.5,5.5,5.5,5.0,5.0,0.0,0.0
57.5,57.5,57.5,58.0,58.5,59.0,59.0,59.5,59.5,59.5,60.0,60.0,60.0,60.0,60.0,59.5,59.0,59.0,58.5,58.5,58.0,58.0,57.5,57.5,57.5,57.5,57.5,58.0,58.0,58.5,59.0,59.0,59.5,59.5,59.5,59.0,59.0,58.5,58.0,57.5,57.0,56.5,56.5,56.5,56.5,57.0,57.0,57.5,57.5,57.5,57.5,57.5,57.5,57.0,57.0,56.5,56.0,55.5,55.5,55.0,55.0,54.5,53.5,53.0,52.0,50.5,49.5,48.0,46.5,44.5,43.0,41.0,39.5,38.5,38.0,37.5,37.5,38.0,39.0,41.0,43.5,47.5,52.5,58.0,64.0,71.0,78.0,85.0,91.5,97.5,103.5,109.0,114.5,119.5,124.0,128.0,131.0,133.0,134.0,134.5,134.5,134.0,132.5,130.5,127.5,124.0,120.0,116.0,111.5,107.0,102.5,97.5,93.0,88.0,83.0,78.5,74.0,70.0,66.0,63.0,60.5,58.5,57.5,56.5,56.5,56.0,56.5,56.5,57.0,57.5,57.5,57.5,57.5,57.5,57.5,57.5,57.0,57.0,56.5,56.0,55.5,54.5,54.0,53.5,53.0,53.0,53.5,53.5,54.0,54.0,54.5,54.5,55.0,55.0,54.5,54.5,54.0,53.5,53.0,52.5,52.0,52.0,51.5,51.5,51.5,51.5,52.0,52.5,52.5,53.0,53.0,53.0,53.0,52.5,52.5,52.5,52.0,52.0,51.5,51.5,51.0,51.0,51.0,51.0,51.5,52.0,52.5,53.0,53.5,53.5,53.5,53.5,53.5,53.5,53.0,53.0,53.0,52.5,52.0,52.0,51.5,51.0,51.0,51.0,51.0,51.0,51.5,51.5,52.0,52.5,52.5,53.0,53.5,53.0,53.0,52.5,51.5,51.5,51.0,50.5,50.5,50.5,50.5,50.5,51.0,51.5,52.0,53.0,53.0,53.5,54.0,54.5,54.5,54.5,54.5,54.5,54.0,54.0,53.5,53.0,52.5,52.0,52.0,52.0,52.0,52.5,52.5,53.0,53.5,54.0,54.5,54.5,55.0,55.0,54.5,54.0,54.0,53.5,53.0,53.0,52.5,52.0,52.0,52.0,52.5,52.5,53.0,53.5,54.0,54.5,55.0,55.0,55.0,55.5,55.5,55.0,55.0,54.5,54.0,54.0,53.5,53.5,53.5,53.5,53.5,53.5,54.0,54.0,54.5,54.5,55.0,55.0,55.0,55.0,54.5,54.0,53.5,53.5,53.0,53.0,53.0,53.0,53.0,53.0,53.0,53.5,53.5,54.0,54.5,54.5,55.0,55.0,55.0,55.0,55.0,55.0,54.5,54.0,54.0,53.5,0.0,0.0
16.5,16.0,15.0,14.5,13.5,13.5,13.5,13.0,13.0,13.0,13.0,12.5,12.5,12.5,12.5,13.0,13.0,13.0,13.5,13.5,13.5,13.0,13.0,12.5,12.0,11.5,11.0,10.5,10.5,10.5,10.5,11.0,11.5,12.0,12.5,12.5,13.0,13.0,12.5,12.5,12.0,11.5,11.0,10.0,9.0,8.5,8.0,7.5,6.5,6.0,6.0,5.5,5.5,6.0,6.5,6.5,7.0,7.0,7.0,7.0,7.0,6.5,6.0,5.5,5.5,5.0,5.0,5.0,5.0,5.5,6.0,6.5,7.0,7.5,8.0,9.0,9.5,9.5,10.0,9.5,9.5,9.5,9.0,8.5,8.0,8.0,7.5,7.5,7.0,6.5,6.5,6.0,6.0,6.0,6.0,6.5,6.5,7.0,7.5,7.5,7.5,7.0,7.0,6.5,6.5,6.5,6.0,6.0,6.0,5.5,6.0,6.0,6.0,6.5,6.5,6.5,6.5,6.5,6.5,6.0,6.0,6.0,6.0,5.5,5.5,5.5,5.5,5.5,5.5,5.5,5.5,5.5,6.0,6.0,6.5,7.0,7.5,7.5,7.5,7.5,7.5,7.0,6.5,6.0,6.0,5.5,5.0,5.0,5.0,5.0,5.0,4.5,3.5,2.5,1.5,0.0,-1.5,-3.0,-5.0,-7.0,-9.0,-11.0,-12.0,-13.0,-13.5,-13.5,-13.0,-12.5,-11.0,-8.5,-5.5,-1.5,3.5,9.0,15.5,22.0,29.5,36.5,43.0,49.5,55.5,61.0,66.0,70.5,74.5,78.0,80.0,81.5,82.0,82.0,82.0,81.0,80.0,78.0,75.0,71.5,67.5,63.0,58.5,53.5,48.5,43.5,38.5,34.0,29.5,25.5,22.0,19.0,16.0,13.5,11.5,10.0,9.5,9.5,9.5,9.5,9.5,10.0,10.0,10.5,10.0,9.5,9.0,8.5,8.0,7.5,7.0,6.5,6.0,6.0,6.0,6.0,6.0,6.5,6.5,6.5,6.5,7.0,7.0,7.5,7.5,7.5,7.0,6.5,6.0,5.5,5.5,5.0,5.0,5.0,5.5,5.5,6.0,6.0,6.5,6.5,6.5,6.5,6.5,6.0,5.5,5.0,5.0,4.5,4.5,4.5,4.5,4.5,4.5,4.5,4.5,4.5,4.5,5.0,5.5,5.5,6.0,6.0,6.0,6.0,6.0,6.0,6.0,5.5,5.0,4.5,4.0,4.0,4.0,4.5,4.5,5.0,5.0,5.0,5.0,5.5,5.0,5.0,5.0,5.0,5.0,5.0,4.5,4.5,4.0,3.5,3.5,3.0,3.0,3.0,3.0,3.5,4.0,4.5,5.0,5.5,5.5,6.0,5.5,5.5,0.0,0.0
14.0,12.0,9.5,7.5,5.5,4.0,2.5,1.5,1.0,0.5,0.5,1.5,3.0,5.0,7.5,11.5,15.5,20.5,26.0,31.5,38.0,44.5,50.5,56.0,61.5,67.0,72.0,77.5,82.0,86.5,90.0,92.5,94.0,95.0,95.0,95.0,94.5,93.0,90.5,87.5,83.5,79.0,74.5,69.0,64.0,59.0,54.0,49.0,44.5,40.5,37.0,34.0,31.0,28.5,26.0,24.5,23.0,21.5,21.0,20.5,20.0,19.5,19.0,18.5,18.5,18.0,18.0,17.5,17.0,17.0,17.0,17.0,17.0,17.5,17.5,17.5,17.5,17.5,17.0,17.0,16.5,16.0,15.5,15.0,14.5,14.5,14.0,14.0,14.5,15.0,15.5,16.0,16.0,16.5,16.5,16.0,16.0,15.5,15.0,14.5,14.0,14.0,13.5,13.0,12.5,12.5,12.0,12.0,12.0,12.0,12.0,12.5,13.0,13.5,13.5,14.0,14.5,14.5,14.0,14.0,13.5,13.0,13.0,12.0,11.5,11.5,11.5,11.5,11.5,12.0,13.0,13.5,14.0,14.5,15.0,15.5,16.0,16.0,16.0,16.0,15.5,15.0,15.0,15.0,15.0,15.0,15.0,15.0,15.0,15.5,15.5,15.5,15.5,16.0,16.0,16.0,16.0,15.5,15.5,15.0,14.5,14.0,13.5,13.5,13.0,13.0,12.5,12.5,13.0,13.0,14.0,14.5,15.5,16.0,16.0,16.0,16.0,16.0,16.0,15.5,15.5,15.5,15.0,15.0,15.0,15.0,15.0,15.0,15.0,15.0,15.0,15.0,15.5,15.5,16.0,16.0,16.0,16.0,15.5,15.5,15.0,14.0,13.5,13.0,12.5,12.0,11.5,11.5,12.0,12.0,12.5,13.0,13.0,13.5,13.5,13.5,14.0,14.0,14.0,13.5,13.5,13.0,13.0,13.0,13.0,13.5,13.5,14.0,14.0,14.5,15.0,15.0,15.0,15.0,15.0,15.0,14.5,14.5,14.5,14.0,14.0,14.0,13.5,13.5,13.5,13.5,13.5,14.0,14.0,14.5,15.0,15.5,16.0,16.0,16.5,16.5,17.0,17.0,17.0,16.5,16.0,15.0,14.5,13.5,13.0,12.5,12.0,12.0,12.5,12.5,12.5,13.0,13.0,13.5,13.5,14.0,14.0,13.5,13.0,12.5,12.0,11.5,11.5,11.5,11.5,12.0,12.5,13.0,13.5,13.5,14.0,14.0,14.0,14.0,14.0,14.5,14.5,14.5,14.5,14.5,14.0,13.5,13.5,13.5,13.0,13.0,13.5,13.5,13.5,14.0,14.0,14.0,14.0,14.0,13.5,13.0,12.5,11.5,10.5,10.0,0.0,0.0
2.0,2.5,2.5,2.5,2.5,3.0,3.0,2.5,2.5,2.0,2.0,2.0,2.0,2.0,2.0,2.0,2.0,2.0,1.5,1.0,1.0,0.5,1.0,1.5,2.0,2.5,3.5,4.0,4.5,5.0,5.5,6.0,6.5,7.0,7.5,7.5,8.0,8.0,8.0,8.0,7.5,6.5,6.0,5.5,4.5,4.0,3.5,3.0,3.0,3.0,3.5,4.0,4.5,5.0,5.5,6.0,6.5,6.5,6.5,6.5,6.5,6.0,5.5,5.5,5.0,4.5,4.5,4.5,4.5,4.0,3.5,3.5,3.5,4.0,4.5,5.0,5.5,6.0,6.0,6.0,6.0,5.5,5.5,5.0,4.5,4.0,3.5,3.0,2.5,2.5,2.5,2.5,2.5,3.0,3.5,4.5,5.0,5.5,6.0,6.0,6.0,6.0,5.5,5.5,5.0,4.5,4.5,4.5,4.5,4.5,4.5,5.0,5.0,5.5,5.5,6.0,6.0,6.5,6.5,6.5,6.5,6.0,6.0,5.5,5.5,5.5,5.5,5.5,5.5,5.5,5.5,5.5,5.5,6.0,6.0,6.5,6.5,7.0,7.0,7.0,7.5,7.5,7.5,7.5,7.0,6.5,6.0,5.5,5.5,5.5,6.0,6.0,6.5,6.5,7.0,7.5,8.0,8.0,8.5,9.0,9.0,9.0,9.0,8.5,8.0,8.0,7.5,7.0,7.0,6.5,6.5,6.5,7.0,7.0,7.5,7.5,8.0,8.5,8.5,9.0,9.5,9.5,9.5,9.5,9.0,8.5,8.0,7.5,7.0,7.0,7.0,7.0,7.5,8.0,8.5,9.0,10.0,10.5,10.5,11.0,11.0,11.0,11.0,10.5,10.5,10.0,10.0,9.5,9.5,9.5,9.0,9.0,9.0,9.0,9.5,9.5,10.0,10.0,10.5,10.5,10.5,10.0,10.0,9.5,9.5,9.0,8.5,8.5,8.0,7.5,7.0,7.0,7.0,7.0,7.5,8.0,8.5,9.0,9.5,10.0,10.0,10.5,10.5,11.0,11.0,11.0,11.0,11.5,11.5,12.0,12.5,12.5,13.0,13.0,13.5,13.5,13.5,14.0,14.0,14.5,14.5,14.5,14.5,14.0,13.0,12.5,11.5,11.0,10.5,10.5,10.5,10.5,11.0,11.5,12.0,12.5,13.0,13.5,14.0,14.0,14.5,14.5,14.0,13.5,13.0,12.5,12.0,11.5,11.0,11.0,11.0,11.0,11.5,11.5,12.0,12.5,13.0,13.5,14.0,14.0,14.5,14.5,14.5,14.5,14.5,14.0,14.0,13.5,13.5,13.5,13.5,14.0,14.5,15.0,15.5,16.0,16.0,16.5,16.5,16.5,0.0,0.0
70.0,70.0,69.5,69.5,69.0,69.0,69.0,69.0,69.5,69.5,69.5,70.0,70.0,70.0,69.5,69.0,68.0,67.0,66.0,65.0,64.5,64.0,64.0,64.0,65.0,66.5,67.5,69.0,70.5,72.0,73.0,74.5,75.0,75.5,76.0,76.0,75.5,75.5,74.5,73.5,72.5,71.5,70.5,70.0,69.5,69.0,69.0,69.0,69.0,69.5,69.5,69.5,69.5,69.5,69.5,69.5,69.5,69.5,69.0,68.5,68.0,67.5,67.0,66.5,66.5,66.5,66.5,66.5,67.0,67.0,67.5,68.0,68.5,69.0,69.0,69.5,69.5,69.5,69.5,69.0,68.5,68.5,68.0,67.5,67.5,67.5,67.5,68.0,68.0,68.5,69.0,69.5,69.5,70.0,70.0,70.0,70.0,70.0,70.0,69.5,69.0,68.5,68.0,67.5,67.5,67.5,67.5,68.0,68.5,69.0,69.5,70.0,70.5,70.5,70.5,70.5,70.5,70.5,70.5,70.0,70.0,69.5,69.5,69.5,69.5,69.0,69.0,69.5,69.5,69.5,69.5,70.0,70.0,70.0,70.0,70.0,69.5,69.5,69.0,68.5,68.0,67.5,67.5,67.5,67.5,67.5,67.5,68.0,68.5,69.0,69.5,70.0,70.5,70.5,70.5,70.5,70.0,70.0,69.5,69.0,68.5,68.5,68.5,68.5,68.0,68.5,68.5,68.5,69.0,69.0,69.0,69.5,69.5,69.5,69.5,69.5,69.5,69.0,68.5,68.5,68.5,68.0,68.0,67.5,67.5,67.5,68.0,68.0,68.5,69.0,69.5,69.5,69.5,69.5,69.5,70.0,70.0,70.0,69.5,69.5,69.0,69.0,68.5,68.0,67.5,67.5,67.5,67.5,68.0,68.0,68.5,69.0,69.5,69.5,69.5,69.5,69.5,69.5,69.0,68.5,68.0,67.5,67.0,66.5,66.0,66.0,66.0,66.0,66.0,66.5,66.5,67.0,67.5,67.5,67.5,67.5,67.0,67.0,66.5,66.5,66.0,66.0,65.5,66.0,66.0,66.5,67.0,67.0,67.5,68.0,68.0,68.5,68.5,68.5,69.0,69.0,69.0,68.5,68.5,68.5,68.5,68.5,68.5,68.5,69.0,69.0,69.5,69.5,70.0,70.5,70.5,71.0,71.0,71.0,71.0,71.0,71.0,71.0,71.0,70.5,70.5,70.0,70.0,69.5,69.5,69.5,70.0,70.0,70.5,71.0,71.5,72.0,72.0,72.5,72.5,72.5,72.5,72.5,72.0,72.0,71.5,71.0,70.5,70.0,70.0,69.5,69.5,69.5,69.5,70.0,70.5,71.0,71.0,71.5,71.5,71.0,70.5,70.5,70.0,69.5,0.0,0.0
-8.5,-9.5,-10.5,-11.5,-12.5,-13.0,-13.5,-13.5,-13.5,-13.0,-12.0,-11.0,-10.0,-9.0,-7.5,-6.5,-5.5,-4.5,-4.5,-4.0,-4.5,-5.0,-5.5,-6.0,-6.5,-6.5,-7.0,-7.0,-7.0,-7.0,-7.0,-7.0,-7.0,-7.0,-7.5,-7.5,-8.0,-8.0,-8.5,-9.0,-9.5,-10.0,-10.0,-10.0,-10.0,-9.5,-9.5,-9.0,-8.0,-7.5,-7.0,-6.5,-6.5,-6.5,-7.0,-7.0,-8.0,-8.5,-9.0,-9.5,-10.0,-10.0,-10.0,-10.0,-10.0,-9.5,-9.0,-8.5,-8.0,-7.5,-7.5,-7.0,-7.0,-6.5,-6.5,-6.0,-6.0,-6.0,-6.5,-7.0,-7.0,-7.0,-7.0,-6.5,-6.5,-6.5,-6.5,-6.5,-6.0,-6.0,-6.0,-6.0,-6.5,-6.5,-7.0,-7.0,-7.5,-8.0,-8.5,-9.0,-9.5,-9.5,-10.0,-10.0,-10.0,-10.0,-10.0,-10.0,-10.0,-9.5,-9.5,-9.0,-9.0,-8.5,-8.5,-8.5,-8.5,-8.5,-8.5,-8.5,-9.0,-9.0,-9.5,-10.0,-10.0,-10.0,-10.0,-9.5,-9.0,-9.0,-9.0,-9.0,-9.0,-9.0,-9.0,-9.0,-9.0,-9.5,-9.5,-10.0,-10.5,-11.0,-11.0,-11.0,-11.0,-11.0,-10.5,-10.5,-9.5,-9.0,-9.0,-8.5,-8.5,-8.5,-8.5,-9.0,-9.0,-9.0,-9.5,-9.5,-10.0,-10.5,-10.5,-10.5,-10.5,-10.0,-9.5,-9.0,-8.5,-8.5,-8.0,-7.5,-7.5,-7.0,-6.5,-6.5,-6.5,-7.0,-7.5,-8.0,-8.0,-8.5,-8.5,-8.5,-8.5,-8.0,-7.5,-7.0,-6.5,-5.5,-5.0,-4.5,-4.0,-3.5,-3.5,-3.5,-3.5,-4.0,-4.5,-5.0,-6.0,-6.5,-7.0,-7.0,-7.0,-7.0,-7.0,-7.0,-6.5,-6.5,-6.0,-6.0,-6.0,-5.5,-6.0,-6.0,-6.5,-7.0,-7.0,-7.5,-8.0,-8.0,-8.5,-8.5,-8.0,-7.5,-7.0,-6.0,-5.5,-4.5,-4.0,-4.0,-4.0,-4.0,-4.0,-4.5,-4.5,-5.0,-5.5,-6.0,-6.5,-6.5,-7.0,-7.0,-7.0,-7.0,-7.0,-6.5,-6.5,-6.0,-5.5,-5.5,-5.0,-5.0,-5.5,-5.5,-6.0,-6.0,-6.5,-6.5,-6.5,-7.0,-7.0,-7.0,-7.0,-6.5,-6.0,-5.0,-4.0,-3.5,-3.0,-3.0,-3.0,-3.0,-3.0,-3.0,-3.5,-3.5,-4.0,-4.0,-4.5,-4.5,-4.5,-4.5,-4.5,-4.5,-4.5,-4.0,-4.0,-3.5,-3.0,-3.0,-3.0,-3.0,-3.0,-3.5,-3.5,-4.0,-4.5,-4.5,-4.5,-5.0,-5.0,-5.5,-5.5,-5.0,-5.0,-4.5,-4.5,-4.0,-4.0,-3.5,-3.5,-3.5,-3.5,-3.5,-4.0,-4.5,-5.0,-5.5,0.0,0.0
75.0,74.0,73.0,72.0,70.5,69.5,68.5,67.5,67.5,67.5,68.0,69.0,70.0,71.5,72.5,74.0,75.0,76.0,76.5,76.5,76.5,76.5,76.0,75.5,75.0,74.5,74.5,74.0,73.5,73.5,73.0,73.0,73.0,73.0,73.0,73.0,73.0,72.5,72.0,72.0,71.5,71.5,71.0,71.0,71.0,71.0,71.5,71.5,71.5,71.5,71.5,71.5,72.0,72.0,72.0,72.5,72.5,72.5,72.0,71.5,71.0,70.5,70.5,70.0,70.0,70.0,70.0,70.0,70.0,70.5,70.5,71.0,71.5,72.0,72.0,72.0,72.0,72.0,71.5,71.5,71.0,70.5,70.5,70.0,70.0,70.0,70.0,70.0,70.0,70.5,71.0,71.5,71.5,72.0,72.0,72.5,72.5,72.5,72.5,72.0,71.5,71.0,70.5,70.0,69.0,68.5,68.5,68.5,68.5,68.5,68.5,69.0,69.0,69.0,69.0,69.0,69.0,69.5,69.5,69.5,69.0,69.0,69.0,69.0,68.5,68.5,68.5,68.5,69.0,69.0,69.5,70.0,70.0,70.0,70.5,70.5,70.5,70.5,70.0,69.5,69.0,68.5,68.0,67.5,67.5,67.0,67.0,66.5,66.5,66.5,67.0,67.0,67.5,68.0,68.5,68.5,69.0,69.0,69.0,69.0,68.5,68.5,68.0,68.0,67.5,67.5,67.5,67.5,67.5,68.0,68.0,68.5,69.0,69.0,69.0,69.0,69.0,68.5,68.0,67.5,67.5,67.0,67.0,66.5,66.5,66.0,66.0,66.0,66.0,66.0,66.5,67.0,67.5,68.0,68.5,69.0,69.0,69.0,69.0,69.0,68.5,68.5,68.5,68.0,68.0,67.5,67.0,67.0,67.0,67.5,68.0,68.0,68.5,68.5,69.0,69.5,69.5,70.0,70.0,70.0,69.5,69.0,69.0,68.5,68.0,67.5,67.5,67.5,67.5,67.5,68.0,68.0,68.5,69.0,69.0,69.5,69.5,70.0,70.0,70.0,69.5,69.5,69.0,68.5,67.5,67.5,67.0,67.0,67.5,67.5,68.0,68.5,69.0,69.0,69.5,69.5,69.5,69.5,69.5,69.5,69.5,69.0,68.5,68.5,68.0,67.5,67.5,67.5,68.0,68.0,68.5,68.5,68.5,68.5,68.5,68.5,68.5,68.5,68.5,68.0,67.5,67.5,67.0,66.5,66.5,66.0,66.0,66.0,66.0,66.0,66.0,66.5,66.5,67.0,67.0,67.0,67.0,67.5,67.5,67.5,67.0,67.0,66.5,66.0,66.0,66.0,66.0,66.5,67.5,68.0,69.0,69.5,70.5,71.5,72.0,73.0,73.0,73.5,73.0,73.0,0.0,0.0
81.0,80.0,79.0,78.0,77.5,77.0,76.5,76.5,77.0,78.0,79.0,80.0,81.5,82.5,84.0,85.0,86.0,86.5,86.5,86.0,86.0,85.5,85.0,84.5,84.0,84.0,83.5,83.0,83.0,82.5,82.5,82.5,82.5,82.5,82.5,82.5,82.5,82.5,82.0,81.5,81.0,81.0,80.5,80.5,80.0,80.0,80.0,80.5,80.5,80.5,80.5,80.5,80.0,79.5,78.0,76.5,75.0,72.5,70.5,68.0,66.0,64.0,62.0,61.0,60.0,60.0,60.0,60.5,61.5,63.5,66.0,69.5,73.5,79.0,84.5,91.0,98.0,105.5,112.0,119.0,125.0,131.5,137.5,143.5,149.5,155.5,160.5,164.5,167.5,169.5,171.0,171.5,171.0,169.5,166.5,162.5,158.0,152.5,147.0,141.5,135.5,129.5,124.0,118.5,113.5,108.5,104.5,101.0,97.5,94.5,92.0,90.0,88.5,87.5,86.5,86.0,85.5,85.0,84.5,84.0,84.0,83.5,83.0,82.5,82.0,82.0,82.0,81.5,82.0,82.0,82.0,82.0,82.0,82.0,82.0,81.5,81.0,80.5,80.0,79.5,79.0,79.0,78.5,78.5,78.5,78.5,78.5,78.5,79.0,79.0,79.5,79.5,80.0,80.0,80.0,80.0,80.0,80.0,79.5,79.5,79.0,79.0,78.5,78.0,78.0,78.0,78.5,79.0,79.0,79.5,80.0,80.0,80.5,81.0,81.0,81.0,80.5,80.5,80.0,79.5,79.5,79.0,79.0,79.0,78.5,78.5,78.5,78.5,79.0,79.0,79.5,79.5,80.0,80.0,80.0,80.0,79.5,79.5,79.0,79.0,78.5,78.5,78.5,78.5,79.0,79.0,79.5,79.5,80.0,80.0,80.5,81.0,81.5,81.5,82.0,82.0,82.0,81.5,81.0,80.5,80.0,80.0,79.5,79.5,79.5,79.5,79.5,79.5,80.0,80.0,80.5,80.5,81.0,81.0,81.0,81.0,81.0,81.0,81.0,81.0,80.5,80.0,80.0,79.5,79.5,79.0,79.0,79.5,79.5,80.0,81.0,81.5,82.0,82.5,82.5,82.5,82.5,82.0,82.0,81.5,81.0,80.5,80.0,80.0,80.0,80.0,80.0,80.0,80.5,80.5,81.0,81.0,81.5,82.0,82.0,82.0,82.0,81.5,81.5,81.0,80.5,80.5,80.0,80.0,80.0,80.0,80.5,80.5,81.0,81.5,81.5,82.0,82.5,83.0,83.5,84.0,84.0,84.0,84.0,83.5,83.5,83.0,82.5,82.5,83.0,83.0,83.0,83.0,83.5,83.5,84.0,84.0,84.0,84.5,84.5,84.0,84.0,84.0,84.0,83.5,0.0,0.0
72.5,72.5,72.0,72.0,71.5,71.0,70.5,70.0,70.0,70.0,69.5,69.5,69.5,70.0,70.0,70.5,70.5,71.0,71.5,71.5,71.5,71.5,71.5,71.5,71.0,71.0,70.5,70.5,70.5,70.0,70.0,69.5,69.5,69.5,69.5,70.0,71.0,71.5,72.0,72.0,72.0,72.0,72.0,71.5,71.0,70.5,70.5,70.0,69.5,69.0,69.0,69.0,69.0,69.5,70.0,71.0,71.0,71.5,72.0,72.5,73.0,73.5,73.5,74.0,73.5,73.5,73.0,72.5,72.0,72.0,72.0,71.5,72.0,72.0,72.5,72.5,73.0,73.5,73.5,73.5,74.0,74.0,73.5,73.5,73.5,73.5,73.0,72.5,72.0,71.5,71.0,71.0,71.0,71.0,71.5,72.0,72.5,73.0,73.0,73.0,73.5,73.5,73.5,73.0,73.0,72.5,72.5,72.5,72.5,72.5,72.5,72.5,72.5,72.5,73.0,73.5,73.5,74.0,74.0,74.5,74.0,74.0,73.5,73.5,73.5,73.0,73.0,72.5,72.5,72.5,72.0,72.0,71.5,71.5,71.5,71.5,72.0,72.5,72.5,73.0,73.0,73.0,73.0,73.0,72.5,72.5,72.0,72.0,72.0,72.0,72.0,72.0,72.5,73.0,73.0,73.5,74.0,74.0,74.0,74.5,74.5,74.5,74.5,74.5,74.0,74.0,74.0,74.0,74.0,74.5,74.5,75.0,75.5,75.5,76.0,76.5,76.5,77.0,77.5,78.0,78.0,78.0,78.0,78.0,77.5,77.5,77.0,76.5,76.5,76.0,75.5,75.0,75.0,75.0,75.0,75.5,76.0,76.5,76.5,77.0,77.0,77.0,76.5,76.5,76.0,75.5,75.0,75.0,74.5,74.5,74.5,74.5,75.0,75.0,75.5,75.5,76.0,76.5,77.0,77.0,77.0,76.5,76.5,76.5,76.5,76.0,76.0,76.0,75.5,75.5,75.5,75.5,75.5,75.5,75.5,76.0,76.0,76.5,77.0,77.0,77.5,77.5,77.0,77.0,76.5,76.0,76.0,75.5,75.5,75.5,75.0,75.0,75.5,76.0,76.5,77.0,77.5,78.0,78.5,78.5,78.5,78.5,78.5,78.5,78.5,78.0,78.0,78.0,77.5,77.5,77.0,77.0,77.0,77.0,77.0,77.5,77.5,78.0,78.0,78.5,78.5,78.5,78.5,78.5,78.5,78.0,77.5,77.5,77.0,77.0,76.5,76.5,76.5,76.5,77.0,77.0,77.5,77.5,78.0,78.0,78.5,79.0,79.0,78.5,78.5,78.0,78.0,77.5,77.5,77.0,77.0,77.0,77.0,77.0,77.0,77.5,77.5,77.5,77.5,77.5,0.0,0.0
62.0,62.0,62.0,62.5,62.5,63.0,63.0,63.5,63.5,64.0,64.0,64.5,65.0,65.5,65.5,65.5,65.5,65.5,65.0,64.5,64.0,63.5,62.5,62.0,61.5,61.5,61.5,61.5,62.0,63.0,63.5,64.0,64.5,64.5,64.5,64.5,64.5,64.5,64.5,64.5,64.0,64.0,63.5,63.0,62.5,62.5,62.0,62.5,62.5,63.0,64.0,64.5,65.5,65.5,66.0,66.0,66.0,65.5,65.5,65.0,65.0,64.5,64.5,64.0,64.0,64.5,64.5,64.5,64.5,65.0,65.5,66.0,66.5,67.0,67.0,67.5,67.0,67.0,66.5,66.0,66.0,65.5,64.5,64.0,63.0,61.5,60.0,58.5,57.0,55.0,53.5,52.0,50.5,49.5,48.5,48.5,48.5,49.0,50.0,51.5,53.5,56.0,59.5,63.5,68.5,74.5,81.0,88.5,95.5,103.0,110.0,116.5,123.0,129.5,136.0,142.0,146.5,150.0,152.5,153.5,154.0,153.5,152.5,151.0,148.0,145.0,141.0,136.5,132.0,127.5,123.0,118.0,113.0,108.0,103.5,99.0,95.0,91.0,87.5,84.0,81.5,79.0,77.0,75.0,73.5,73.0,72.5,72.0,72.0,72.0,72.0,72.5,72.5,72.5,72.5,72.5,72.5,72.0,71.5,71.0,70.5,70.5,70.0,70.0,70.0,69.5,69.5,69.0,69.0,69.0,69.5,69.5,70.0,71.0,71.0,71.5,71.5,71.0,70.5,70.0,69.5,69.0,68.5,68.0,68.0,67.5,67.5,67.5,67.5,67.5,68.0,68.5,69.0,69.5,69.5,69.5,69.5,69.0,69.0,68.5,68.0,67.5,67.0,66.5,66.5,66.5,66.5,66.0,66.0,66.0,66.0,66.0,66.0,66.0,66.5,66.5,66.5,66.5,66.5,66.5,66.0,66.0,65.5,65.5,65.0,65.0,65.0,65.0,65.0,65.0,65.5,65.5,65.5,65.5,66.0,66.0,66.0,66.0,66.0,65.5,65.0,65.0,65.0,64.5,64.5,64.5,64.0,64.0,64.5,64.5,65.0,65.5,65.5,66.0,66.5,67.0,67.0,67.5,67.0,66.5,66.5,66.0,65.5,65.0,64.5,64.5,64.5,65.0,65.0,65.5,66.0,66.0,66.5,67.0,67.5,67.5,67.5,67.5,67.5,67.0,67.0,66.5,66.0,66.0,66.0,66.0,66.0,66.5,66.5,66.5,67.0,67.0,67.5,67.5,68.0,68.0,68.0,68.0,68.0,68.0,67.5,67.5,67.0,66.5,66.0,65.5,65.5,65.5,65.5,66.0,66.5,67.0,67.5,68.0,68.0,68.5,68.5,68.5,68.5,68.5,0.0,0.0
-3.0,-3.5,-3.5,-3.5,-3.5,-3.5,-3.5,-3.5,-3.0,-2.0,-1.5,-0.5,0.5,1.0,1.5,1.5,1.5,1.5,1.5,1.5,1.0,0.5,0.0,-0.5,-1.0,-1.5,-1.5,-1.0,-0.5,0.0,0.5,1.0,1.0,1.0,1.5,1.5,1.5,2.0,2.0,2.0,1.5,1.0,0.5,0.5,0.0,-0.5,-0.5,-0.5,-0.5,0.5,1.0,1.5,2.0,2.5,3.0,3.5,3.5,3.5,3.5,3.5,3.0,2.5,2.0,2.0,1.5,1.5,1.5,1.5,2.0,2.0,2.0,2.5,3.0,3.5,4.0,4.5,4.5,5.0,4.5,4.5,4.5,4.0,4.0,4.0,4.5,4.5,4.5,4.5,4.5,4.5,5.0,5.5,6.0,6.0,6.5,7.0,7.5,7.5,8.0,8.0,8.0,7.5,7.5,7.5,7.0,7.0,6.5,6.5,6.5,6.5,6.5,6.5,7.0,7.0,7.0,7.0,7.0,7.0,7.0,6.5,6.5,6.0,5.5,5.5,5.0,4.5,4.5,5.0,6.0,6.5,7.5,8.0,8.5,8.5,8.5,9.0,8.5,8.5,8.0,7.0,6.5,6.0,5.5,5.5,5.5,5.5,5.5,5.5,5.5,5.5,5.5,5.5,5.5,5.5,5.0,5.0,5.0,5.0,5.5,5.5,5.5,5.0,5.0,4.5,4.5,4.0,4.0,4.0,4.5,5.0,6.0,6.5,7.0,7.5,7.5,8.5,9.0,9.5,9.5,10.0,10.0,10.0,9.5,9.0,8.5,8.0,8.0,7.5,7.5,7.5,7.5,7.5,7.5,8.0,8.0,8.5,8.5,8.5,8.5,8.5,8.0,7.5,7.0,7.0,6.5,6.5,6.5,6.5,7.0,7.5,8.0,8.5,9.0,9.0,9.5,9.5,9.5,9.0,8.5,8.5,8.0,8.0,7.5,7.5,7.5,7.5,7.5,7.5,8.0,8.0,8.5,8.5,8.5,9.0,9.0,9.0,9.0,9.0,9.0,8.5,8.5,8.0,7.5,7.5,7.0,7.0,7.0,7.0,7.5,8.0,8.0,8.5,8.5,8.0,7.5,6.5,4.5,3.0,0.5,-2.0,-4.5,-7.0,-9.0,-10.5,-12.0,-12.5,-13.0,-12.5,-12.0,-10.0,-7.5,-4.0,0.5,5.5,11.0,17.5,24.5,31.5,38.5,45.0,51.0,56.5,62.0,68.0,73.5,78.5,83.0,86.5,89.5,92.0,93.5,95.0,95.5,95.5,94.0,91.5,88.0,84.0,79.0,73.5,67.5,61.5,56.0,50.0,44.5,39.5,35.0,30.5,27.0,23.5,20.5,18.5,16.5,15.5,14.5,14.5,14.0,14.0,14.0,14.0,0.0,0.0
64.0,63.5,63.0,63.0,62.5,62.5,62.5,62.5,62.5,62.5,62.5,62.5,62.5,63.0,63.5,63.5,63.5,64.0,64.0,64.0,64.0,63.5,63.5,63.0,63.0,62.5,62.0,62.0,62.0,62.5,62.5,62.5,63.0,63.0,63.5,63.5,64.0,64.5,64.5,64.5,65.0,64.5,64.5,64.5,64.0,63.5,63.0,63.0,62.5,62.5,63.0,63.0,63.5,64.0,64.5,65.0,65.5,65.5,65.5,65.5,65.0,65.0,64.5,64.0,63.5,63.5,63.5,63.5,63.5,63.5,63.5,63.5,63.5,63.5,64.0,64.0,64.5,64.5,64.5,64.5,64.5,64.0,64.0,63.5,63.0,62.5,62.5,62.5,62.5,62.5,62.5,63.0,63.5,63.5,63.5,63.5,64.0,63.5,63.5,63.5,63.0,63.0,62.5,62.0,62.0,61.5,61.5,61.0,61.0,61.0,61.0,61.0,61.5,61.5,62.0,62.0,62.0,62.5,62.5,62.0,62.0,61.5,61.0,60.5,60.0,59.0,59.0,58.5,58.5,58.5,58.5,58.5,58.5,59.0,59.0,59.0,59.0,59.0,59.0,58.5,58.0,57.5,57.0,56.0,55.5,55.0,55.0,55.0,55.0,55.5,56.0,57.0,57.5,58.5,59.5,60.5,61.0,61.5,62.0,62.0,62.5,62.0,62.0,62.0,61.5,61.0,60.5,60.5,60.0,60.0,60.0,60.0,60.5,61.0,61.5,61.5,61.0,61.0,60.5,60.5,60.0,60.0,59.5,59.5,59.0,59.0,59.0,59.0,59.5,59.5,59.5,60.0,60.0,60.5,60.5,61.0,61.5,62.0,62.0,61.5,61.5,61.0,60.5,60.0,60.0,59.5,59.0,58.5,58.5,58.5,58.5,58.5,59.0,59.0,59.5,60.0,60.0,60.5,61.0,61.0,61.0,61.0,61.0,60.5,60.0,60.0,59.5,59.0,59.0,59.0,59.0,59.0,59.0,59.0,59.0,59.0,59.0,58.5,57.5,56.5,55.0,53.0,51.0,48.5,46.5,44.5,42.5,41.0,40.0,39.5,39.5,40.0,41.0,42.5,45.0,48.0,52.0,56.5,62.0,67.5,74.0,81.0,88.0,94.5,101.0,107.0,112.5,118.0,123.0,128.5,132.5,136.0,138.0,139.0,139.5,139.5,139.0,137.5,135.5,133.0,130.0,126.0,121.5,117.0,112.0,106.5,101.0,95.0,90.0,85.0,80.5,76.5,73.0,70.5,68.0,66.0,64.0,63.0,62.0,61.5,61.0,60.5,60.0,59.5,59.0,59.0,58.5,58.5,58.5,58.5,58.5,58.5,58.5,58.0,57.5,57.5,57.0,56.5,55.5,55.0,0.0,0.0
47.0,47.5,48.0,48.5,49.5,50.0,50.5,51.0,51.0,51.5,51.5,51.5,51.5,51.5,51.0,51.0,50.0,49.5,49.0,48.5,48.0,47.5,47.0,47.0,47.0,47.0,47.0,47.0,47.5,47.5,47.5,48.0,48.0,48.5,48.5,49.0,49.0,49.5,49.5,49.0,48.5,48.0,47.5,47.0,46.5,46.5,46.5,46.5,46.5,46.5,47.0,47.0,47.0,47.5,47.5,47.5,47.5,47.5,47.0,47.0,46.5,46.5,46.0,46.0,45.5,45.5,45.5,45.5,45.5,46.0,46.5,46.5,46.5,46.5,46.5,46.0,46.0,45.5,45.5,45.0,44.5,44.0,43.5,43.5,43.0,43.0,43.0,42.5,42.5,42.5,43.0,43.0,43.5,43.5,43.5,44.0,44.0,44.5,45.0,45.0,45.0,45.0,44.5,43.5,43.0,42.5,42.5,42.5,42.5,43.0,43.5,44.0,44.5,44.5,44.5,44.5,44.0,44.0,43.5,43.5,43.0,43.0,42.5,42.0,41.5,41.5,41.0,41.0,41.0,41.0,41.5,41.5,42.0,42.0,42.5,42.5,43.0,43.0,43.0,43.0,42.5,42.0,41.5,41.0,40.5,40.0,40.0,39.5,39.5,40.0,40.5,41.0,41.5,42.0,42.5,42.5,43.0,43.0,43.0,42.5,42.5,42.0,41.5,41.0,40.5,40.5,40.5,40.5,40.5,40.5,41.0,41.0,41.0,41.0,41.0,41.5,41.5,41.0,41.0,41.0,41.0,41.0,41.5,41.5,41.5,41.0,41.0,40.5,40.5,40.5,40.5,40.5,40.5,41.0,41.0,41.5,41.5,42.0,41.5,41.0,41.0,40.5,40.0,39.5,39.5,39.0,39.0,39.0,38.5,38.5,38.5,39.0,39.5,39.5,40.0,40.0,40.0,40.0,40.0,39.5,39.0,38.5,38.0,38.0,37.5,37.5,37.5,38.0,38.5,39.0,39.5,40.0,40.0,40.0,40.5,40.5,41.0,41.0,41.0,41.0,40.5,40.5,40.0,39.5,39.5,39.0,38.5,38.0,37.5,37.0,37.0,37.0,37.0,37.5,37.5,38.0,38.0,38.0,38.0,37.5,37.5,37.0,37.0,36.5,36.0,35.5,35.5,35.5,36.0,36.0,36.5,37.5,38.0,38.0,38.5,39.0,39.0,39.0,39.0,39.0,38.5,38.5,38.0,37.5,37.0,36.5,36.5,36.5,36.5,36.5,37.0,37.0,37.5,37.5,38.0,38.0,38.0,38.0,38.5,38.0,38.0,38.0,37.5,37.5,37.5,37.0,37.0,37.0,37.0,37.5,37.5,38.0,38.0,38.5,38.5,38.5,38.5,38.5,38.5,38.5,0.0,0.0
-5.5,-6.0,-6.0,-6.0,-6.0,-6.0,-6.0,-6.0,-6.5,-6.5,-7.0,-7.0,-6.5,-6.0,-6.0,-5.5,-5.5,-5.0,-5.0,-5.0,-5.0,-5.0,-5.5,-6.0,-6.5,-7.0,-7.5,-8.0,-8.5,-9.0,-9.0,-9.0,-8.5,-8.5,-8.0,-7.5,-7.0,-6.5,-6.5,-6.5,-6.5,-7.0,-8.0,-8.5,-9.5,-10.0,-10.0,-10.5,-10.0,-10.0,-9.5,-9.0,-8.5,-8.5,-8.5,-8.0,-8.0,-8.0,-8.0,-8.0,-8.0,-8.0,-8.0,-8.0,-7.5,-7.5,-7.5,-8.0,-8.0,-8.5,-9.0,-9.0,-9.0,-8.5,-8.5,-8.0,-8.0,-7.5,-7.0,-7.0,-7.0,-7.5,-8.0,-8.5,-9.0,-9.5,-10.0,-10.0,-10.5,-10.5,-10.5,-10.5,-10.5,-10.0,-10.0,-9.5,-9.0,-8.5,-8.0,-8.0,-8.0,-8.0,-8.5,-9.0,-9.5,-10.0,-10.5,-11.0,-11.5,-11.5,-12.0,-11.5,-11.5,-10.5,-10.0,-10.0,-9.5,-9.0,-8.5,-8.0,-8.0,-8.5,-9.0,-9.5,-10.0,-10.5,-11.0,-11.0,-11.5,-11.5,-12.0,-11.5,-11.5,-11.0,-10.5,-10.5,-10.0,-10.0,-10.0,-10.0,-10.0,-10.0,-10.0,-10.5,-10.5,-11.0,-11.5,-11.5,-12.0,-12.0,-11.5,-11.5,-11.0,-10.0,-9.5,-9.0,-9.0,-9.0,-9.0,-9.0,-9.0,-9.5,-10.0,-10.5,-11.0,-11.0,-11.5,-12.0,-12.0,-12.0,-12.0,-11.5,-11.5,-11.0,-10.5,-10.5,-10.0,-10.0,-10.0,-10.0,-10.0,-10.0,-10.5,-11.0,-11.5,-12.5,-13.0,-13.5,-14.0,-14.5,-14.5,-14.5,-14.5,-14.0,-13.5,-13.0,-13.0,-12.5,-12.5,-12.5,-12.5,-13.0,-13.0,-13.5,-14.0,-14.5,-15.0,-15.5,-16.5,-16.5,-17.0,-17.0,-17.0,-17.0,-17.0,-17.0,-17.0,-17.0,-17.0,-16.5,-16.5,-16.5,-16.0,-16.0,-16.0,-16.0,-16.5,-16.5,-16.5,-16.5,-16.0,-15.5,-15.0,-15.0,-14.5,-14.0,-14.0,-13.5,-13.5,-13.5,-13.5,-13.5,-14.0,-14.0,-14.5,-15.0,-15.5,-16.0,-16.5,-16.5,-16.5,-16.5,-16.0,-15.5,-15.5,-15.0,-15.0,-15.0,-15.0,-15.0,-15.0,-15.5,-15.5,-16.0,-17.0,-17.5,-17.5,-18.0,-18.5,-18.5,-19.0,-18.5,-18.0,-17.5,-16.5,-16.0,-15.0,-15.0,-14.5,-14.0,-14.0,-14.0,-14.0,-14.0,-14.0,-14.5,-14.5,-15.0,-15.0,-15.5,-15.5,-15.5,-15.5,-15.5,-15.0,-15.0,-14.5,-14.0,-14.0,-14.0,-14.0,-14.5,-15.0,-15.5,-16.0,-16.0,-16.5,-16.5,-17.5,-18.5,-20.0,-21.0,-22.5,-24.0,-25.5,-27.0,-29.0,-30.5,-32.0,-33.0,0.0,0.0
54.5,55.0,55.5,55.5,55.5,55.5,55.5,55.0,54.5,54.5,54.0,54.0,54.0,53.5,53.5,53.5,53.5,53.5,53.5,53.5,53.5,53.5,53.5,54.0,54.0,53.5,53.5,53.5,53.0,53.0,53.0,52.5,52.0,52.0,52.0,52.0,52.0,52.5,53.0,53.5,54.0,54.5,55.0,55.5,55.5,55.5,55.5,55.0,55.0,54.5,54.0,53.5,53.5,53.0,53.0,53.5,53.5,53.5,54.0,54.5,54.5,55.0,55.0,55.0,55.5,55.5,55.0,54.5,54.5,54.0,54.0,53.5,53.5,53.5,53.0,53.0,53.0,53.0,53.5,54.0,54.5,55.0,55.5,56.0,56.5,57.0,57.0,57.0,57.0,56.5,56.5,56.0,56.0,55.5,55.5,55.5,56.0,56.0,56.0,56.0,56.0,56.5,56.5,56.5,56.5,56.5,56.5,56.5,56.5,56.0,56.0,55.5,55.5,55.0,54.5,54.5,54.5,54.5,55.0,55.5,56.0,56.5,57.0,57.5,57.5,58.0,58.0,58.0,57.5,57.5,57.0,57.0,57.0,57.0,57.0,57.0,57.0,57.0,57.5,57.5,57.5,57.5,57.0,57.0,57.0,57.0,57.0,57.0,56.5,56.0,56.0,55.5,55.5,55.0,55.0,54.5,54.5,54.0,54.0,54.0,54.5,54.5,55.0,55.0,55.0,55.0,54.5,54.5,54.5,54.5,54.5,54.0,54.0,54.0,54.0,54.5,55.0,55.5,56.0,56.0,56.5,57.0,57.5,58.5,59.0,60.0,60.0,60.0,60.0,59.5,59.0,58.5,58.5,58.0,58.0,57.5,57.5,57.5,57.5,57.5,58.0,58.0,58.5,58.5,58.5,58.5,58.5,58.0,58.0,58.0,58.0,58.0,58.0,58.0,58.0,58.0,58.0,58.0,58.5,59.0,59.5,60.0,60.5,60.5,60.5,60.5,60.5,60.0,60.0,59.5,59.5,59.5,59.5,59.0,59.0,59.0,59.0,59.5,59.5,60.0,60.5,61.0,61.0,61.5,61.5,61.5,62.0,61.5,61.5,61.0,60.5,60.5,60.5,60.5,61.0,61.0,61.5,61.5,61.0,61.0,60.5,59.5,58.0,56.5,55.0,53.0,51.0,48.5,46.5,44.5,43.0,41.5,41.0,40.5,41.0,42.0,44.0,46.5,50.5,55.5,61.0,67.5,75.0,83.0,91.0,98.0,105.0,111.5,118.5,125.0,132.0,139.0,145.0,150.5,154.5,157.0,159.0,160.5,160.5,160.0,158.5,155.0,150.5,145.0,139.5,133.5,127.5,121.0,115.0,108.5,103.0,97.5,92.5,88.0,84.5,81.0,78.0,76.0,74.0,72.5,0.0,0.0
35.0,33.5,32.0,30.5,28.5,26.5,24.5,22.5,21.0,19.5,18.0,16.5,15.5,15.0,15.5,16.5,19.0,22.5,27.0,32.5,38.5,45.5,52.5,60.0,67.5,74.5,81.0,86.5,92.0,97.5,102.5,107.5,112.0,116.0,119.0,121.0,122.5,123.5,124.0,123.0,121.0,118.0,114.0,109.0,104.0,99.0,93.5,88.0,82.5,77.0,72.0,67.0,62.5,58.5,55.0,52.0,49.0,46.5,45.0,43.5,42.5,42.0,41.5,41.5,41.5,41.5,41.0,41.0,40.5,40.0,40.0,40.0,39.5,39.5,39.5,39.0,39.0,39.0,39.5,39.5,39.5,39.5,39.5,39.0,39.0,38.5,38.5,38.0,38.0,37.5,37.5,37.5,37.0,37.0,37.5,37.5,38.0,38.5,39.0,39.0,39.5,40.0,40.0,40.0,40.5,40.5,40.5,40.0,40.0,39.5,39.5,39.0,38.5,38.5,38.0,38.0,38.5,39.0,39.5,40.0,40.5,41.0,41.0,41.0,41.0,41.0,41.0,41.0,40.5,40.0,40.0,39.5,39.5,39.5,39.5,40.0,40.5,41.5,42.0,42.0,42.5,43.0,43.0,43.5,43.5,43.0,43.0,42.5,42.5,42.0,42.0,41.5,41.5,41.5,41.5,41.5,41.5,42.0,42.0,42.5,43.0,43.5,43.5,43.5,43.0,43.0,42.5,42.5,42.0,42.0,41.5,41.5,41.5,41.5,42.0,42.0,42.5,43.0,43.0,43.5,43.5,44.0,44.0,44.5,44.5,44.5,44.5,44.5,44.0,44.0,43.5,43.0,43.0,42.5,42.5,43.0,43.5,43.5,44.0,44.5,45.0,45.5,46.0,46.0,46.0,46.0,45.5,45.0,44.0,43.5,43.5,43.0,43.0,43.0,42.5,42.5,42.5,43.0,43.5,44.0,44.5,45.0,45.5,46.0,46.0,46.5,46.0,46.0,45.5,45.0,45.0,45.0,45.5,45.5,46.0,46.0,46.5,46.5,47.0,47.0,47.5,48.0,48.0,48.5,48.5,48.5,48.5,48.5,48.0,48.0,47.5,47.5,47.5,47.0,47.5,47.5,48.0,48.5,49.0,49.5,49.5,49.5,49.0,49.0,48.5,48.5,48.5,48.0,48.0,47.5,47.5,47.0,46.5,46.5,47.0,47.5,48.0,49.0,49.5,50.0,50.0,50.5,51.0,51.0,51.5,51.5,51.5,51.5,51.5,51.5,51.5,51.5,51.0,51.0,51.0,51.0,50.5,50.5,50.5,50.5,50.0,49.5,49.5,49.0,48.5,47.5,47.0,46.0,46.0,45.5,46.0,47.0,48.0,49.0,50.0,51.5,52.5,53.5,54.5,55.5,0.0,0.0
68.5,63.5,59.0,54.5,51.0,47.5,45.0,43.0,41.0,40.0,39.0,38.5,38.0,38.0,38.0,38.0,37.5,37.5,37.0,37.0,36.5,36.0,36.0,35.5,35.5,35.5,35.5,35.5,35.5,35.5,36.0,36.0,36.0,36.0,36.0,36.0,35.5,35.5,35.0,35.0,34.5,34.5,34.0,33.5,33.5,33.0,33.0,33.0,33.5,33.5,33.5,34.0,34.0,34.0,34.5,34.0,34.0,33.5,33.5,33.5,33.0,33.0,33.0,33.0,33.5,33.5,34.0,34.5,35.0,35.5,36.0,36.0,36.0,36.0,36.0,36.0,36.0,35.5,35.5,35.0,34.5,34.5,34.5,34.5,34.5,35.0,35.0,35.0,35.0,35.5,35.5,36.0,36.0,36.5,36.5,36.5,36.0,36.0,35.5,35.5,35.0,35.0,34.5,34.5,34.5,34.5,34.5,35.0,35.5,36.0,36.5,36.5,37.0,37.0,37.0,37.0,37.0,37.0,36.5,36.5,36.0,35.5,35.0,35.0,34.5,34.5,35.0,35.0,35.5,35.5,36.0,36.0,36.5,36.5,37.0,37.0,36.5,36.5,36.0,35.5,35.0,35.0,35.0,35.0,35.5,35.5,36.0,36.5,37.0,37.5,38.0,38.0,38.5,38.5,38.5,38.5,38.0,38.0,37.5,37.0,37.0,37.0,36.5,36.5,36.5,36.5,36.5,37.0,37.0,37.5,37.5,38.0,38.0,38.0,38.0,37.5,37.5,37.0,37.0,36.5,36.0,36.0,36.0,35.5,35.5,35.5,35.5,36.0,36.5,37.0,37.5,38.0,38.5,38.5,39.0,39.0,39.5,39.5,39.5,39.5,39.5,39.0,38.5,38.5,38.0,38.0,38.0,38.0,38.0,38.5,39.0,39.5,39.5,40.0,40.0,39.5,39.5,39.0,38.5,38.5,38.0,37.5,37.0,37.0,37.0,37.0,37.0,37.5,38.0,39.0,39.5,39.5,40.0,40.0,40.0,40.0,40.0,39.5,39.5,39.0,39.0,39.0,39.0,39.0,39.0,39.0,39.0,39.5,39.5,39.5,39.5,39.5,39.0,38.5,38.0,37.5,36.5,35.5,34.5,34.0,34.0,34.5,35.0,36.0,37.5,38.5,40.0,41.5,43.0,43.5,44.5,45.0,45.5,45.5,45.0,45.0,44.5,43.5,42.5,41.5,41.0,40.5,40.0,40.0,40.0,40.0,40.0,40.5,41.0,41.0,41.5,42.0,42.0,42.5,42.5,42.5,42.5,42.5,42.0,41.5,41.5,41.0,41.0,41.0,41.0,41.5,41.5,42.0,42.0,42.5,43.0,43.0,43.0,43.0,43.0,42.5,42.5,42.5,42.5,42.5,0.0,0.0
5.0,4.5,4.0,3.5,3.5,3.5,3.5,4.0,4.5,5.0,5.5,5.5,6.0,6.5,6.5,7.0,6.5,6.5,6.0,6.0,5.5,5.0,4.5,4.0,3.5,3.5,3.5,3.5,3.5,3.5,4.0,4.5,5.0,5.5,5.5,6.0,6.0,5.5,4.5,3.5,2.0,0.5,-1.0,-1.5,-2.0,-2.0,-1.0,0.0,1.5,3.0,4.5,6.0,7.5,8.5,9.0,9.5,9.5,9.5,9.0,8.5,8.0,7.0,6.5,6.0,5.5,5.0,4.5,4.5,4.5,4.5,5.0,5.5,5.5,6.0,6.0,6.0,5.5,5.0,4.5,4.0,4.0,4.0,4.0,4.0,3.5,3.5,3.0,3.0,3.0,3.5,3.5,3.5,4.0,4.0,4.5,4.5,4.5,4.5,4.5,4.0,3.5,3.0,2.5,2.0,1.0,1.0,0.5,1.0,1.5,2.0,2.5,3.0,3.0,3.0,3.5,3.5,3.5,3.0,2.5,2.0,1.0,0.5,0.0,-0.5,-0.5,-1.0,-1.5,-1.5,-1.5,-2.0,-2.0,-2.0,-2.0,-2.0,-2.0,-2.5,-2.5,-3.0,-3.0,-3.5,-4.0,-4.0,-4.5,-4.5,-5.0,-5.0,-5.0,-4.5,-4.0,-3.0,-2.0,-0.5,0.5,2.0,2.5,3.0,3.5,3.0,2.5,2.0,1.0,0.5,-0.5,-1.5,-2.5,-3.0,-3.5,-3.5,-3.5,-3.5,-3.0,-2.5,-1.5,-1.0,-1.0,-1.0,-1.0,-1.5,-2.0,-2.5,-3.0,-4.0,-4.5,-5.0,-5.0,-5.0,-4.5,-4.0,-3.5,-3.0,-2.5,-2.0,-1.5,-1.5,-1.5,-1.5,-2.0,-2.5,-2.5,-3.0,-4.0,-4.0,-4.5,-4.5,-5.0,-4.5,-4.5,-4.5,-4.0,-4.0,-4.0,-4.0,-4.0,-4.0,-4.0,-4.0,-3.5,-3.5,-3.5,-4.0,-4.5,-5.0,-5.5,-6.0,-6.0,-6.5,-6.5,-6.5,-6.5,-6.5,-7.0,-7.0,-8.0,-9.0,-10.0,-12.0,-13.5,-16.0,-18.0,-20.0,-21.5,-23.0,-24.5,-25.5,-26.0,-26.0,-25.0,-23.5,-20.5,-17.0,-12.5,-7.5,-1.5,5.5,12.5,20.0,27.0,33.5,39.5,45.0,50.5,55.5,60.5,65.0,69.0,71.5,73.0,74.0,74.5,74.5,74.5,73.5,72.0,69.0,66.0,62.0,57.5,52.5,47.5,42.0,37.0,31.5,26.5,22.0,18.0,14.0,10.5,7.5,4.5,2.5,1.0,0.5,0.0,0.0,-0.5,-0.5,-1.0,-1.5,-2.0,-2.5,-2.5,-3.0,-3.5,-3.5,-4.0,-4.5,-4.0,-4.0,-3.5,-3.0,-2.5,-2.5,-2.0,-2.0,-2.5,-3.0,-3.0,-3.5,-4.0,-4.5,0.0,0.0
36.0,36.5,36.5,37.0,37.0,37.5,37.5,37.5,37.5,37.5,37.5,37.0,37.0,36.5,36.5,36.0,36.0,36.0,36.0,36.0,36.5,36.5,37.0,37.5,38.0,38.0,38.5,38.5,39.0,39.0,38.5,38.5,38.0,37.5,37.0,36.5,36.0,35.5,35.5,35.5,35.5,36.0,36.0,36.5,36.5,37.0,37.0,37.0,37.5,37.5,37.5,37.5,37.5,37.5,37.0,37.0,37.0,36.5,36.5,37.0,37.5,38.0,38.5,39.5,40.0,40.5,40.5,41.0,41.0,41.0,41.5,41.5,41.0,40.5,40.0,40.0,39.5,39.0,39.0,39.0,38.5,39.0,39.0,39.5,39.5,40.0,40.0,40.0,40.0,39.5,39.0,39.0,38.5,38.0,38.0,37.5,37.5,38.0,38.0,38.0,38.0,38.5,38.5,39.0,39.5,40.5,41.0,41.0,41.5,41.5,41.0,41.0,40.5,40.0,39.5,39.5,39.0,39.0,39.0,39.0,39.0,39.0,39.0,39.5,40.0,40.0,40.5,41.0,41.5,42.0,42.5,43.0,43.0,43.0,42.5,42.5,42.5,42.0,42.0,42.0,42.0,42.0,42.5,42.5,43.0,43.0,43.0,43.0,43.5,43.5,44.0,44.0,43.5,43.5,43.5,43.0,43.0,42.5,42.5,42.5,42.5,42.5,43.0,43.0,43.5,44.0,44.0,44.5,44.5,44.5,44.0,43.5,43.0,42.5,42.0,42.0,41.5,41.5,41.0,41.0,41.0,41.0,41.5,41.5,42.0,42.0,42.5,43.0,43.5,43.5,44.0,44.0,44.0,44.0,43.5,43.5,43.5,43.5,43.5,44.0,44.0,44.5,45.0,45.5,46.0,46.5,46.5,46.5,46.5,46.5,46.5,46.5,46.0,45.5,45.5,45.0,44.5,44.0,44.0,43.5,43.5,43.5,44.0,44.0,44.5,45.0,45.5,45.5,46.0,46.0,46.0,46.0,46.0,46.0,46.0,46.0,46.0,46.0,45.5,45.5,46.0,46.5,46.5,47.0,47.5,48.0,48.0,48.5,48.5,48.5,48.5,48.0,48.0,47.5,47.0,47.0,46.5,46.5,46.5,46.5,46.5,47.0,47.0,47.5,48.0,48.5,49.0,49.5,49.5,50.0,49.5,49.5,49.5,49.5,49.5,49.5,49.5,49.5,49.5,49.5,49.5,49.5,50.0,50.0,50.5,51.0,51.5,51.5,52.0,52.0,51.5,51.5,51.5,51.0,50.5,49.5,49.0,48.5,48.5,48.5,48.5,48.5,49.0,49.5,50.0,50.5,50.5,50.5,50.0,50.0,50.0,50.0,49.5,49.5,49.5,49.5,49.5,49.5,49.5,49.5,0.0,0.0
38.5,38.5,38.5,38.5,39.0,39.0,39.5,39.5,40.0,40.0,40.0,40.5,40.5,40.5,40.5,40.5,40.5,40.0,40.0,39.5,39.0,39.0,38.5,38.5,38.5,39.0,39.5,40.0,40.5,41.0,41.5,41.5,42.0,42.0,42.0,42.0,42.0,41.5,41.0,40.5,40.0,39.0,38.0,37.0,36.0,35.0,33.5,31.5,30.0,28.0,26.5,25.0,23.5,22.5,21.5,21.0,21.0,21.5,22.0,23.5,26.0,29.5,33.5,38.5,44.5,51.0,58.0,65.0,72.0,79.0,85.5,92.5,99.5,106.0,112.0,117.0,121.0,123.5,125.0,126.0,126.5,126.5,125.5,124.0,121.5,118.5,114.5,110.0,105.5,100.5,95.5,90.0,84.5,79.0,74.0,69.5,65.0,61.5,58.0,55.0,52.5,50.5,49.0,48.0,47.5,47.0,47.5,47.5,48.0,48.5,48.5,49.0,49.0,48.5,48.0,47.5,47.5,47.0,46.5,46.5,46.0,46.0,46.0,45.5,45.5,46.0,46.0,46.0,46.5,46.5,47.0,47.0,47.5,47.5,47.5,47.0,46.5,46.0,45.5,45.0,45.0,45.0,44.5,44.5,44.5,44.5,45.0,45.5,45.5,46.0,46.5,46.5,46.5,46.5,46.0,46.0,45.5,45.5,45.0,45.0,45.0,45.0,45.0,45.5,45.5,46.0,46.0,46.0,46.0,46.5,46.5,47.0,47.0,47.0,46.5,46.5,46.0,45.5,45.5,45.0,45.0,45.0,45.0,45.5,45.5,46.0,46.0,46.5,46.5,47.0,47.0,47.5,47.5,47.0,47.0,47.0,46.5,46.0,46.0,46.0,46.0,46.0,46.0,45.5,45.5,45.0,45.0,45.0,45.5,45.5,45.5,45.5,45.5,45.5,45.0,44.5,44.5,44.0,43.5,43.5,43.5,43.5,44.0,44.0,44.5,45.0,45.0,45.5,46.0,46.0,46.5,46.5,46.5,46.5,46.0,45.5,45.5,45.0,44.5,44.0,43.5,43.0,42.5,42.5,42.5,42.5,43.0,43.0,43.0,43.0,43.0,43.0,43.0,43.0,43.0,42.5,42.5,42.0,41.5,41.0,41.0,40.5,40.5,40.5,41.0,41.5,42.0,42.5,43.0,43.0,43.5,44.0,44.0,44.0,44.0,44.0,44.0,43.5,43.5,43.0,42.5,42.0,42.0,42.0,42.5,42.5,43.0,43.5,43.5,44.0,44.0,44.5,44.5,44.5,44.5,44.5,44.5,44.5,44.5,44.5,44.5,44.5,44.5,44.5,44.5,45.0,45.0,45.5,45.5,46.0,46.0,46.5,46.5,46.5,46.5,46.0,46.0,45.5,45.0,44.5,0.0,0.0
32.0,32.5,33.5,34.0,34.5,34.5,35.0,35.0,34.5,34.0,33.5,33.0,33.0,33.0,32.5,32.5,32.5,33.0,33.0,33.5,33.5,34.0,34.0,34.0,34.0,33.5,33.5,33.0,33.0,32.5,32.0,31.5,31.0,30.5,30.5,30.5,31.0,31.5,32.0,32.5,33.0,33.5,33.5,34.0,34.0,34.0,33.5,33.5,33.5,33.0,32.5,32.0,31.5,31.0,31.0,30.5,30.5,31.0,31.0,31.5,32.0,32.0,32.0,32.5,32.5,32.0,32.0,32.0,31.5,31.5,31.5,31.5,31.5,31.5,31.5,31.5,31.5,32.0,32.0,32.5,32.5,32.0,31.5,30.5,29.0,27.5,26.0,23.5,21.5,19.0,16.5,14.5,13.0,12.0,11.0,10.5,11.0,12.0,13.5,15.5,18.5,22.5,27.0,32.5,38.0,44.5,51.5,58.0,64.5,70.5,76.5,82.5,88.5,95.0,100.5,105.5,109.5,112.5,114.5,116.0,117.0,117.0,115.5,113.5,110.0,106.0,101.0,96.0,90.5,84.5,78.5,72.5,66.5,61.5,56.5,52.0,48.0,44.5,42.0,39.5,37.5,36.0,35.0,34.5,34.0,34.0,33.5,33.5,33.0,32.5,32.0,32.0,32.0,31.5,31.5,31.0,31.0,31.0,31.0,31.5,31.5,32.0,32.0,32.5,32.5,32.0,32.0,31.5,31.0,30.5,30.0,29.5,29.0,28.5,28.0,28.0,28.0,28.0,28.0,28.0,28.5,28.5,28.5,29.0,29.0,29.0,29.0,28.5,28.5,28.5,28.0,28.0,27.5,27.5,27.5,27.5,27.5,27.5,28.0,28.0,28.5,29.0,29.0,29.0,29.0,29.0,29.0,29.0,29.0,29.0,28.5,28.0,28.0,27.5,27.5,27.0,27.0,27.0,27.5,27.5,28.0,28.0,28.0,28.5,28.5,28.5,28.0,28.0,27.5,27.0,26.5,26.5,26.5,27.0,27.0,27.5,27.5,28.0,28.0,28.5,29.0,29.0,29.5,30.0,30.0,30.0,30.0,29.5,29.5,29.0,28.5,28.5,28.0,27.5,27.5,27.0,27.0,27.0,27.5,27.5,28.0,28.5,29.0,29.0,29.5,29.0,29.0,29.0,29.0,29.0,28.5,28.0,27.5,27.5,27.0,27.5,27.5,28.0,28.5,29.5,30.0,30.0,30.5,30.5,30.5,30.5,30.5,30.0,29.5,29.5,29.0,28.5,28.5,28.5,28.5,28.5,29.0,29.0,29.0,29.0,29.0,29.5,29.5,29.5,29.5,29.5,29.0,29.0,28.5,28.5,28.0,28.0,27.5,27.0,27.0,27.0,27.5,27.5,28.0,28.5,0.0,0.0
38.5,38.5,38.5,38.5,39.0,39.0,39.5,39.5,40.0,40.5,40.5,40.5,40.5,40.5,40.5,40.5,41.0,41.0,41.0,41.0,41.0,41.0,41.5,42.5,43.0,43.5,44.0,44.0,44.5,44.5,45.0,45.0,45.0,44.5,44.0,43.5,43.0,42.0,41.5,41.0,41.0,40.5,40.5,41.0,41.0,41.5,42.0,42.0,42.5,43.0,43.0,43.5,43.5,43.5,43.5,43.0,43.0,43.0,43.0,43.0,43.0,43.0,43.5,43.5,44.0,44.5,45.0,45.0,45.5,46.0,45.5,45.5,45.0,44.5,44.0,43.5,43.0,42.5,42.0,42.0,42.0,41.5,41.5,42.0,42.0,42.5,42.5,43.0,43.0,43.5,43.5,43.0,43.0,43.0,42.5,42.0,41.5,41.0,40.5,40.0,39.0,38.5,37.5,36.5,35.5,34.0,33.0,31.5,30.0,28.5,27.0,26.0,25.0,24.5,24.5,24.5,25.5,27.0,29.0,32.0,36.0,40.5,46.0,52.5,59.5,67.0,74.0,81.0,87.5,94.0,100.5,106.5,111.5,116.0,119.0,121.0,122.0,122.5,122.5,122.0,121.5,120.0,117.5,114.5,111.0,107.0,102.5,97.5,92.5,88.0,83.0,78.5,74.0,69.5,65.0,61.0,57.5,54.0,51.5,49.5,48.0,47.5,47.5,47.5,47.5,47.5,48.0,48.0,48.5,48.5,48.0,48.0,47.5,47.0,47.0,46.5,46.0,46.0,45.5,45.0,45.0,44.5,44.5,44.5,44.5,45.0,45.0,45.0,45.0,45.0,45.0,45.0,44.5,44.5,44.5,44.0,44.0,43.5,43.5,43.0,43.0,43.0,43.0,43.0,43.5,43.5,44.0,44.0,44.0,44.0,43.5,43.5,43.5,43.5,43.0,42.5,42.0,41.5,41.5,41.5,41.5,41.5,41.5,42.0,42.5,43.0,43.0,43.5,44.0,44.0,44.0,44.0,44.0,44.0,43.5,43.0,42.5,42.0,41.5,41.0,40.5,40.5,40.0,40.0,39.5,39.0,38.5,38.0,37.5,37.5,37.5,38.0,38.5,39.0,40.0,41.0,42.0,43.0,43.5,44.0,44.5,44.5,45.0,45.5,45.5,45.5,46.0,46.0,46.0,45.5,45.0,45.0,44.5,44.0,43.5,43.0,43.0,42.5,42.0,42.0,42.0,42.0,42.0,42.0,42.0,42.5,42.5,42.5,43.0,43.0,43.0,43.0,42.5,42.5,42.5,42.0,42.0,42.0,41.5,41.5,42.0,42.0,42.5,43.0,43.0,43.5,44.0,44.0,44.0,44.5,44.5,44.5,44.5,44.0,43.5,43.0,42.5,42.0,42.0,41.5,0.0,0.0
31.0,31.0,31.0,31.0,31.0,31.5,32.0,32.0,32.5,33.0,33.5,33.5,33.5,33.5,33.5,33.0,33.0,32.5,32.0,32.0,31.5,31.5,31.5,31.5,31.5,32.0,32.0,32.5,32.5,33.0,33.0,33.5,34.0,34.0,34.0,34.0,33.5,33.0,33.0,32.5,32.5,32.5,32.5,32.5,33.0,33.5,34.0,34.5,34.5,35.0,35.0,35.0,35.0,35.5,35.5,35.5,35.5,35.0,35.0,35.0,35.0,35.0,35.0,35.0,35.0,35.0,35.0,35.5,36.0,36.0,36.5,37.0,37.0,37.0,37.0,37.0,36.5,36.5,36.5,36.0,36.0,36.0,35.5,35.5,35.5,35.5,36.0,36.5,37.0,37.5,37.5,38.0,37.5,37.5,37.5,37.5,37.0,37.5,37.5,37.5,37.5,37.5,37.5,37.5,37.5,37.5,38.0,38.0,39.0,39.5,40.0,40.5,40.5,40.5,40.5,40.5,40.5,40.0,40.0,39.5,39.0,39.0,38.5,38.5,38.5,38.5,38.5,38.5,39.0,39.0,39.5,40.0,40.0,40.5,40.5,40.5,40.0,40.0,39.5,39.5,39.0,39.0,39.5,39.5,40.0,40.5,41.0,41.5,42.5,43.0,43.5,44.0,44.5,44.5,44.0,44.0,43.5,43.0,43.0,42.5,42.5,43.0,43.0,43.5,43.5,43.5,43.5,44.0,44.5,45.0,45.5,45.5,46.0,45.5,45.5,45.0,44.5,44.0,44.0,43.5,43.5,43.0,43.0,43.5,44.0,44.0,44.5,45.0,45.5,46.0,46.5,47.0,47.0,47.0,46.5,46.5,46.5,46.0,46.0,46.0,45.5,46.0,46.0,46.0,46.5,46.5,47.0,47.0,47.5,47.5,48.0,48.0,48.0,48.5,48.0,48.0,47.5,47.0,47.0,46.5,46.0,46.0,45.5,45.5,46.0,46.0,46.5,47.0,48.0,48.5,49.0,49.5,49.5,49.5,49.5,49.5,49.0,49.0,48.5,48.5,48.5,48.0,48.0,48.0,48.0,48.5,49.0,49.5,50.0,50.0,50.5,50.5,50.5,50.0,50.0,49.5,49.5,49.5,49.5,49.0,49.0,48.5,48.5,48.0,48.0,48.0,48.5,48.5,49.0,49.0,49.5,49.5,50.0,49.5,49.5,49.5,49.0,49.0,49.0,48.5,48.5,49.0,49.0,49.5,50.0,50.5,51.0,52.0,52.0,52.5,52.5,53.0,53.0,53.0,52.5,52.0,51.5,51.0,50.5,50.0,49.5,49.5,49.5,49.0,49.0,49.5,49.5,50.0,50.5,50.5,50.5,50.5,50.0,50.0,49.5,49.5,49.0,49.0,48.5,48.0,0.0,0.0
49.0,49.0,49.5,49.5,49.5,49.5,49.0,48.5,48.5,48.0,48.0,47.5,47.5,47.5,48.0,48.0,48.5,49.0,49.0,49.5,49.5,49.5,50.0,50.0,50.0,50.0,50.0,50.0,50.0,50.0,49.5,49.5,49.5,49.5,50.0,50.0,50.5,51.0,51.5,51.5,51.5,51.5,51.5,51.5,51.0,51.0,50.5,50.0,49.5,49.0,48.5,48.0,48.0,48.0,48.0,48.5,48.5,49.0,49.0,49.5,49.5,49.5,49.5,49.0,49.0,49.0,48.5,48.0,47.5,47.0,46.5,45.5,45.5,45.0,45.5,45.5,45.5,46.0,46.5,47.0,47.0,47.5,47.5,47.5,47.0,46.5,46.0,45.5,45.0,44.5,44.0,44.0,44.0,44.5,45.0,45.5,46.5,47.0,47.5,48.0,48.5,49.0,49.5,50.0,50.0,50.0,50.0,49.5,49.0,49.0,48.5,48.0,48.0,48.0,48.0,48.5,49.0,49.5,50.5,51.0,51.0,51.5,51.0,51.0,50.5,50.5,50.0,49.5,49.0,49.0,48.5,48.5,49.0,49.0,49.0,49.5,49.5,50.0,50.5,50.5,50.5,51.0,51.0,51.0,51.0,51.0,50.5,50.0,49.5,49.0,48.5,48.5,48.0,48.0,48.0,48.0,48.5,49.5,50.0,51.0,51.5,52.0,52.0,52.0,51.5,51.5,51.0,50.5,50.5,50.0,50.0,49.5,49.5,50.0,50.0,50.5,50.5,51.0,51.5,52.0,52.0,52.5,52.0,51.5,50.5,49.0,47.5,46.0,44.0,41.5,39.5,37.5,35.5,34.0,32.5,31.5,31.0,31.0,31.5,33.0,34.5,37.0,39.5,43.0,47.0,51.0,56.0,62.0,68.0,74.5,81.0,87.0,93.0,99.0,105.5,111.5,117.0,122.0,126.0,129.0,130.5,131.0,131.5,131.0,130.0,128.0,125.0,121.5,117.0,112.0,107.0,101.5,96.0,91.0,86.0,81.5,77.0,73.0,69.5,66.0,63.0,60.5,58.5,57.0,55.5,54.5,54.0,53.5,53.0,53.0,53.0,52.5,52.5,52.5,52.0,52.0,51.5,51.0,51.0,50.5,50.0,49.5,48.5,48.0,47.5,47.0,47.0,47.5,48.0,48.5,49.5,50.0,50.5,51.0,51.0,51.5,51.5,51.5,51.5,51.5,51.0,51.0,50.0,49.5,49.0,48.5,48.0,47.5,47.0,47.0,47.0,47.0,47.0,47.0,47.5,47.5,47.5,48.0,48.0,48.5,48.5,49.0,49.0,49.5,49.5,49.0,48.5,48.0,47.5,47.0,46.5,46.5,46.5,46.5,46.5,46.5,47.0,47.0,47.0,47.5,0.0,0.0
67.5,68.0,68.0,68.5,69.0,69.0,69.0,69.0,69.0,69.0,69.0,68.5,68.0,67.5,67.0,66.5,66.5,66.5,66.5,66.5,67.0,67.0,67.5,67.5,67.5,67.5,67.5,67.0,66.5,66.0,65.0,64.5,63.5,62.0,61.0,60.5,60.0,60.0,60.5,62.0,63.0,64.5,66.0,67.0,68.0,69.0,69.5,69.5,69.5,69.5,69.0,68.0,67.5,66.5,66.0,65.0,64.5,64.0,63.5,63.5,63.5,63.5,64.0,64.0,64.0,64.5,64.5,64.5,64.5,64.5,64.0,64.0,63.5,63.0,63.0,62.5,62.5,62.5,62.0,62.0,62.0,62.5,62.5,62.5,63.0,63.5,63.5,64.0,64.0,64.0,63.5,63.5,63.0,62.5,62.5,62.0,61.5,61.5,61.5,61.5,62.0,62.5,63.0,63.0,63.5,63.5,64.0,64.0,63.5,63.0,63.0,62.5,62.0,62.0,62.0,62.0,62.5,62.5,62.5,63.0,63.0,63.5,63.5,63.5,64.0,64.0,64.0,64.0,64.0,63.5,63.5,63.0,63.0,62.5,62.0,62.0,62.0,62.0,62.5,62.5,62.5,63.0,63.0,63.5,63.5,64.0,64.0,64.0,64.0,63.5,63.0,63.0,62.5,62.5,62.5,62.5,62.5,62.5,62.5,62.5,62.5,63.0,63.5,63.5,63.5,64.0,64.0,64.0,64.0,63.5,63.5,63.0,63.0,62.5,62.0,62.0,62.0,62.5,62.5,62.5,63.0,63.0,63.5,63.5,64.0,64.5,64.5,64.5,65.0,64.5,64.5,64.5,64.0,63.5,63.0,63.0,62.5,62.5,63.0,63.0,63.5,64.0,64.5,65.0,65.5,65.5,65.5,65.5,65.0,65.0,64.5,64.0,63.5,63.5,63.5,63.5,63.5,63.5,63.5,63.5,63.5,63.5,64.0,64.0,64.5,64.5,64.5,64.5,64.5,64.0,64.0,63.5,63.0,62.5,62.5,62.5,62.5,62.5,62.5,63.0,63.5,63.5,63.5,63.5,64.0,63.5,63.5,63.5,63.0,63.0,62.5,62.0,62.0,61.5,61.5,61.0,61.0,61.0,61.0,61.0,61.5,61.5,62.0,62.0,62.0,62.5,62.5,62.0,62.0,61.5,61.0,60.5,60.0,59.0,59.0,58.5,58.5,58.5,58.5,58.5,58.5,59.0,59.0,59.0,59.0,59.0,59.0,58.5,58.0,57.5,57.0,56.0,55.5,55.0,55.0,55.0,55.0,55.5,56.0,57.0,57.5,58.5,59.5,60.5,61.0,61.5,62.0,62.0,62.5,62.0,62.0,62.0,61.5,61.0,60.5,60.5,60.0,60.0,60.0,60.0,0.0,0.0
30.0,29.5,29.0,28.0,27.5,26.5,26.0,25.5,25.0,25.0,24.5,24.5,24.5,24.5,25.0,25.0,25.5,25.5,26.0,26.0,26.0,26.5,26.5,26.0,26.0,25.5,25.0,24.5,24.0,24.0,23.5,23.5,23.5,23.5,24.0,24.0,24.0,24.0,24.0,24.0,24.5,24.5,24.5,24.5,24.0,23.5,23.0,22.5,22.0,21.5,21.0,20.5,20.5,20.5,21.0,21.0,21.0,21.0,21.0,21.0,21.5,21.5,21.5,21.5,22.0,22.0,22.0,22.0,22.0,22.5,23.0,23.5,24.0,24.5,25.0,25.5,25.5,25.5,26.0,26.0,26.0,26.0,26.0,26.0,26.0,25.5,25.0,24.5,24.0,23.5,23.0,22.5,22.0,22.0,22.0,22.0,22.5,22.5,23.0,23.0,23.0,22.5,22.5,22.0,22.0,21.5,21.5,21.0,20.5,20.5,20.0,20.0,19.5,19.5,19.5,20.0,20.0,20.5,21.0,21.5,21.5,22.0,22.0,22.0,21.5,21.5,20.5,20.0,19.5,19.0,19.0,19.0,19.0,19.0,19.0,19.0,19.5,19.5,20.0,20.0,20.5,20.5,21.0,21.0,21.0,20.5,20.5,20.0,19.5,19.0,19.0,18.5,18.0,17.5,17.0,16.0,15.0,13.5,12.0,10.0,8.5,6.5,5.0,4.0,2.5,2.0,1.5,1.5,2.0,3.5,5.5,8.0,11.5,16.5,21.5,28.0,35.0,42.5,50.0,57.5,64.0,71.0,77.0,83.5,89.5,95.0,99.5,102.5,104.5,105.5,105.5,105.5,105.0,103.5,101.5,98.5,95.0,91.0,86.5,82.0,77.0,71.5,66.5,61.0,55.5,50.5,45.5,41.0,37.5,34.0,31.0,29.0,27.0,26.0,25.0,25.0,24.5,25.0,25.0,25.0,25.5,25.5,25.5,25.5,25.0,25.0,24.5,24.5,24.0,23.5,23.0,22.5,22.5,22.5,22.5,23.0,23.0,23.5,23.5,24.0,23.5,23.5,23.0,23.0,22.5,22.0,21.5,21.0,20.5,20.5,20.0,20.0,20.0,20.0,20.0,20.0,20.5,20.5,21.0,21.0,21.5,21.5,21.5,21.5,21.5,21.5,21.0,20.5,20.5,20.5,20.5,20.5,20.5,20.5,21.0,21.0,21.5,21.5,22.0,22.0,22.0,22.5,22.5,22.5,22.0,21.5,21.0,20.5,20.0,19.5,19.0,18.5,18.5,18.5,19.0,19.0,19.5,20.0,20.5,21.0,21.0,21.5,22.0,22.0,22.0,21.5,21.5,21.0,20.5,20.5,20.0,20.0,20.0,20.0,20.5,20.5,21.0,21.0,21.5,22.0,0.0,0.0
36.0,37.0,38.0,38.5,39.0,39.0,38.5,38.5,38.0,37.5,36.5,36.0,35.5,35.0,34.0,33.5,33.0,32.5,32.0,31.5,31.5,31.5,32.0,32.5,33.0,33.5,33.5,34.0,34.0,34.0,34.0,33.5,33.5,33.0,32.0,31.5,31.5,31.0,31.0,30.5,30.5,30.5,30.5,30.5,30.5,30.5,30.5,31.0,31.0,30.5,30.5,30.0,29.0,28.5,28.0,27.5,27.5,27.5,27.5,28.0,28.5,29.0,29.5,30.5,31.0,32.0,32.5,33.5,34.0,34.5,34.5,35.0,35.0,34.5,34.0,33.5,33.0,33.0,33.0,32.5,32.5,32.5,33.0,33.0,33.5,33.5,34.0,34.0,34.0,34.0,33.5,33.5,33.0,33.0,32.5,32.0,31.5,31.0,30.5,30.5,30.5,31.0,31.5,32.0,32.5,33.0,33.5,33.5,34.0,34.0,34.0,33.5,33.5,33.5,33.0,32.5,32.0,31.5,31.0,31.0,30.5,30.5,31.0,31.0,31.5,32.0,32.0,32.0,32.5,32.5,32.0,32.0,32.0,31.5,31.5,31.5,31.5,31.5,31.5,31.5,31.5,31.5,32.0,32.0,32.5,32.5,32.0,31.5,30.5,29.0,27.5,26.0,23.5,21.5,19.0,16.5,14.5,13.0,12.0,11.0,10.5,11.0,12.0,13.5,15.5,18.5,22.5,27.0,32.5,38.0,44.5,51.5,58.0,64.5,70.5,76.5,82.5,88.5,95.0,100.5,105.5,109.5,112.5,114.5,116.0,117.0,117.0,115.5,113.5,110.0,106.0,101.0,96.0,90.5,84.5,78.5,72.5,66.5,61.5,56.5,52.0,48.0,44.5,42.0,39.5,37.5,36.0,35.0,34.5,34.0,34.0,33.5,33.5,33.0,32.5,32.0,32.0,32.0,31.5,31.5,31.0,31.0,31.0,31.0,31.5,31.5,32.0,32.0,32.5,32.5,32.0,32.0,31.5,31.0,30.5,30.0,29.5,29.0,28.5,28.0,28.0,28.0,28.0,28.0,28.0,28.5,28.5,28.5,29.0,29.0,29.0,29.0,28.5,28.5,28.5,28.0,28.0,27.5,27.5,27.5,27.5,27.5,27.5,28.0,28.0,28.5,29.0,29.0,29.0,29.0,29.0,29.0,29.0,29.0,29.0,28.5,28.0,28.0,27.5,27.5,27.0,27.0,27.0,27.5,27.5,28.0,28.0,28.0,28.5,28.5,28.5,28.0,28.0,27.5,27.0,26.5,26.5,26.5,27.0,27.0,27.5,27.5,28.0,28.0,28.5,29.0,29.0,29.5,30.0,30.0,30.0,30.0,29.5,29.5,29.0,28.5,28.5,28.0,27.5,27.5,0.0,0.0
68.5,68.5,68.5,68.0,67.5,67.0,66.5,66.0,65.5,65.5,65.0,65.0,64.5,64.5,64.0,64.5,64.5,65.5,66.5,67.5,69.0,70.0,71.0,71.5,72.5,73.0,73.0,73.0,73.0,73.0,73.5,73.5,73.5,73.0,73.0,72.5,72.5,72.0,71.5,71.0,70.5,70.0,70.0,69.5,69.5,69.0,69.0,68.5,68.5,68.5,68.5,68.5,69.0,69.0,69.0,69.5,70.0,70.0,70.0,70.0,70.0,69.5,69.5,69.0,68.5,68.5,68.0,68.0,68.0,68.0,68.0,68.0,68.5,69.0,69.5,70.0,70.0,70.5,70.0,70.0,70.0,69.5,69.5,69.5,69.0,69.0,68.5,68.5,68.5,69.0,69.0,69.5,69.5,70.0,70.5,71.0,71.5,71.5,71.0,71.0,70.5,70.5,70.0,69.5,69.0,69.0,68.5,68.5,68.5,69.0,69.5,69.5,70.0,70.0,70.5,70.5,71.0,71.5,72.0,72.0,72.0,72.0,72.0,71.5,71.5,71.0,70.5,70.0,70.0,70.0,69.5,69.5,69.5,70.0,70.5,70.5,71.0,71.0,71.5,71.0,71.0,70.5,70.0,69.5,69.5,69.0,69.0,68.5,68.5,68.5,69.0,69.0,69.5,69.5,70.0,71.0,71.5,71.5,72.0,72.0,72.0,71.5,71.5,71.0,71.0,70.5,70.0,69.5,69.5,69.5,70.0,71.0,72.0,72.5,73.0,73.5,74.0,74.0,74.0,74.5,74.0,74.0,73.5,73.0,72.5,72.5,72.0,72.0,71.5,71.5,72.0,72.0,72.5,72.5,72.5,72.5,72.5,72.5,73.0,73.0,73.0,73.0,73.0,73.0,72.5,72.0,71.5,71.5,71.5,71.5,72.0,72.5,73.0,73.5,74.5,75.0,75.5,76.0,76.0,76.0,75.5,75.0,74.5,73.5,73.0,73.0,73.0,73.0,73.0,73.5,73.5,73.5,74.0,74.5,74.5,75.0,75.5,75.5,75.5,75.5,75.0,75.0,75.0,74.5,74.5,74.0,74.0,73.5,73.5,73.5,73.5,74.0,74.0,74.5,74.5,74.5,74.5,74.5,75.0,75.0,75.0,75.0,74.5,74.5,74.0,74.0,73.5,73.5,73.5,74.0,74.0,75.0,75.5,76.0,76.5,77.0,77.5,77.5,77.5,77.0,76.5,76.0,76.0,75.5,75.5,75.0,75.0,75.0,74.5,74.5,74.5,74.5,74.5,74.5,75.0,75.0,75.0,75.0,75.0,74.5,74.0,73.5,73.0,73.0,72.5,72.5,72.5,72.5,72.5,72.5,72.5,73.0,74.0,75.0,76.0,77.0,78.0,78.5,78.5,78.0,0.0,0.0
50.0,49.5,49.0,48.5,47.5,47.0,47.0,46.5,46.5,47.0,47.0,47.0,47.0,46.5,46.0,45.0,44.5,44.0,43.5,43.0,42.5,42.5,42.5,42.5,43.0,43.5,43.5,44.0,44.5,45.0,45.0,45.0,45.0,45.0,45.0,45.0,45.0,44.5,44.5,44.0,44.0,43.5,43.5,43.0,43.0,43.5,43.5,44.0,44.0,44.5,44.5,44.5,44.0,44.0,44.5,44.5,44.0,44.0,43.5,43.5,43.0,43.0,42.5,42.5,42.5,42.5,42.5,43.0,43.0,43.5,44.0,44.5,45.0,45.0,45.0,45.0,44.5,44.0,44.0,43.5,43.5,43.0,43.0,43.0,43.0,43.0,43.0,43.0,43.5,43.5,43.5,44.0,44.5,44.5,45.0,44.5,44.5,44.0,43.5,43.0,43.0,43.0,43.0,43.0,43.0,43.0,43.5,43.5,43.5,43.5,43.5,43.5,43.5,43.5,43.5,44.0,44.0,44.0,44.0,44.0,43.5,43.5,43.5,44.0,44.5,45.0,45.5,45.5,45.5,45.0,45.0,44.5,44.0,44.0,44.0,44.0,44.0,44.0,44.0,43.5,43.0,42.5,42.0,42.0,41.5,41.5,41.5,42.0,42.5,42.5,42.5,43.0,43.0,43.5,43.5,43.5,43.0,43.0,42.5,42.5,42.0,42.0,41.5,41.5,41.5,41.5,41.5,42.0,42.0,42.5,43.0,43.5,44.0,44.0,44.0,43.5,43.0,42.0,41.0,40.0,39.5,38.5,38.0,38.0,38.0,38.0,38.0,38.5,39.0,39.5,40.0,40.5,41.0,41.0,41.0,41.0,40.5,39.5,39.0,38.5,38.0,38.5,38.5,39.5,40.0,41.0,41.5,42.0,42.5,42.5,42.5,42.5,42.5,42.0,41.5,41.0,40.0,39.5,38.5,38.0,37.5,37.0,36.5,36.5,36.5,36.5,36.5,36.5,37.0,37.5,37.5,38.0,38.0,38.0,38.0,38.0,38.0,38.0,37.5,37.5,37.0,36.5,36.5,36.0,35.5,35.0,34.5,34.5,34.5,34.5,35.0,35.5,36.5,37.0,37.0,37.0,37.0,36.5,36.0,35.5,35.5,36.0,36.0,36.5,37.0,37.5,38.0,39.0,39.5,40.0,40.0,40.0,40.0,40.0,39.5,39.0,38.5,38.0,37.5,37.0,36.5,36.5,36.5,36.5,36.5,36.5,37.0,37.0,37.0,37.0,37.5,37.5,38.0,38.0,38.0,37.5,37.5,37.0,36.0,36.0,35.5,35.5,35.5,35.5,35.5,36.0,36.0,35.5,35.5,35.0,35.0,35.0,35.5,36.0,36.0,36.5,36.5,36.5,36.0,35.5,0.0,0.0
37.5,38.0,38.0,38.5,39.0,39.0,39.0,39.0,39.0,39.0,38.5,38.5,38.0,38.0,38.0,37.5,37.5,37.5,37.5,37.5,38.0,38.0,38.5,39.0,40.0,40.5,40.5,41.0,41.0,41.0,41.0,41.0,41.0,41.0,41.0,41.0,40.5,40.5,40.5,40.5,41.0,41.5,42.0,42.0,42.0,42.0,42.0,41.5,41.0,41.0,40.5,40.0,40.0,40.0,40.0,39.5,39.5,40.0,40.0,40.0,40.5,41.0,41.0,41.5,41.5,41.5,41.5,41.5,41.5,41.5,41.5,41.5,41.5,41.5,41.5,42.0,42.0,42.5,42.5,43.0,43.5,44.0,44.5,45.0,45.0,45.5,45.5,45.5,45.5,45.0,45.0,44.5,44.0,43.5,43.5,43.5,44.0,44.5,45.0,45.5,46.5,47.0,47.5,48.0,48.5,48.5,49.0,49.0,49.0,48.5,48.5,48.5,48.5,48.0,48.0,48.0,47.5,48.0,48.0,48.5,49.0,49.5,50.0,50.5,50.5,51.0,50.5,50.5,50.0,50.0,49.5,49.5,49.0,49.0,49.0,49.0,49.0,49.0,49.5,50.0,50.5,51.0,51.0,51.5,52.0,52.0,52.0,52.0,51.5,51.5,51.5,51.0,50.5,50.5,50.0,50.0,50.0,50.0,50.5,50.5,51.0,51.0,51.5,51.5,52.0,52.0,52.5,52.5,52.5,52.5,53.0,53.0,53.0,53.0,53.0,52.5,52.5,52.5,52.5,53.0,53.5,54.0,54.5,54.5,54.5,54.5,55.0,55.0,55.0,54.5,54.5,54.0,53.5,53.5,53.5,53.5,53.5,53.5,53.5,54.0,54.0,54.5,55.0,55.5,55.5,56.0,56.0,56.0,55.5,55.5,55.5,55.5,55.5,55.5,55.5,55.0,55.0,55.0,55.5,55.5,56.0,56.0,56.5,56.5,56.5,57.0,57.0,57.5,57.0,57.0,57.0,56.5,56.5,57.0,57.0,57.5,57.5,58.0,58.5,59.0,59.5,60.0,60.5,61.0,61.0,61.0,61.0,60.5,60.5,60.0,59.5,59.0,58.5,58.0,58.0,58.0,58.0,58.0,58.0,58.5,58.5,58.5,59.0,59.0,59.0,58.5,58.5,58.5,58.0,58.0,57.5,57.0,57.0,57.0,57.0,56.5,56.5,56.5,56.5,56.5,57.0,57.5,58.5,59.0,59.5,60.0,60.5,61.0,61.0,61.0,60.5,60.5,60.5,61.0,61.0,61.0,61.0,61.0,61.0,61.0,61.5,61.5,62.0,62.0,62.0,62.0,61.5,61.0,60.5,60.0,60.0,60.0,60.0,60.5,60.5,60.5,60.5,61.0,61.0,61.5,0.0,0.0
30.0,30.5,31.0,31.5,32.0,32.0,32.0,32.0,32.0,31.5,31.5,31.0,30.5,30.0,29.5,29.0,29.0,29.0,29.0,29.0,29.0,29.0,29.5,30.0,30.5,31.0,31.5,31.5,31.5,31.5,31.5,31.0,30.5,30.0,30.0,30.0,30.0,30.5,30.5,31.0,31.5,32.0,32.0,32.5,33.0,33.5,33.5,33.5,34.0,34.0,33.5,33.5,33.5,33.0,32.5,32.0,31.5,31.0,31.0,31.0,31.0,31.0,31.0,31.5,31.5,31.5,32.0,32.0,32.0,32.0,32.0,31.5,31.0,30.5,30.0,29.5,29.5,29.0,29.0,29.0,29.5,30.0,30.5,31.0,31.5,32.0,32.5,32.5,32.5,32.5,32.5,32.0,31.5,31.0,31.0,30.5,30.5,30.5,30.5,30.5,30.5,31.0,31.0,31.5,31.5,32.0,32.5,33.0,33.0,33.0,32.5,32.5,32.0,32.0,31.5,31.5,31.5,31.5,31.5,31.5,31.5,31.5,32.0,32.5,33.0,33.5,33.5,33.5,33.5,33.5,33.5,33.0,33.0,32.5,32.0,32.0,31.5,31.5,31.0,31.0,31.5,31.5,32.0,32.0,32.5,32.5,32.5,32.5,32.5,32.5,32.0,32.0,31.5,31.5,31.0,31.0,30.5,30.5,30.5,31.0,31.5,32.0,32.5,33.0,33.5,34.0,34.5,34.5,34.5,34.5,34.0,33.5,33.0,32.5,32.5,32.5,32.5,32.5,32.0,32.0,32.0,32.5,32.5,33.0,33.0,33.5,34.0,34.0,34.5,34.5,34.5,34.5,34.0,33.5,33.0,33.0,32.5,32.5,33.0,33.0,33.5,34.0,34.0,34.5,35.0,35.0,35.5,35.5,35.0,34.5,34.0,33.5,33.0,32.5,32.0,32.0,31.5,31.0,31.0,31.0,31.0,31.5,32.0,32.0,32.5,32.5,32.5,32.5,32.0,32.0,32.0,31.5,31.0,30.5,30.0,29.5,29.5,29.5,29.5,30.0,30.5,31.5,32.5,33.5,34.5,35.5,36.0,36.5,37.0,37.0,37.0,36.5,36.0,35.5,35.0,34.5,34.5,34.0,34.0,34.5,35.0,35.0,35.5,35.5,35.5,35.5,35.5,35.0,34.5,34.0,33.5,33.5,33.0,32.5,32.0,32.0,31.5,31.5,31.5,31.5,32.0,32.5,33.0,34.0,34.0,34.5,34.5,35.0,35.0,35.5,35.5,35.0,35.0,34.5,34.0,33.5,33.0,32.5,33.0,33.0,33.5,34.0,34.0,34.5,34.5,35.0,35.0,35.0,35.0,35.0,35.0,34.5,34.5,34.0,33.5,33.0,33.0,32.5,32.5,33.0,0.0,0.0
27.5,28.0,28.5,29.5,30.5,31.0,31.0,31.5,31.5,31.5,31.5,31.5,31.0,31.0,31.0,30.5,30.5,30.0,30.0,29.5,29.5,29.0,28.5,28.0,27.5,27.0,26.5,26.5,26.0,26.0,26.0,26.0,26.5,27.0,27.0,27.5,27.5,28.0,28.0,28.0,27.5,27.0,27.0,26.5,26.0,25.5,25.5,25.0,25.0,25.0,25.0,25.5,25.5,26.0,26.5,27.0,27.0,27.5,27.5,27.5,28.0,28.0,28.0,27.5,27.0,26.5,26.0,25.5,25.0,25.5,25.5,26.0,27.0,27.5,28.0,28.0,28.0,28.0,27.5,27.5,27.0,27.0,26.5,26.0,25.5,25.0,25.0,24.5,24.5,24.0,24.0,24.0,24.5,24.5,25.0,25.0,25.5,25.5,25.5,25.5,25.5,25.0,24.5,24.5,24.0,24.0,24.0,24.0,24.0,24.0,24.0,24.5,24.5,25.0,25.0,25.0,25.5,25.5,25.5,25.5,25.5,25.5,25.5,25.0,25.0,25.0,24.5,24.0,24.0,24.0,24.0,24.5,24.5,25.0,25.5,26.0,26.5,26.5,27.0,27.0,27.0,26.5,26.5,26.0,25.5,25.0,25.0,25.0,24.5,24.5,25.0,25.5,26.0,26.5,27.0,27.0,27.5,27.5,27.5,27.0,26.5,26.0,26.0,25.5,25.0,24.5,24.5,24.0,24.0,24.0,24.5,24.5,25.0,25.5,25.5,26.0,26.0,26.5,26.5,26.5,26.5,26.5,26.5,26.5,26.0,26.0,25.5,25.5,25.5,25.5,26.0,26.0,26.0,26.0,26.5,26.5,27.0,27.0,27.0,27.0,27.0,26.5,26.0,26.0,25.5,25.5,25.0,25.0,24.5,24.5,24.5,24.5,24.5,24.5,25.0,25.5,25.5,25.5,26.0,26.0,26.0,25.5,25.5,25.0,25.0,24.5,24.5,24.5,24.5,25.0,25.5,26.0,26.0,26.5,27.0,27.5,27.5,28.0,28.0,28.0,28.0,27.5,27.5,27.0,26.5,26.5,26.5,26.5,26.5,26.0,26.5,26.5,27.0,27.0,27.5,28.0,28.0,28.5,28.5,28.5,28.0,28.0,27.5,27.0,26.5,26.5,26.0,26.0,26.0,26.0,26.5,27.0,27.0,27.5,27.5,27.5,28.0,28.0,28.0,28.0,27.5,27.5,27.0,26.5,26.0,26.0,25.5,25.5,25.5,26.0,26.0,26.5,27.0,27.5,28.0,28.0,28.5,28.5,28.5,28.5,28.5,28.0,28.0,27.5,27.5,27.0,27.0,26.5,26.5,26.5,26.5,26.5,26.5,27.0,27.0,27.5,27.5,28.0,28.0,28.0,0.0,0.0
69.0,69.0,69.0,69.0,69.0,69.5,69.5,69.5,69.0,69.0,69.0,69.0,68.5,68.5,68.5,68.5,69.0,69.0,69.5,70.0,70.0,70.0,70.5,70.5,70.5,70.5,70.0,69.5,69.0,68.5,68.0,67.5,67.5,67.0,67.0,66.5,66.5,66.5,67.0,67.0,67.5,68.0,68.5,68.5,69.0,69.0,69.0,69.0,68.5,68.5,68.0,68.0,67.5,67.5,67.5,67.5,67.5,68.0,68.0,68.5,69.0,69.0,69.0,69.0,69.0,68.5,68.0,67.5,67.5,67.0,67.0,66.5,66.5,66.0,66.0,66.0,66.0,66.0,66.5,67.0,67.5,68.0,68.5,69.0,69.0,69.0,69.0,69.0,68.5,68.5,68.5,68.0,68.0,67.5,67.0,67.0,67.0,67.5,68.0,68.0,68.5,68.5,69.0,69.5,69.5,70.0,70.0,70.0,69.5,69.0,69.0,68.5,68.0,67.5,67.5,67.5,67.5,67.5,68.0,68.0,68.5,69.0,69.0,69.5,69.5,70.0,70.0,70.0,69.5,69.5,69.0,68.5,67.5,67.5,67.0,67.0,67.5,67.5,68.0,68.5,69.0,69.0,69.5,69.5,69.5,69.5,69.5,69.5,69.5,69.0,68.5,68.5,68.0,67.5,67.5,67.5,68.0,68.0,68.5,68.5,68.5,68.5,68.5,68.5,68.5,68.5,68.5,68.0,67.5,67.5,67.0,66.5,66.5,66.0,66.0,66.0,66.0,66.0,66.0,66.5,66.5,67.0,67.0,67.0,67.0,67.5,67.5,67.5,67.0,67.0,66.5,66.0,66.0,66.0,66.0,66.5,67.5,68.0,69.0,69.5,70.5,71.5,72.0,73.0,73.0,73.5,73.0,73.0,72.5,72.0,72.0,71.5,71.0,71.0,71.0,71.5,71.5,71.5,71.5,71.5,71.5,71.5,71.5,71.0,71.0,71.0,71.0,71.0,70.5,70.5,70.5,70.0,69.5,69.0,68.5,68.5,68.5,69.0,69.0,69.5,70.0,70.5,71.0,71.5,71.5,71.0,70.5,70.0,70.0,69.5,69.5,69.5,69.5,69.5,69.5,69.5,69.5,70.0,70.5,71.0,71.5,72.0,72.5,72.5,72.5,72.5,72.0,72.0,71.5,71.0,70.0,70.0,69.5,69.5,69.0,69.5,69.5,69.5,70.0,70.5,70.5,70.0,69.5,69.0,67.5,66.0,64.5,62.0,59.5,57.0,54.5,52.5,50.5,49.0,48.0,47.5,48.0,49.0,50.5,53.0,55.5,59.5,63.5,68.5,74.0,80.5,87.0,94.0,101.0,107.0,113.0,118.5,124.0,129.0,134.0,138.5,143.0,146.0,148.5,150.5,0.0,0.0
3.5,3.5,3.0,2.5,2.5,2.5,2.5,2.5,2.5,2.5,3.0,3.0,3.5,3.5,3.5,3.5,3.5,3.5,3.5,3.5,3.0,3.0,2.5,2.5,2.5,2.5,2.5,3.0,3.5,4.0,4.5,5.0,5.0,5.5,5.5,5.5,5.0,4.5,4.0,3.5,3.5,3.0,2.5,2.0,1.5,1.5,1.5,1.5,2.0,2.5,3.0,3.5,4.0,4.0,4.0,4.0,3.5,3.5,3.5,3.0,3.0,2.5,2.5,3.0,3.0,4.0,4.5,5.0,5.5,6.0,6.5,7.0,7.0,7.0,7.0,6.5,6.0,5.5,5.0,5.0,5.0,5.0,5.0,5.5,6.0,6.0,6.5,7.0,7.0,7.5,8.0,8.0,8.0,8.0,8.0,7.5,7.5,7.0,6.5,6.5,6.0,6.0,6.0,6.0,6.0,6.5,6.5,7.0,7.5,7.5,8.0,8.5,9.0,9.0,9.5,9.5,9.0,8.5,8.0,8.0,7.5,7.5,7.0,7.0,7.5,7.5,8.0,8.5,8.5,9.0,9.0,9.5,9.5,9.5,9.5,9.5,9.5,9.0,9.0,9.0,9.0,9.0,9.0,8.5,8.5,8.5,9.0,9.5,9.5,10.0,10.0,10.5,10.5,11.0,11.5,12.0,12.0,12.0,11.5,10.5,10.0,9.5,9.5,9.0,9.0,9.0,9.0,8.5,8.5,8.0,8.0,7.5,7.5,7.5,7.5,7.5,7.0,6.5,6.0,5.5,5.0,5.0,5.0,5.0,5.5,6.0,6.5,7.0,8.0,9.0,9.5,10.5,11.5,11.5,12.0,12.0,11.5,11.5,11.5,11.5,11.5,11.5,12.0,12.0,12.5,12.5,12.5,13.0,13.0,13.0,13.5,13.0,13.0,13.0,13.0,12.5,12.0,11.0,10.5,10.0,9.0,9.0,9.0,8.5,9.0,9.0,9.5,10.0,10.5,10.5,11.0,11.5,12.0,12.0,12.5,12.5,12.5,12.5,12.0,11.5,11.0,11.0,10.5,10.5,10.5,11.0,11.5,12.0,12.5,13.0,13.5,14.0,14.0,14.5,15.0,15.5,15.0,15.0,14.5,14.0,14.0,13.5,13.0,13.0,13.0,13.0,13.5,13.5,14.0,14.0,14.5,15.0,15.0,15.5,15.0,14.0,13.0,11.0,9.0,6.5,4.0,1.5,-0.5,-2.5,-4.0,-5.0,-5.5,-5.5,-5.5,-4.5,-3.5,-2.0,0.5,4.0,8.0,12.5,17.5,23.5,29.5,36.0,42.5,48.5,54.5,60.0,66.0,72.5,78.5,84.5,89.5,93.5,96.5,98.0,99.0,99.5,98.5,97.0,94.5,91.0,87.0,82.0,0.0,0.0
45.0,44.5,44.5,44.0,44.0,43.5,43.0,43.0,42.5,42.0,41.5,41.5,41.0,41.0,41.0,41.0,40.5,41.0,41.0,41.0,41.5,41.5,42.0,42.0,42.0,41.5,41.5,41.0,40.5,40.0,40.0,39.5,39.0,38.5,38.5,38.5,38.5,38.5,39.0,39.5,40.0,40.5,40.5,41.0,41.0,41.0,40.5,40.5,40.5,40.5,40.5,40.5,40.5,40.5,40.5,41.0,41.0,41.0,41.5,42.0,42.0,42.5,42.5,43.0,43.0,43.0,42.5,42.0,42.0,41.5,41.5,41.5,41.0,41.0,40.5,40.5,40.5,40.5,40.5,41.0,41.0,41.5,41.5,42.0,42.0,42.0,42.0,42.0,41.5,41.0,41.0,40.5,40.0,39.5,39.0,39.0,39.0,39.5,39.5,40.0,40.0,40.0,40.5,40.5,40.5,40.5,40.5,40.0,39.5,39.0,38.5,38.0,37.5,37.0,37.0,37.0,36.5,36.5,37.0,37.0,37.5,38.0,38.0,38.5,38.5,39.0,39.0,39.0,38.5,38.5,38.5,38.0,37.5,37.0,37.0,36.5,36.5,37.0,37.0,37.5,37.5,37.5,37.5,37.0,37.0,37.0,37.0,36.5,36.0,36.0,35.5,35.5,35.0,34.5,34.0,34.0,33.5,34.0,34.0,34.5,34.5,34.5,34.5,34.5,35.0,35.0,35.0,35.0,35.0,35.5,35.5,35.5,35.5,35.5,35.5,35.5,36.0,36.5,37.5,38.0,39.0,39.5,40.0,40.0,40.0,40.0,40.0,39.5,39.5,39.0,38.5,38.0,38.0,37.5,37.0,37.0,36.5,36.5,37.0,37.0,37.0,37.0,37.5,38.0,38.5,38.5,38.5,38.5,38.5,38.5,38.5,38.0,38.0,37.5,37.5,37.5,37.5,37.5,37.5,38.0,38.0,38.0,38.5,38.5,38.5,38.5,38.5,38.0,38.0,38.0,37.5,37.5,37.0,37.0,36.5,36.5,36.5,36.5,37.0,37.0,37.0,37.5,38.0,38.0,38.5,39.0,39.0,39.0,39.0,38.5,38.0,37.5,36.5,36.0,36.0,35.5,35.5,35.5,35.0,35.0,34.0,33.0,31.5,30.0,28.0,26.0,24.0,21.5,19.5,18.0,17.0,16.0,15.5,16.0,16.5,18.0,20.0,23.0,26.5,31.0,36.5,42.5,49.5,56.5,63.5,70.5,77.0,83.0,89.0,95.0,100.5,105.0,109.0,111.5,113.5,114.0,114.5,115.0,115.0,114.0,112.5,110.0,106.5,102.5,98.0,93.0,87.5,82.0,76.5,71.0,65.5,60.5,56.0,52.0,48.0,45.5,43.0,41.0,39.5,38.5,0.0,0.0
16.5,15.5,15.0,14.0,13.5,12.5,12.0,11.5,11.0,10.5,10.5,11.0,12.0,13.0,14.5,16.0,17.0,18.0,18.5,19.0,19.0,19.0,19.0,19.0,19.0,19.0,19.0,19.0,19.0,19.0,19.0,19.0,19.0,19.0,18.5,18.5,18.0,17.5,16.5,16.0,16.0,15.5,15.5,15.5,15.5,16.0,16.5,17.5,18.5,19.0,20.0,20.5,20.5,20.5,20.0,20.0,19.5,19.0,18.5,18.5,18.5,18.0,18.0,18.5,18.5,18.5,19.0,19.0,19.5,20.0,20.5,21.0,21.5,21.5,21.5,21.5,21.5,21.0,21.0,20.5,20.0,20.0,19.5,19.5,19.5,20.0,20.0,20.5,21.0,21.5,21.5,22.0,22.0,21.5,21.5,21.0,20.5,20.5,20.0,19.5,19.0,18.5,18.5,18.5,18.5,19.0,19.5,20.0,20.0,20.5,20.5,20.5,20.5,20.5,21.0,21.0,21.0,21.0,21.0,21.0,21.0,20.5,20.5,20.5,20.5,20.5,20.5,20.5,21.0,21.0,21.5,22.0,22.0,22.5,22.5,22.0,22.0,21.5,21.0,21.0,20.5,20.0,20.0,20.0,20.5,20.5,20.5,21.0,21.0,21.5,22.0,22.0,22.0,22.5,22.5,22.0,22.0,22.0,21.5,21.5,21.5,21.5,21.5,21.5,21.5,22.0,22.0,22.0,22.5,22.5,23.0,23.5,23.5,24.0,24.0,24.0,24.0,24.0,23.5,23.0,23.0,22.5,22.5,22.5,22.5,22.5,23.0,23.5,24.0,24.0,24.0,24.0,24.0,24.0,24.0,24.0,23.5,23.5,23.0,23.0,23.0,23.0,23.0,23.0,23.5,23.5,23.5,24.0,24.5,24.5,25.0,25.5,25.5,26.0,26.0,26.0,25.5,25.5,25.0,24.5,24.0,23.5,23.0,23.0,23.0,23.0,23.0,23.5,24.0,24.5,25.0,26.0,26.0,26.5,26.5,26.5,26.5,26.0,26.0,25.5,25.5,25.5,25.5,25.5,25.5,26.0,26.5,26.5,27.0,27.0,27.0,27.0,27.0,26.5,26.5,26.5,26.0,26.0,25.5,25.0,24.5,24.0,23.5,23.0,23.0,23.0,23.0,23.5,23.5,24.0,24.0,24.5,24.5,24.5,24.5,24.5,24.5,24.0,24.0,23.5,24.0,24.0,24.0,24.5,25.0,26.0,26.5,27.5,28.0,28.5,29.0,29.0,29.0,29.0,29.0,28.5,28.5,28.5,28.0,27.5,27.0,26.5,26.0,25.5,25.0,25.0,25.5,26.0,26.5,27.0,27.0,27.5,27.5,27.5,27.5,27.5,27.5,27.0,26.5,26.0,0.0,0.0
48.5,48.0,48.0,47.5,47.5,47.0,47.0,47.0,47.0,47.5,47.5,48.0,48.5,48.5,49.0,49.0,49.0,49.0,48.5,48.5,48.0,47.5,47.0,47.0,47.0,46.5,47.0,47.0,47.0,47.5,48.0,48.5,49.0,49.0,49.5,49.5,50.0,50.0,49.5,49.5,50.0,50.0,50.0,50.0,50.0,50.0,50.0,50.0,50.0,50.5,50.5,51.0,51.0,51.5,51.5,51.5,51.5,51.5,51.5,51.0,51.0,50.5,50.5,50.0,50.0,50.0,50.0,50.0,50.5,50.5,50.5,51.0,51.5,51.5,51.5,52.0,52.0,52.0,52.0,52.0,51.5,51.0,50.5,50.0,49.5,49.0,49.0,49.0,49.5,50.0,50.5,51.0,51.0,51.5,51.5,51.5,51.5,51.5,51.5,51.5,51.0,50.5,50.5,50.0,49.5,49.0,49.0,49.0,49.5,49.5,50.0,50.0,50.5,51.0,51.5,51.5,51.5,51.5,51.5,51.5,51.5,51.0,51.0,50.5,50.0,49.5,49.5,49.5,49.5,49.5,50.0,50.0,50.0,50.5,50.5,50.5,51.0,51.0,50.5,50.5,50.5,50.5,50.5,50.5,50.5,50.5,50.5,50.5,50.5,50.5,50.5,50.5,51.0,51.5,52.0,52.5,52.5,53.0,53.0,53.0,53.0,52.5,52.5,52.0,52.0,52.0,52.5,52.5,52.5,52.5,52.5,52.5,53.0,53.0,53.5,54.0,54.0,54.0,54.0,53.5,53.5,53.5,53.0,53.0,52.5,52.5,52.5,52.5,53.0,53.5,53.5,54.0,54.0,54.5,54.5,54.5,54.5,54.5,54.5,54.5,54.5,54.5,54.0,54.0,53.5,53.0,52.5,52.0,52.0,52.0,52.0,52.5,52.5,52.5,53.0,53.0,53.0,53.0,52.5,52.5,52.0,52.0,52.0,51.5,51.5,51.5,51.5,52.0,52.5,52.5,53.0,53.5,53.5,54.0,54.0,54.5,54.5,54.5,54.0,54.0,53.5,53.0,52.5,52.0,52.0,51.5,51.5,51.5,51.5,52.0,52.0,52.5,52.5,53.0,53.0,53.5,53.5,53.5,53.5,53.5,53.5,53.5,53.5,53.5,53.5,53.0,53.0,53.0,53.0,53.5,53.5,54.0,54.0,54.5,55.0,55.0,55.5,55.5,55.0,55.0,54.5,54.0,53.5,53.0,52.5,52.0,52.0,52.0,52.0,52.5,53.0,53.5,54.0,54.0,54.5,54.5,55.0,55.0,54.5,54.5,54.0,54.0,54.0,54.0,54.0,54.0,54.0,54.5,54.5,54.5,54.5,55.0,55.0,55.0,55.0,55.5,56.0,56.0,56.5,56.5,0.0,0.0
31.5,31.0,31.5,32.5,34.5,37.5,41.5,46.5,52.0,58.0,65.0,72.0,79.0,86.0,92.5,98.5,103.5,108.5,113.0,117.0,120.5,123.5,126.0,127.5,129.0,130.0,130.0,130.0,129.0,127.0,124.5,121.5,117.5,113.0,108.0,103.0,97.5,92.0,87.0,82.0,77.5,73.5,70.0,67.0,64.5,62.5,61.5,60.5,59.5,59.0,58.5,58.0,58.0,57.5,57.5,57.0,56.5,56.0,55.5,55.5,55.0,55.0,55.0,55.5,56.0,56.5,57.0,57.0,57.5,57.5,57.0,57.0,56.5,56.0,55.5,55.0,54.5,54.0,53.5,53.0,52.5,52.5,52.5,53.0,53.0,53.5,54.0,54.0,54.5,54.5,54.5,54.0,54.0,53.5,53.0,52.5,52.5,52.5,52.0,52.0,52.0,52.5,52.5,52.5,53.0,53.0,53.5,54.0,54.5,55.0,55.5,56.0,56.0,56.0,55.5,55.0,54.0,53.5,52.5,52.0,51.5,51.0,51.0,51.5,52.0,52.5,53.0,53.5,53.5,54.0,54.0,54.5,54.0,54.0,53.5,53.5,53.0,53.0,52.5,52.5,52.0,52.0,52.0,52.5,52.5,53.0,53.5,54.0,54.0,54.0,54.0,54.0,53.5,53.5,53.0,53.0,52.5,52.0,52.0,51.5,51.5,51.0,51.0,51.0,51.5,51.5,52.0,52.5,52.5,53.0,53.5,53.5,54.0,54.0,53.5,53.5,53.0,53.0,53.0,53.0,53.0,53.0,53.5,53.5,53.5,54.0,54.5,54.5,55.0,55.0,55.0,55.0,55.0,55.0,54.5,54.0,53.5,53.0,52.5,52.0,52.0,52.0,52.5,53.0,54.0,54.5,55.5,56.0,56.5,57.0,57.5,58.0,58.0,58.0,57.5,57.5,57.0,56.5,55.5,55.0,54.5,54.5,54.5,55.0,55.5,56.0,56.5,57.0,57.5,58.0,58.0,58.5,58.0,58.0,58.0,57.5,57.5,57.0,57.0,57.0,56.5,56.5,56.5,57.0,57.5,58.0,58.5,59.0,59.5,60.0,60.5,60.5,60.5,60.5,60.0,59.5,59.0,58.5,58.0,57.0,56.5,56.5,56.0,56.0,56.0,56.5,56.5,56.5,56.5,57.0,57.5,57.5,57.5,57.5,57.0,56.5,56.0,56.0,55.5,55.5,55.5,55.5,56.0,56.5,57.0,57.5,58.5,59.5,60.0,61.0,61.0,61.0,61.0,60.5,60.0,59.5,59.0,58.5,58.0,57.5,57.0,57.0,57.0,57.0,57.5,57.5,58.0,58.5,58.5,59.0,59.0,59.0,59.0,59.0,59.0,58.5,58.5,58.5,58.0,58.0,0.0,0.0
12.5,10.0,8.5,7.5,7.0,7.0,7.5,8.5,10.0,12.0,14.0,17.5,21.0,25.5,30.5,36.0,42.5,49.0,55.5,62.0,68.0,73.5,79.0,84.5,89.5,94.5,98.0,101.0,103.0,104.5,105.0,105.0,105.0,104.0,102.0,100.0,96.5,92.5,87.5,82.5,77.5,72.0,67.0,62.5,58.0,54.0,50.5,47.0,43.5,41.0,38.5,36.5,35.5,34.5,34.0,33.5,33.5,33.0,32.5,32.0,31.5,31.0,31.0,30.5,30.5,30.5,30.5,30.5,30.5,30.0,30.0,30.0,30.0,30.0,29.5,29.0,28.5,28.0,27.0,26.5,26.0,25.5,25.0,25.0,25.0,25.0,25.5,26.0,26.0,26.5,26.5,27.0,27.0,27.5,27.5,27.5,27.5,27.0,27.0,27.0,26.5,26.5,26.0,25.5,25.5,25.5,26.0,26.5,27.0,27.0,27.0,27.0,26.5,26.0,25.5,25.0,24.5,24.0,24.0,23.5,23.5,23.5,23.5,23.5,23.5,24.0,24.0,24.5,24.5,25.0,25.5,25.5,25.5,25.5,25.5,25.0,24.5,24.0,23.5,23.5,23.0,23.0,23.5,23.5,24.0,24.0,24.5,25.0,25.0,25.5,25.5,26.0,26.0,26.0,26.0,26.0,25.5,25.0,24.5,24.0,23.5,23.5,23.5,23.5,23.5,24.0,24.5,24.5,25.0,25.5,25.5,26.0,26.0,25.5,25.5,25.5,25.5,25.5,25.5,25.5,25.5,25.0,25.0,24.5,24.5,24.5,25.0,25.5,26.0,26.5,27.0,27.0,27.5,27.0,27.0,26.5,26.0,25.0,24.5,23.5,23.0,22.5,22.5,22.5,23.0,23.0,23.5,23.5,24.0,24.0,24.0,24.0,24.0,23.5,23.0,22.5,22.0,21.5,21.0,21.0,21.0,21.0,21.0,21.5,21.5,22.0,22.5,23.0,23.5,24.0,24.5,24.5,25.0,25.0,25.0,25.0,24.5,24.5,24.0,24.0,23.5,23.5,23.5,23.0,23.0,23.0,22.5,22.0,22.0,21.5,21.0,20.5,20.0,20.0,20.0,20.0,21.0,21.5,22.5,23.5,24.5,25.5,26.5,27.0,27.5,27.5,28.0,28.0,28.0,28.0,28.0,27.5,27.0,26.5,26.0,25.0,24.5,24.0,23.5,23.5,23.0,22.5,22.5,22.0,21.5,21.5,21.5,21.5,22.0,22.5,22.5,23.0,23.0,23.0,23.0,23.0,22.5,22.0,21.5,21.5,21.5,21.5,21.5,21.5,22.0,22.0,22.5,22.5,23.0,23.5,23.5,24.0,24.0,24.5,24.5,24.0,24.0,23.5,23.5,23.5,0.0,0.0
57.5,56.0,55.0,54.0,53.5,52.5,52.5,52.0,51.5,51.5,51.5,51.5,52.0,52.0,52.5,52.5,52.5,52.5,52.5,52.5,52.5,52.5,52.0,51.5,51.0,50.5,50.0,49.5,49.5,49.0,49.0,49.5,49.5,50.0,50.5,50.5,51.0,51.0,51.0,51.0,51.0,50.5,50.0,49.5,49.0,48.5,48.0,48.0,47.5,47.5,48.0,48.0,48.5,48.5,49.0,49.0,49.5,49.5,50.0,50.0,49.5,49.5,49.0,48.5,48.0,48.0,47.5,47.0,47.0,47.0,47.0,47.0,47.5,47.5,48.0,48.5,49.0,49.5,49.5,49.5,49.0,48.5,48.0,47.5,47.0,47.0,46.5,46.0,46.0,45.5,45.5,45.5,45.5,45.5,45.5,45.5,46.0,46.5,46.5,47.0,47.0,47.0,47.0,46.5,46.5,46.5,46.0,46.0,46.0,45.5,45.5,45.5,45.0,45.5,45.5,45.5,46.0,46.0,46.0,46.5,46.5,47.0,47.0,47.0,47.0,46.5,46.5,46.0,45.5,45.5,45.5,45.5,45.5,45.5,46.0,46.5,46.5,47.0,47.0,47.0,46.5,46.5,46.0,45.5,45.5,45.0,45.5,45.5,45.5,45.5,46.0,46.0,46.0,46.0,46.0,46.5,46.5,46.5,46.0,46.0,46.0,45.5,45.0,44.5,44.0,43.5,43.5,43.5,44.0,44.0,44.5,44.5,45.0,45.0,45.5,46.0,46.5,46.5,47.0,47.0,47.0,47.0,46.5,46.5,46.5,46.0,46.0,45.5,45.5,46.0,46.0,46.5,47.0,48.0,48.5,49.0,49.5,49.5,49.5,49.5,49.0,49.0,48.5,48.5,48.0,47.5,47.0,47.0,46.5,46.5,46.5,46.5,47.0,47.0,47.5,47.5,48.0,48.0,48.0,48.5,48.0,48.0,47.5,47.0,46.5,46.0,45.5,45.0,44.5,44.0,44.0,44.0,44.5,44.5,45.0,45.0,45.5,45.5,45.5,45.5,46.0,45.5,45.5,45.0,45.0,44.5,44.5,44.5,44.5,44.5,45.0,45.0,45.0,45.0,45.5,45.5,46.0,46.0,46.5,46.5,46.5,46.5,46.5,46.0,45.5,45.5,45.0,45.0,45.0,45.0,45.0,45.0,45.5,46.0,46.5,47.0,47.5,47.5,47.5,47.5,47.5,47.5,47.0,46.5,45.5,44.5,43.5,42.5,41.5,40.5,40.0,39.5,40.0,41.0,42.0,43.5,45.0,46.5,47.5,48.5,49.0,49.5,50.0,50.0,50.0,50.0,49.5,49.0,48.5,47.5,47.0,47.0,46.5,46.5,47.0,47.0,47.0,47.0,46.5,46.0,0.0,0.0
22.0,22.0,22.0,22.0,22.5,23.0,23.5,24.0,24.5,25.0,25.5,25.5,25.5,26.0,26.0,26.0,26.0,26.0,26.0,26.0,25.5,25.0,24.5,24.0,23.5,23.0,22.5,22.0,22.0,22.0,22.0,22.5,22.5,23.0,23.0,23.0,22.5,22.5,22.0,22.0,21.5,21.5,21.0,20.5,20.5,20.0,20.0,19.5,19.5,19.5,20.0,20.0,20.5,21.0,21.5,21.5,22.0,22.0,22.0,21.5,21.5,20.5,20.0,19.5,19.0,19.0,19.0,19.0,19.0,19.0,19.0,19.5,19.5,20.0,20.0,20.5,20.5,21.0,21.0,21.0,20.5,20.5,20.0,19.5,19.0,19.0,18.5,18.0,17.5,17.0,16.0,15.0,13.5,12.0,10.0,8.5,6.5,5.0,4.0,2.5,2.0,1.5,1.5,2.0,3.5,5.5,8.0,11.5,16.5,21.5,28.0,35.0,42.5,50.0,57.5,64.0,71.0,77.0,83.5,89.5,95.0,99.5,102.5,104.5,105.5,105.5,105.5,105.0,103.5,101.5,98.5,95.0,91.0,86.5,82.0,77.0,71.5,66.5,61.0,55.5,50.5,45.5,41.0,37.5,34.0,31.0,29.0,27.0,26.0,25.0,25.0,24.5,25.0,25.0,25.0,25.5,25.5,25.5,25.5,25.0,25.0,24.5,24.5,24.0,23.5,23.0,22.5,22.5,22.5,22.5,23.0,23.0,23.5,23.5,24.0,23.5,23.5,23.0,23.0,22.5,22.0,21.5,21.0,20.5,20.5,20.0,20.0,20.0,20.0,20.0,20.0,20.5,20.5,21.0,21.0,21.5,21.5,21.5,21.5,21.5,21.5,21.0,20.5,20.5,20.5,20.5,20.5,20.5,20.5,21.0,21.0,21.5,21.5,22.0,22.0,22.0,22.5,22.5,22.5,22.0,21.5,21.0,20.5,20.0,19.5,19.0,18.5,18.5,18.5,19.0,19.0,19.5,20.0,20.5,21.0,21.0,21.5,22.0,22.0,22.0,21.5,21.5,21.0,20.5,20.5,20.0,20.0,20.0,20.0,20.5,20.5,21.0,21.0,21.5,22.0,22.5,22.5,22.5,22.0,22.0,21.5,21.5,21.5,21.0,20.5,20.5,20.0,20.0,20.0,20.0,20.0,20.0,20.5,21.0,21.0,21.5,21.5,21.5,21.0,21.0,20.5,20.5,20.0,19.5,19.5,19.0,18.5,18.5,19.0,19.0,19.5,20.0,20.5,21.0,21.0,21.5,21.5,21.5,21.5,21.5,21.5,21.5,21.0,20.5,20.5,20.0,20.0,20.0,20.0,20.0,20.5,20.5,21.0,21.5,21.5,22.0,21.5,21.5,21.5,21.5,0.0,0.0
24.5,24.0,23.5,23.0,22.5,22.0,21.5,21.0,20.5,20.5,20.5,21.0,21.0,21.0,21.0,21.0,21.0,21.5,21.5,21.5,21.5,22.0,22.0,22.0,22.0,22.0,22.5,23.0,23.5,24.0,24.5,25.0,25.5,25.5,25.5,26.0,26.0,26.0,26.0,26.0,26.0,26.0,25.5,25.0,24.5,24.0,23.5,23.0,22.5,22.0,22.0,22.0,22.0,22.5,22.5,23.0,23.0,23.0,22.5,22.5,22.0,22.0,21.5,21.5,21.0,20.5,20.5,20.0,20.0,19.5,19.5,19.5,20.0,20.0,20.5,21.0,21.5,21.5,22.0,22.0,22.0,21.5,21.5,20.5,20.0,19.5,19.0,19.0,19.0,19.0,19.0,19.0,19.0,19.5,19.5,20.0,20.0,20.5,20.5,21.0,21.0,21.0,20.5,20.5,20.0,19.5,19.0,19.0,18.5,18.0,17.5,17.0,16.0,15.0,13.5,12.0,10.0,8.5,6.5,5.0,4.0,2.5,2.0,1.5,1.5,2.0,3.5,5.5,8.0,11.5,16.5,21.5,28.0,35.0,42.5,50.0,57.5,64.0,71.0,77.0,83.5,89.5,95.0,99.5,102.5,104.5,105.5,105.5,105.5,105.0,103.5,101.5,98.5,95.0,91.0,86.5,82.0,77.0,71.5,66.5,61.0,55.5,50.5,45.5,41.0,37.5,34.0,31.0,29.0,27.0,26.0,25.0,25.0,24.5,25.0,25.0,25.0,25.5,25.5,25.5,25.5,25.0,25.0,24.5,24.5,24.0,23.5,23.0,22.5,22.5,22.5,22.5,23.0,23.0,23.5,23.5,24.0,23.5,23.5,23.0,23.0,22.5,22.0,21.5,21.0,20.5,20.5,20.0,20.0,20.0,20.0,20.0,20.0,20.5,20.5,21.0,21.0,21.5,21.5,21.5,21.5,21.5,21.5,21.0,20.5,20.5,20.5,20.5,20.5,20.5,20.5,21.0,21.0,21.5,21.5,22.0,22.0,22.0,22.5,22.5,22.5,22.0,21.5,21.0,20.5,20.0,19.5,19.0,18.5,18.5,18.5,19.0,19.0,19.5,20.0,20.5,21.0,21.0,21.5,22.0,22.0,22.0,21.5,21.5,21.0,20.5,20.5,20.0,20.0,20.0,20.0,20.5,20.5,21.0,21.0,21.5,22.0,22.5,22.5,22.5,22.0,22.0,21.5,21.5,21.5,21.0,20.5,20.5,20.0,20.0,20.0,20.0,20.0,20.0,20.5,21.0,21.0,21.5,21.5,21.5,21.0,21.0,20.5,20.5,20.0,19.5,19.5,19.0,18.5,18.5,19.0,19.0,19.5,20.0,20.5,21.0,21.0,21.5,21.5,21.5,0.0,0.0
70.0,69.5,69.5,69.0,69.0,68.5,68.0,68.0,67.5,67.5,67.5,67.5,67.5,68.0,68.5,68.5,69.0,69.0,69.5,69.5,69.5,70.0,70.0,69.5,69.5,69.0,69.0,68.5,68.5,68.5,68.5,68.5,69.0,69.0,69.0,69.0,68.5,68.0,67.5,67.0,66.5,66.0,66.0,66.5,67.0,67.5,68.5,69.0,70.0,71.0,71.5,72.0,72.0,72.5,72.5,72.5,72.5,72.0,72.0,71.5,71.0,70.5,70.0,69.0,68.5,67.5,67.5,67.0,67.0,67.0,67.0,67.0,67.0,67.5,68.0,68.5,69.0,69.0,69.0,69.0,69.0,69.0,68.5,68.5,68.0,68.0,68.0,68.0,68.0,68.0,68.0,68.0,68.5,68.5,69.0,69.0,69.0,69.0,69.5,69.5,70.0,69.5,69.0,68.5,68.0,67.5,67.5,67.5,67.5,67.5,67.5,67.5,67.5,68.0,68.0,68.5,69.0,69.5,70.0,70.0,70.5,70.0,70.0,70.0,69.5,69.0,68.5,68.5,68.0,68.0,68.0,68.0,68.0,68.5,68.5,69.0,69.5,69.5,70.0,70.0,69.5,69.0,69.0,68.5,68.0,67.5,67.5,67.0,67.0,66.5,66.5,66.5,66.5,66.5,67.0,67.5,67.5,68.0,68.0,68.0,68.0,68.0,68.0,67.5,67.0,66.5,66.5,66.5,66.5,66.5,66.0,66.0,66.0,66.0,66.0,66.0,66.0,65.5,65.5,65.5,65.5,65.5,65.0,64.5,64.0,63.5,62.5,62.0,61.5,61.5,61.5,61.5,61.5,62.0,62.0,62.5,63.0,63.0,63.5,63.5,64.0,64.0,64.0,64.0,64.0,64.0,64.5,65.0,65.0,65.5,66.5,67.0,68.0,68.5,69.5,70.5,71.0,71.0,71.0,71.0,71.0,71.0,70.5,70.0,70.0,70.0,69.5,69.0,68.5,68.0,68.0,67.5,67.5,67.5,68.0,68.0,68.0,68.5,68.5,68.5,68.5,68.5,68.5,68.5,68.0,67.5,67.0,66.5,66.5,66.0,66.5,66.5,67.0,67.5,68.0,68.5,68.5,69.0,69.0,69.0,69.0,69.0,69.0,68.5,68.0,68.0,67.5,67.0,66.5,66.5,66.5,67.0,67.5,68.0,68.0,68.5,68.5,68.5,68.5,68.5,68.5,68.0,67.5,67.0,67.0,66.5,66.5,66.0,66.0,66.0,66.0,66.0,66.0,65.5,64.5,63.0,62.0,60.0,58.5,56.5,54.5,53.0,51.5,50.5,49.5,49.5,49.5,50.0,51.5,53.5,56.5,60.0,65.0,70.5,76.5,83.0,90.0,97.5,104.0,110.5,0.0,0.0
11.5,11.0,10.0,9.5,9.5,9.0,9.0,9.0,9.0,9.0,9.0,9.5,10.0,10.0,10.0,10.5,10.5,11.0,11.0,11.0,11.0,11.0,10.5,10.5,10.0,9.5,9.0,8.5,8.5,8.5,8.5,8.5,8.5,9.0,9.5,9.5,10.0,10.5,10.5,10.0,9.5,9.0,9.0,8.5,8.0,8.0,7.5,7.5,7.5,7.5,7.5,7.5,7.5,7.5,7.5,7.5,7.5,8.0,8.0,8.0,7.5,7.0,6.5,5.5,4.5,3.0,1.0,-1.0,-3.0,-5.0,-6.5,-8.5,-10.0,-11.0,-11.5,-12.0,-12.5,-12.5,-12.5,-12.0,-11.0,-9.0,-6.5,-3.0,1.0,6.0,11.5,17.5,24.0,30.5,37.5,43.5,50.0,55.5,61.5,66.5,71.5,75.0,78.0,79.0,80.0,80.0,79.5,79.0,77.5,76.0,73.0,69.5,65.0,60.5,55.5,51.0,46.0,41.5,37.0,33.0,29.0,25.5,22.0,18.5,15.0,12.0,9.5,7.5,6.0,5.0,4.0,3.5,3.5,3.5,4.0,4.0,4.0,4.5,4.5,4.0,4.0,3.5,3.0,2.5,2.0,1.5,1.0,1.0,0.5,0.0,0.0,0.0,0.0,0.0,0.5,1.0,2.0,2.5,2.5,2.5,2.5,2.5,2.0,1.5,1.0,0.5,0.0,-0.5,-0.5,-1.0,-1.0,-0.5,-0.5,-0.5,-0.5,-0.5,0.0,0.0,-0.5,-0.5,-0.5,-0.5,-1.0,-1.5,-2.0,-2.5,-3.5,-4.0,-4.0,-4.5,-4.5,-4.5,-4.5,-4.5,-4.0,-3.5,-3.0,-2.5,-2.0,-1.5,-1.0,-0.5,-0.5,-0.5,-1.0,-1.5,-2.5,-3.0,-3.0,-3.0,-3.0,-3.0,-3.0,-3.0,-3.0,-2.5,-2.5,-2.0,-1.5,-1.5,-1.5,-1.5,-1.5,-2.0,-2.0,-2.5,-3.0,-3.5,-4.0,-4.0,-4.5,-4.5,-4.5,-4.5,-4.5,-4.0,-4.0,-3.5,-3.0,-3.0,-2.5,-2.5,-2.5,-2.5,-3.0,-3.5,-3.5,-4.0,-4.5,-4.5,-5.0,-5.0,-5.0,-5.0,-4.5,-4.5,-4.0,-4.0,-3.5,-3.0,-3.0,-2.5,-2.5,-3.0,-3.0,-3.5,-4.0,-4.5,-4.5,-5.0,-5.5,-6.0,-6.0,-6.0,-5.5,-5.0,-4.5,-4.0,-4.0,-3.5,-3.5,-3.5,-3.5,-4.0,-4.0,-4.5,-5.0,-5.5,-6.0,-6.0,-6.0,-6.0,-6.0,-6.0,-6.5,-6.5,-6.5,-6.5,-6.5,-6.0,-6.0,-6.0,-5.5,-5.5,-5.0,-5.0,-5.5,-5.5,-6.0,-6.5,-6.5,-6.5,-6.5,-6.0,-5.5,-5.0,-4.5,-4.0,-3.5,-3.5,-3.5,-3.5,-3.5,-4.0,0.0,0.0
18.0,18.0,18.0,18.5,18.5,19.0,19.5,20.0,20.5,21.0,21.5,22.0,22.0,22.0,21.5,21.5,20.5,20.0,19.5,18.5,18.0,17.0,16.5,16.0,15.5,15.0,15.0,15.0,15.0,16.0,17.0,18.0,19.0,20.0,20.5,21.5,22.5,23.0,23.0,22.5,22.0,22.0,21.5,21.5,21.5,22.0,21.5,21.5,21.0,21.0,21.0,21.0,20.5,20.5,20.0,19.5,19.5,19.0,18.5,18.5,18.5,18.5,18.5,19.0,19.5,20.0,20.5,21.0,21.0,21.5,21.5,21.5,21.5,21.0,20.5,20.0,19.5,19.0,18.5,18.5,18.0,18.0,18.5,18.5,19.0,19.5,20.0,20.0,20.5,21.0,21.0,21.5,21.5,21.5,21.0,21.0,20.5,20.5,20.0,20.0,19.5,19.5,19.5,19.5,20.0,20.5,21.0,21.0,21.0,21.0,20.5,20.0,19.5,19.0,19.0,18.5,18.5,18.0,18.0,18.0,17.5,18.0,18.0,18.0,18.5,19.0,19.5,20.0,20.5,20.5,20.5,21.0,21.0,21.0,21.0,21.5,22.0,22.5,22.5,22.0,22.0,21.5,21.0,21.0,21.5,21.5,22.0,22.5,22.5,23.0,23.0,22.5,22.0,21.5,21.0,20.5,19.5,19.0,18.5,18.0,18.0,18.5,18.5,19.0,19.5,20.0,20.5,20.5,21.0,21.0,21.0,21.0,21.0,20.5,20.5,20.0,19.5,19.5,19.0,19.0,19.0,19.0,19.5,20.0,20.5,21.0,21.5,22.0,22.5,23.0,23.0,23.5,23.5,23.0,22.5,22.0,21.5,21.5,21.0,21.0,21.0,21.0,21.5,21.5,22.0,22.0,22.5,22.5,23.0,23.0,23.5,23.0,21.5,20.0,18.5,16.0,14.0,11.5,9.0,7.0,5.0,3.5,3.0,2.5,2.5,2.5,3.5,4.5,6.5,9.0,12.5,17.0,22.0,27.5,34.0,41.0,48.0,54.5,61.0,67.0,73.5,80.0,87.0,93.5,99.5,104.0,107.5,110.0,111.5,112.0,112.0,110.5,108.0,104.5,99.5,94.0,88.5,83.0,77.0,71.5,66.0,61.0,56.0,51.5,47.0,43.0,40.0,37.0,34.5,32.5,31.0,29.5,28.5,28.0,27.5,27.0,27.0,26.5,26.5,26.0,26.0,25.5,25.5,25.5,26.0,26.5,27.0,27.5,27.5,27.5,27.5,27.5,27.0,26.5,26.0,25.5,25.0,24.0,23.5,23.0,23.0,23.0,23.0,23.5,24.0,24.5,25.0,25.0,25.5,25.5,26.0,26.0,26.0,26.0,26.0,25.5,25.0,25.0,24.5,24.0,0.0,0.0
6.5,6.5,6.0,6.0,6.0,6.0,6.5,6.5,7.0,7.5,7.5,7.5,7.0,7.0,6.5,6.5,6.5,6.0,6.0,6.0,5.5,6.0,6.0,6.0,6.5,6.5,6.5,6.5,6.5,6.5,6.0,6.0,6.0,6.0,5.5,5.5,5.5,5.5,5.5,5.5,5.5,5.5,5.5,6.0,6.0,6.5,7.0,7.5,7.5,7.5,7.5,7.5,7.0,6.5,6.0,6.0,5.5,5.0,5.0,5.0,5.0,5.0,4.5,3.5,2.5,1.5,0.0,-1.5,-3.0,-5.0,-7.0,-9.0,-11.0,-12.0,-13.0,-13.5,-13.5,-13.0,-12.5,-11.0,-8.5,-5.5,-1.5,3.5,9.0,15.5,22.0,29.5,36.5,43.0,49.5,55.5,61.0,66.0,70.5,74.5,78.0,80.0,81.5,82.0,82.0,82.0,81.0,80.0,78.0,75.0,71.5,67.5,63.0,58.5,53.5,48.5,43.5,38.5,34.0,29.5,25.5,22.0,19.0,16.0,13.5,11.5,10.0,9.5,9.5,9.5,9.5,9.5,10.0,10.0,10.5,10.0,9.5,9.0,8.5,8.0,7.5,7.0,6.5,6.0,6.0,6.0,6.0,6.0,6.5,6.5,6.5,6.5,7.0,7.0,7.5,7.5,7.5,7.0,6.5,6.0,5.5,5.5,5.0,5.0,5.0,5.5,5.5,6.0,6.0,6.5,6.5,6.5,6.5,6.5,6.0,5.5,5.0,5.0,4.5,4.5,4.5,4.5,4.5,4.5,4.5,4.5,4.5,4.5,5.0,5.5,5.5,6.0,6.0,6.0,6.0,6.0,6.0,6.0,5.5,5.0,4.5,4.0,4.0,4.0,4.5,4.5,5.0,5.0,5.0,5.0,5.5,5.0,5.0,5.0,5.0,5.0,5.0,4.5,4.5,4.0,3.5,3.5,3.0,3.0,3.0,3.0,3.5,4.0,4.5,5.0,5.5,5.5,6.0,5.5,5.5,5.0,5.0,5.0,5.0,4.5,4.0,4.0,3.5,3.5,3.5,4.0,4.0,4.0,4.5,4.5,5.0,5.0,5.0,5.0,5.0,4.5,4.5,4.0,3.5,3.0,2.5,2.0,1.5,1.5,1.5,1.5,2.0,2.5,3.0,3.5,4.0,4.0,4.5,5.0,5.5,5.5,5.5,5.0,4.5,4.0,4.0,4.0,4.0,4.0,3.5,3.5,3.5,3.5,3.5,3.5,4.0,4.0,4.5,5.0,5.0,5.0,4.5,4.5,4.0,3.5,3.0,3.0,3.0,3.0,3.0,3.5,3.5,4.0,3.5,3.5,3.5,3.5,3.5,3.5,3.0,2.5,1.5,1.0,1.0,1.5,2.5,3.5,4.5,6.0,0.0,0.0
-2.0,-1.5,-0.5,0.5,1.0,1.5,1.5,1.5,1.5,1.5,1.5,1.0,0.5,0.0,-0.5,-1.0,-1.5,-1.5,-1.0,-0.5,0.0,0.5,1.0,1.0,1.0,1.5,1.5,1.5,2.0,2.0,2.0,1.5,1.0,0.5,0.5,0.0,-0.5,-0.5,-0.5,-0.5,0.5,1.0,1.5,2.0,2.5,3.0,3.5,3.5,3.5,3.5,3.5,3.0,2.5,2.0,2.0,1.5,1.5,1.5,1.5,2.0,2.0,2.0,2.5,3.0,3.5,4.0,4.5,4.5,5.0,4.5,4.5,4.5,4.0,4.0,4.0,4.5,4.5,4.5,4.5,4.5,4.5,5.0,5.5,6.0,6.0,6.5,7.0,7.5,7.5,8.0,8.0,8.0,7.5,7.5,7.5,7.0,7.0,6.5,6.5,6.5,6.5,6.5,6.5,7.0,7.0,7.0,7.0,7.0,7.0,7.0,6.5,6.5,6.0,5.5,5.5,5.0,4.5,4.5,5.0,6.0,6.5,7.5,8.0,8.5,8.5,8.5,9.0,8.5,8.5,8.0,7.0,6.5,6.0,5.5,5.5,5.5,5.5,5.5,5.5,5.5,5.5,5.5,5.5,5.5,5.5,5.0,5.0,5.0,5.0,5.5,5.5,5.5,5.0,5.0,4.5,4.5,4.0,4.0,4.0,4.5,5.0,6.0,6.5,7.0,7.5,7.5,8.5,9.0,9.5,9.5,10.0,10.0,10.0,9.5,9.0,8.5,8.0,8.0,7.5,7.5,7.5,7.5,7.5,7.5,8.0,8.0,8.5,8.5,8.5,8.5,8.5,8.0,7.5,7.0,7.0,6.5,6.5,6.5,6.5,7.0,7.5,8.0,8.5,9.0,9.0,9.5,9.5,9.5,9.0,8.5,8.5,8.0,8.0,7.5,7.5,7.5,7.5,7.5,7.5,8.0,8.0,8.5,8.5,8.5,9.0,9.0,9.0,9.0,9.0,9.0,8.5,8.5,8.0,7.5,7.5,7.0,7.0,7.0,7.0,7.5,8.0,8.0,8.5,8.5,8.0,7.5,6.5,4.5,3.0,0.5,-2.0,-4.5,-7.0,-9.0,-10.5,-12.0,-12.5,-13.0,-12.5,-12.0,-10.0,-7.5,-4.0,0.5,5.5,11.0,17.5,24.5,31.5,38.5,45.0,51.0,56.5,62.0,68.0,73.5,78.5,83.0,86.5,89.5,92.0,93.5,95.0,95.5,95.5,94.0,91.5,88.0,84.0,79.0,73.5,67.5,61.5,56.0,50.0,44.5,39.5,35.0,30.5,27.0,23.5,20.5,18.5,16.5,15.5,14.5,14.5,14.0,14.0,14.0,14.0,13.5,13.5,13.0,12.5,12.0,12.0,11.5,11.5,11.5,0.0,0.0
17.5,17.5,17.5,17.5,17.5,17.5,18.0,18.0,18.5,19.0,19.0,19.0,19.0,19.0,18.5,18.5,18.5,18.5,18.5,18.5,18.5,18.0,18.0,17.5,17.5,17.5,17.5,17.0,17.0,17.0,17.0,17.0,17.0,17.0,17.0,17.0,17.0,17.0,17.0,16.5,16.5,16.0,16.0,15.5,15.5,15.5,16.0,16.5,16.5,17.0,17.5,17.5,18.0,18.0,18.0,18.0,18.0,17.5,17.0,17.0,16.5,16.5,16.0,15.5,15.5,15.0,15.0,15.5,15.5,16.0,16.0,16.5,16.5,17.0,17.0,17.0,16.5,16.5,16.0,16.0,15.5,15.5,15.0,15.0,14.5,15.0,15.0,15.5,16.0,16.5,17.0,17.5,18.0,18.5,18.5,18.5,18.5,18.0,17.5,17.0,16.5,16.0,16.0,16.0,16.0,16.0,16.0,16.0,16.5,16.5,17.0,17.0,17.5,18.0,18.5,18.5,18.5,18.0,17.5,17.0,16.5,16.0,15.5,15.0,15.0,15.0,15.5,16.0,16.0,16.0,16.0,16.0,16.0,16.0,16.5,16.5,16.0,16.0,15.5,15.0,14.5,14.0,13.5,14.0,14.0,14.0,14.5,14.5,14.5,14.5,14.5,14.5,14.5,14.0,14.0,13.5,13.5,13.0,12.5,12.0,11.5,11.0,11.0,11.0,11.0,11.0,11.5,12.0,12.5,13.0,14.0,14.5,15.0,15.5,16.0,16.0,15.5,15.0,14.5,14.0,13.5,13.0,12.5,12.5,12.5,12.5,13.0,13.0,13.5,14.0,14.5,14.5,15.0,15.0,15.0,15.0,15.0,14.5,14.0,14.0,14.0,14.0,14.0,14.0,14.5,14.5,14.5,15.0,15.5,16.0,16.0,16.5,16.5,17.0,17.0,17.0,16.5,16.5,16.0,16.0,15.5,15.0,14.5,14.5,14.5,14.0,14.0,14.0,14.0,14.5,14.5,15.0,15.5,15.5,16.0,16.0,16.0,15.5,15.5,15.0,15.0,15.0,15.0,15.0,15.0,15.0,15.0,15.5,16.0,16.5,17.0,17.0,17.0,17.5,17.5,17.5,17.0,16.5,16.0,15.5,15.0,14.5,14.0,13.5,13.5,13.5,13.5,13.5,13.5,13.5,13.5,13.5,13.5,14.0,14.0,14.0,14.0,14.0,13.5,13.0,13.0,12.5,12.5,12.5,12.5,13.0,13.5,14.0,14.5,14.5,15.0,15.0,15.0,15.5,15.5,15.0,14.5,14.0,13.5,13.0,12.5,12.0,11.0,10.5,10.0,9.5,9.0,9.0,9.0,9.5,10.5,11.5,13.0,14.0,15.5,16.5,17.5,18.0,18.0,17.5,0.0,0.0
15.0,15.0,15.0,15.0,15.5,15.5,15.5,15.5,15.5,15.5,15.5,15.0,15.0,14.5,14.5,14.0,14.0,13.5,13.5,13.0,13.0,12.5,12.5,12.5,13.0,13.0,13.0,13.0,13.0,13.0,13.0,12.5,12.5,12.0,11.5,11.0,11.0,11.0,11.0,11.0,11.5,12.0,12.5,13.0,13.5,14.0,14.5,14.5,14.5,14.0,14.0,13.5,13.5,13.5,13.5,13.5,13.0,13.0,13.0,13.0,13.0,13.5,13.5,13.5,14.0,14.0,14.5,14.5,15.0,15.0,15.5,15.5,15.5,15.5,15.0,15.0,14.5,14.0,13.5,13.5,13.5,13.5,14.0,14.0,14.5,14.5,15.0,15.0,15.0,15.0,15.0,14.5,14.5,14.0,14.0,13.5,13.5,13.5,13.5,13.0,13.0,13.0,13.0,13.5,14.0,14.5,15.0,15.0,15.5,15.5,15.5,15.5,15.0,15.0,14.5,14.0,13.5,13.5,13.0,13.0,13.0,13.5,13.5,14.0,14.0,14.5,14.5,14.5,14.5,14.5,14.5,14.0,14.0,13.5,13.0,12.5,12.5,12.0,12.0,12.0,12.0,12.0,12.0,12.5,13.0,14.0,14.5,15.0,16.0,16.0,16.0,16.0,16.0,15.5,15.0,14.5,14.0,14.0,13.5,13.5,13.5,13.0,13.0,13.0,13.5,13.5,13.5,14.0,14.0,13.5,13.5,13.0,12.5,12.5,12.0,11.5,11.5,11.5,11.5,12.0,12.0,12.5,13.0,13.0,13.5,14.5,15.0,15.5,15.5,15.5,15.5,15.0,14.0,13.5,13.0,12.5,12.0,12.0,11.5,11.5,12.0,12.0,12.5,13.0,13.5,13.5,14.0,14.0,14.5,14.5,14.5,14.5,14.0,14.0,13.5,12.5,12.0,11.5,11.0,11.0,11.0,11.0,11.5,12.0,12.5,13.5,14.0,14.5,14.5,14.5,14.5,14.5,14.5,14.5,14.0,14.0,14.0,13.5,13.5,13.5,13.5,13.5,13.5,13.5,13.0,12.5,12.0,11.5,11.0,10.5,10.0,9.5,10.0,10.0,10.5,11.5,12.5,13.0,14.0,15.0,16.0,16.5,17.0,17.5,18.0,18.0,18.0,18.0,17.5,17.5,16.5,16.0,15.0,14.5,13.5,13.5,13.5,13.0,13.0,13.0,13.0,12.5,12.5,12.5,12.5,13.0,13.0,13.0,13.5,13.5,13.5,13.0,13.0,12.5,12.0,11.5,11.0,10.5,10.5,10.5,10.5,11.0,11.5,12.0,12.5,12.5,13.0,13.0,12.5,12.5,12.0,11.5,11.0,10.0,9.0,8.5,8.0,7.5,6.5,6.0,0.0,0.0
48.5,48.5,48.5,48.0,47.5,47.0,46.5,45.5,45.0,44.5,44.5,44.0,44.0,43.5,43.5,43.5,44.0,44.0,44.5,44.5,45.0,45.0,45.0,45.0,45.0,44.5,44.0,43.5,43.5,43.0,42.5,42.0,42.0,41.5,41.5,41.5,41.5,41.5,42.0,42.0,42.5,42.5,43.0,43.0,43.5,43.0,42.5,41.5,40.0,38.0,36.0,34.0,31.5,29.0,26.5,25.0,24.0,23.0,23.0,23.0,23.0,23.5,25.0,26.5,29.0,32.0,35.5,40.0,45.0,50.5,57.0,63.5,70.0,76.5,83.0,89.5,96.0,102.5,109.0,115.0,120.0,123.5,126.0,127.5,128.5,128.5,128.0,126.0,123.0,119.0,114.0,109.0,103.5,97.5,92.0,86.5,81.0,76.5,72.0,67.5,63.5,60.0,57.0,54.0,51.5,49.0,47.5,46.0,45.0,44.0,43.0,42.0,41.5,41.0,41.0,41.0,41.0,41.0,41.0,41.5,41.5,42.0,42.0,42.0,42.5,42.5,42.0,41.5,41.5,41.0,40.5,40.5,40.0,40.0,39.5,39.5,39.5,40.0,40.0,40.5,40.5,40.5,40.5,40.5,40.5,40.5,40.0,40.0,40.0,39.5,39.5,39.5,39.0,39.0,38.5,38.5,38.5,38.5,39.0,39.0,39.5,40.0,40.5,41.0,41.5,42.0,42.0,42.0,42.0,41.5,41.5,41.0,41.0,40.5,40.5,40.5,40.5,41.0,41.0,41.5,42.0,42.0,42.0,42.5,42.5,42.5,42.0,42.0,41.5,41.5,41.0,40.5,40.5,40.0,39.5,39.5,39.5,40.0,40.5,41.0,41.0,41.5,41.5,41.5,42.0,42.0,41.5,41.5,41.5,41.5,41.0,40.5,40.5,40.0,40.0,40.0,40.0,40.0,40.5,41.0,41.0,41.5,42.0,42.0,42.0,42.0,41.5,41.0,41.0,40.5,40.0,40.0,40.0,40.0,40.0,40.0,40.5,40.5,41.0,41.5,42.0,42.5,43.0,43.0,43.5,43.5,43.0,43.0,42.5,42.0,41.5,41.5,41.0,41.0,41.0,41.0,41.5,41.5,42.0,42.5,42.5,43.0,43.0,43.0,43.0,42.5,42.5,42.0,41.5,41.0,40.5,40.5,40.5,40.0,40.0,40.0,40.0,40.0,40.0,40.0,40.0,40.0,40.5,40.5,40.5,40.5,40.0,40.0,39.5,39.5,39.5,39.0,39.0,39.0,39.0,39.5,40.0,40.0,40.5,41.0,41.5,42.0,42.0,42.5,42.5,43.0,43.0,42.5,42.0,41.5,41.0,41.0,40.5,40.5,40.5,40.5,40.5,41.0,41.0,41.5,0.0,0.0
69.0,69.0,69.5,69.5,69.5,69.0,69.0,69.0,69.0,68.5,68.5,68.5,68.5,69.0,69.0,69.5,70.0,70.0,70.0,70.5,70.5,70.5,70.5,70.0,69.5,69.0,68.5,68.0,67.5,67.5,67.0,67.0,66.5,66.5,66.5,67.0,67.0,67.5,68.0,68.5,68.5,69.0,69.0,69.0,69.0,68.5,68.5,68.0,68.0,67.5,67.5,67.5,67.5,67.5,68.0,68.0,68.5,69.0,69.0,69.0,69.0,69.0,68.5,68.0,67.5,67.5,67.0,67.0,66.5,66.5,66.0,66.0,66.0,66.0,66.0,66.5,67.0,67.5,68.0,68.5,69.0,69.0,69.0,69.0,69.0,68.5,68.5,68.5,68.0,68.0,67.5,67.0,67.0,67.0,67.5,68.0,68.0,68.5,68.5,69.0,69.5,69.5,70.0,70.0,70.0,69.5,69.0,69.0,68.5,68.0,67.5,67.5,67.5,67.5,67.5,68.0,68.0,68.5,69.0,69.0,69.5,69.5,70.0,70.0,70.0,69.5,69.5,69.0,68.5,67.5,67.5,67.0,67.0,67.5,67.5,68.0,68.5,69.0,69.0,69.5,69.5,69.5,69.5,69.5,69.5,69.5,69.0,68.5,68.5,68.0,67.5,67.5,67.5,68.0,68.0,68.5,68.5,68.5,68.5,68.5,68.5,68.5,68.5,68.5,68.0,67.5,67.5,67.0,66.5,66.5,66.0,66.0,66.0,66.0,66.0,66.0,66.5,66.5,67.0,67.0,67.0,67.0,67.5,67.5,67.5,67.0,67.0,66.5,66.0,66.0,66.0,66.0,66.5,67.5,68.0,69.0,69.5,70.5,71.5,72.0,73.0,73.0,73.5,73.0,73.0,72.5,72.0,72.0,71.5,71.0,71.0,71.0,71.5,71.5,71.5,71.5,71.5,71.5,71.5,71.5,71.0,71.0,71.0,71.0,71.0,70.5,70.5,70.5,70.0,69.5,69.0,68.5,68.5,68.5,69.0,69.0,69.5,70.0,70.5,71.0,71.5,71.5,71.0,70.5,70.0,70.0,69.5,69.5,69.5,69.5,69.5,69.5,69.5,69.5,70.0,70.5,71.0,71.5,72.0,72.5,72.5,72.5,72.5,72.0,72.0,71.5,71.0,70.0,70.0,69.5,69.5,69.0,69.5,69.5,69.5,70.0,70.5,70.5,70.0,69.5,69.0,67.5,66.0,64.5,62.0,59.5,57.0,54.5,52.5,50.5,49.0,48.0,47.5,48.0,49.0,50.5,53.0,55.5,59.5,63.5,68.5,74.0,80.5,87.0,94.0,101.0,107.0,113.0,118.5,124.0,129.0,134.0,138.5,143.0,146.0,148.5,150.5,152.0,153.0,153.5,0.0,0.0
66.0,66.0,66.0,65.5,65.0,64.5,64.5,64.5,64.5,64.5,65.0,65.5,65.5,66.0,66.0,66.5,67.0,67.0,67.0,67.0,67.0,66.5,66.0,66.0,65.5,65.0,64.5,64.5,64.5,65.0,65.5,66.0,67.0,67.5,68.5,69.0,69.0,69.0,69.0,68.5,67.5,67.0,66.5,65.5,65.0,64.5,64.0,64.0,63.5,63.5,63.0,63.0,63.0,63.5,64.0,65.0,66.0,67.5,68.5,69.0,69.5,70.0,70.0,70.0,70.0,69.5,69.5,69.5,69.5,70.0,70.0,70.5,70.5,70.0,69.5,69.5,69.0,69.0,68.5,68.0,67.0,66.5,66.5,66.0,65.5,65.5,65.0,65.0,65.5,65.5,66.0,66.0,66.5,66.5,67.0,67.0,67.0,66.5,66.5,66.5,66.5,66.5,66.0,66.0,65.5,65.5,65.0,65.0,65.0,65.5,66.0,66.5,67.0,67.0,67.5,68.0,68.0,68.5,68.0,68.0,67.5,67.0,66.5,66.0,65.5,65.0,65.5,65.5,66.0,66.5,67.0,67.5,68.0,68.5,68.5,69.0,69.0,69.0,69.0,69.0,69.0,69.0,68.5,68.5,68.0,68.0,68.0,68.0,68.0,68.5,68.5,69.0,69.5,69.5,69.5,69.5,69.5,69.5,69.5,69.5,69.0,69.0,68.5,68.0,68.0,67.5,67.5,67.5,68.0,68.5,69.0,69.5,70.0,70.5,71.0,71.0,71.5,71.5,71.0,71.0,70.5,70.5,70.0,69.5,69.0,69.0,68.5,68.5,68.5,68.5,68.5,68.5,69.0,69.5,70.0,70.5,71.0,71.0,71.0,71.0,70.5,70.0,70.0,69.5,69.5,69.0,69.0,69.0,69.0,69.5,70.0,70.5,71.0,71.5,72.0,72.5,72.5,72.5,72.5,72.0,72.0,71.5,71.0,70.5,70.5,70.5,70.5,71.0,71.0,71.0,71.0,71.0,71.0,71.0,71.0,71.0,71.0,71.0,71.0,71.0,71.0,71.0,70.5,70.5,70.5,70.0,70.0,70.0,70.0,70.0,70.5,70.5,71.0,71.5,72.0,72.0,72.0,71.5,71.0,70.5,70.0,69.0,68.5,68.0,67.5,67.0,66.5,66.5,66.5,67.0,67.5,67.5,68.0,68.0,68.0,67.5,67.5,67.0,67.0,67.0,67.0,67.0,67.0,67.5,68.0,68.5,69.0,69.5,70.5,71.0,72.0,72.5,73.5,74.0,74.5,75.0,75.0,75.0,75.0,75.0,75.0,75.0,74.5,74.5,74.0,73.5,73.5,73.5,73.0,73.0,73.5,73.5,73.5,74.0,74.0,74.5,74.5,75.0,75.0,75.0,0.0,0.0
28.5,28.0,27.5,27.5,27.0,27.5,27.5,27.5,28.0,28.0,28.0,28.0,28.0,28.0,27.5,27.0,26.5,26.0,25.5,25.5,25.0,25.0,24.5,24.5,25.0,25.0,25.5,26.0,26.5,27.0,27.0,27.5,27.5,28.0,28.5,29.0,29.5,29.5,30.0,30.0,29.5,29.5,29.0,29.0,28.5,29.0,29.0,29.5,29.5,30.0,30.0,30.0,30.0,30.0,29.5,29.5,29.0,28.5,28.0,27.5,27.0,27.0,26.5,26.0,26.0,25.5,26.0,26.0,26.5,27.0,27.0,27.5,27.5,27.5,27.5,27.5,27.0,27.0,26.5,26.0,25.5,25.5,25.0,25.0,25.5,25.5,26.0,26.0,26.0,26.5,26.5,26.5,26.5,26.5,26.5,26.0,25.5,25.5,25.0,24.5,24.5,24.0,23.5,23.5,23.5,23.5,24.0,24.5,25.0,25.5,25.5,25.5,24.5,23.5,22.0,20.0,18.0,15.5,13.0,10.5,8.5,7.0,5.5,5.0,4.5,5.0,5.5,6.5,8.5,10.5,13.5,17.5,22.5,28.0,34.0,40.5,47.5,54.5,61.0,67.5,73.5,79.5,86.0,92.0,98.0,102.5,106.5,109.0,110.5,111.5,111.5,111.5,110.0,107.5,104.0,99.5,94.0,88.5,83.0,77.5,72.0,66.0,60.5,55.5,51.0,47.0,43.5,40.5,38.0,35.5,33.5,32.0,31.0,30.0,29.5,29.0,28.0,27.5,27.0,26.5,26.5,26.0,25.5,25.5,25.0,25.0,25.0,25.0,25.0,25.0,25.0,25.0,25.0,25.0,25.0,25.0,24.5,24.0,23.5,23.0,22.5,22.0,22.0,22.0,22.0,22.0,22.5,23.0,23.5,24.0,24.5,24.5,25.0,24.5,24.5,24.5,24.5,24.0,24.0,23.5,23.5,23.0,23.0,22.5,22.5,22.5,22.5,22.5,22.5,22.5,23.0,23.0,23.0,23.0,23.0,22.5,22.5,22.0,22.0,21.5,21.0,21.0,20.5,20.5,20.5,21.0,21.0,22.0,22.5,23.0,23.5,23.5,23.5,23.5,23.5,23.0,22.5,22.5,22.0,22.0,21.5,21.5,21.5,21.5,21.5,21.5,21.5,21.5,21.5,21.5,22.0,22.0,22.0,22.0,21.5,21.5,21.0,21.0,20.5,20.0,20.0,19.5,19.5,19.0,19.0,19.0,19.5,19.5,20.0,20.5,20.5,21.0,21.5,21.5,22.0,22.0,22.0,22.0,21.5,21.0,21.0,20.5,20.5,20.5,20.5,20.5,21.0,21.5,21.5,22.0,22.5,22.5,23.0,23.0,23.0,23.0,23.0,22.5,22.0,21.5,0.0,0.0
37.0,36.0,35.0,34.0,33.5,33.5,34.0,34.5,35.0,36.5,37.5,38.5,40.0,40.5,41.5,42.0,42.0,42.5,42.5,42.5,42.5,41.5,41.0,40.0,39.5,39.0,38.5,38.0,38.0,37.5,37.5,37.5,37.5,38.0,39.0,39.5,39.5,40.0,40.0,40.0,40.0,40.0,39.5,39.5,39.0,38.5,38.0,37.5,37.5,37.5,37.5,37.5,37.5,38.0,38.5,38.5,39.0,39.5,39.5,39.5,39.5,39.5,39.0,39.0,39.0,39.0,38.5,38.5,38.5,38.0,38.0,38.0,38.5,38.5,38.5,39.0,39.0,39.0,39.5,39.5,39.0,39.0,38.5,38.5,38.5,38.0,38.0,37.5,37.5,37.0,37.0,37.5,37.5,38.0,38.5,38.5,39.0,39.5,39.5,39.5,39.5,39.0,39.0,38.5,38.0,37.5,37.5,37.0,37.0,37.5,37.5,38.0,38.0,38.5,38.5,39.0,39.0,38.5,39.0,39.0,39.0,39.0,39.0,38.5,38.0,38.0,37.5,37.0,37.0,37.0,37.0,37.0,37.0,37.5,37.5,37.5,37.5,37.5,37.5,37.5,37.5,37.5,37.0,37.0,36.5,36.5,36.5,36.0,36.0,36.0,36.5,37.0,37.5,38.0,38.5,39.0,39.5,39.5,39.5,40.0,40.0,39.5,39.5,39.5,39.0,38.5,38.0,37.5,37.0,37.0,37.0,37.0,37.5,38.0,38.5,39.0,39.5,39.5,40.0,40.0,40.5,40.0,40.0,39.5,39.0,39.0,38.5,38.0,38.0,37.5,37.5,37.5,37.5,37.5,37.5,37.5,37.5,37.5,37.5,38.0,38.0,37.5,37.0,37.0,36.5,36.5,36.5,36.0,35.5,35.5,35.5,35.5,35.5,35.5,36.0,36.0,36.0,36.5,36.5,36.0,35.5,35.0,34.5,34.0,33.5,33.0,32.5,32.0,31.5,31.5,31.5,31.5,32.0,32.5,33.5,34.0,35.0,36.0,36.5,37.0,37.5,38.0,38.0,37.5,37.5,37.0,37.0,36.5,36.5,36.0,36.0,36.0,36.5,37.0,37.0,37.5,38.0,38.5,38.5,38.5,38.5,38.0,37.5,37.0,36.5,36.0,36.0,35.5,35.5,35.0,35.0,35.0,35.5,35.5,36.0,37.0,37.0,37.5,37.5,37.5,37.0,36.5,36.5,36.0,35.5,35.5,35.0,35.0,35.0,35.5,35.5,36.0,36.0,36.0,36.5,36.5,36.5,37.0,37.0,37.5,38.0,38.0,38.0,37.5,37.0,36.5,36.0,35.5,35.0,35.0,35.0,35.0,35.0,35.5,35.5,36.0,36.0,36.5,36.5,36.5,0.0,0.0
51.0,51.0,50.5,50.0,50.0,49.5,49.0,49.0,49.0,49.5,49.5,49.5,50.0,50.0,50.0,50.5,51.0,51.0,51.5,51.5,51.5,51.0,51.0,51.0,50.5,50.5,50.0,50.0,50.0,50.0,50.0,50.0,50.5,50.5,51.0,51.0,51.5,51.5,51.5,51.5,51.0,50.5,50.0,49.5,49.0,48.5,48.5,48.0,48.0,48.0,48.0,48.0,48.5,49.0,49.0,49.5,50.5,50.5,51.0,51.0,51.0,50.5,50.0,49.5,49.0,48.5,48.0,48.0,47.5,48.0,48.0,48.0,48.0,48.5,48.5,48.5,48.5,48.5,48.5,48.0,48.0,47.5,47.0,47.0,47.0,47.0,47.5,47.5,48.0,48.5,49.0,49.5,50.0,50.5,51.0,51.0,51.5,51.5,51.5,51.5,51.5,51.5,51.5,51.5,51.0,51.0,50.5,50.5,50.5,50.5,51.0,51.5,52.0,52.5,53.0,53.0,53.0,53.0,53.0,53.0,52.5,52.5,52.0,51.0,51.0,50.5,50.0,50.0,49.5,49.5,49.5,49.5,50.0,50.0,50.5,51.0,51.5,51.5,52.0,52.0,51.5,51.5,51.0,51.0,51.0,51.0,51.0,51.0,51.0,51.0,51.0,51.0,51.5,52.0,52.0,52.5,53.0,53.5,53.5,53.5,53.0,52.5,52.0,51.5,51.5,51.0,51.0,50.5,50.5,50.5,51.0,51.0,51.5,52.0,52.5,53.0,53.0,53.5,53.0,53.0,52.5,52.5,52.0,51.5,51.5,51.5,52.0,52.0,52.0,52.5,52.5,53.0,53.5,54.0,54.5,54.5,55.0,55.0,55.0,55.0,55.0,55.0,54.5,54.5,54.5,54.5,54.5,54.5,54.5,54.5,54.5,55.0,55.0,55.5,55.5,56.0,56.0,56.0,56.0,56.0,55.5,55.5,55.0,54.5,53.5,53.0,52.5,52.5,52.0,51.5,51.5,51.5,52.0,52.5,53.0,53.0,53.5,53.5,53.5,53.0,53.0,52.5,52.0,51.5,51.5,51.0,51.0,51.0,51.0,51.0,51.0,51.0,51.5,52.0,52.0,52.5,52.5,52.5,52.5,52.5,52.5,52.0,51.5,51.5,51.0,50.5,50.0,49.5,49.5,49.5,50.0,50.5,51.0,51.5,52.0,52.0,52.5,52.5,52.5,52.5,52.5,52.0,51.5,51.5,51.0,51.0,51.0,51.0,51.0,51.0,51.0,51.5,51.5,52.0,52.5,52.5,53.0,53.0,53.0,53.0,53.0,52.5,52.0,51.5,51.0,51.0,50.5,50.5,50.5,50.0,50.0,50.0,50.0,50.5,50.5,51.0,51.0,51.0,51.0,51.0,0.0,0.0
26.5,26.0,25.5,25.0,25.5,25.5,26.0,27.0,27.5,28.0,28.0,28.0,28.0,27.5,27.5,27.0,27.0,26.5,26.0,25.5,25.0,25.0,24.5,24.5,24.0,24.0,24.0,24.5,24.5,25.0,25.0,25.5,25.5,25.5,25.5,25.5,25.0,24.5,24.5,24.0,24.0,24.0,24.0,24.0,24.0,24.0,24.5,24.5,25.0,25.0,25.0,25.5,25.5,25.5,25.5,25.5,25.5,25.5,25.0,25.0,25.0,24.5,24.0,24.0,24.0,24.0,24.5,24.5,25.0,25.5,26.0,26.5,26.5,27.0,27.0,27.0,26.5,26.5,26.0,25.5,25.0,25.0,25.0,24.5,24.5,25.0,25.5,26.0,26.5,27.0,27.0,27.5,27.5,27.5,27.0,26.5,26.0,26.0,25.5,25.0,24.5,24.5,24.0,24.0,24.0,24.5,24.5,25.0,25.5,25.5,26.0,26.0,26.5,26.5,26.5,26.5,26.5,26.5,26.5,26.0,26.0,25.5,25.5,25.5,25.5,26.0,26.0,26.0,26.0,26.5,26.5,27.0,27.0,27.0,27.0,27.0,26.5,26.0,26.0,25.5,25.5,25.0,25.0,24.5,24.5,24.5,24.5,24.5,24.5,25.0,25.5,25.5,25.5,26.0,26.0,26.0,25.5,25.5,25.0,25.0,24.5,24.5,24.5,24.5,25.0,25.5,26.0,26.0,26.5,27.0,27.5,27.5,28.0,28.0,28.0,28.0,27.5,27.5,27.0,26.5,26.5,26.5,26.5,26.5,26.0,26.5,26.5,27.0,27.0,27.5,28.0,28.0,28.5,28.5,28.5,28.0,28.0,27.5,27.0,26.5,26.5,26.0,26.0,26.0,26.0,26.5,27.0,27.0,27.5,27.5,27.5,28.0,28.0,28.0,28.0,27.5,27.5,27.0,26.5,26.0,26.0,25.5,25.5,25.5,26.0,26.0,26.5,27.0,27.5,28.0,28.0,28.5,28.5,28.5,28.5,28.5,28.0,28.0,27.5,27.5,27.0,27.0,26.5,26.5,26.5,26.5,26.5,26.5,27.0,27.0,27.5,27.5,28.0,28.0,28.0,27.5,27.5,27.0,26.5,26.5,26.0,25.5,25.5,25.0,25.0,25.5,26.0,26.5,27.0,27.5,27.5,27.5,27.5,27.5,27.0,27.0,26.5,26.0,26.0,26.0,26.0,26.0,26.0,25.5,25.5,25.5,25.5,25.5,25.5,25.5,25.5,25.5,25.5,25.5,25.5,25.5,25.5,25.5,25.0,24.5,24.5,24.0,24.0,24.0,24.0,24.0,24.5,24.5,25.0,25.5,26.0,26.0,26.5,26.5,26.5,26.5,26.0,25.5,25.5,25.0,0.0,0.0
-7.5,-7.5,-7.5,-7.5,-7.0,-7.0,-7.0,-6.5,-6.5,-6.5,-6.5,-6.5,-7.0,-7.0,-8.0,-8.5,-9.5,-10.5,-11.5,-12.5,-13.0,-13.5,-13.5,-13.5,-13.0,-12.0,-11.0,-10.0,-9.0,-7.5,-6.5,-5.5,-4.5,-4.5,-4.0,-4.5,-5.0,-5.5,-6.0,-6.5,-6.5,-7.0,-7.0,-7.0,-7.0,-7.0,-7.0,-7.0,-7.0,-7.5,-7.5,-8.0,-8.0,-8.5,-9.0,-9.5,-10.0,-10.0,-10.0,-10.0,-9.5,-9.5,-9.0,-8.0,-7.5,-7.0,-6.5,-6.5,-6.5,-7.0,-7.0,-8.0,-8.5,-9.0,-9.5,-10.0,-10.0,-10.0,-10.0,-10.0,-9.5,-9.0,-8.5,-8.0,-7.5,-7.5,-7.0,-7.0,-6.5,-6.5,-6.0,-6.0,-6.0,-6.5,-7.0,-7.0,-7.0,-7.0,-6.5,-6.5,-6.5,-6.5,-6.5,-6.0,-6.0,-6.0,-6.0,-6.5,-6.5,-7.0,-7.0,-7.5,-8.0,-8.5,-9.0,-9.5,-9.5,-10.0,-10.0,-10.0,-10.0,-10.0,-10.0,-10.0,-9.5,-9.5,-9.0,-9.0,-8.5,-8.5,-8.5,-8.5,-8.5,-8.5,-8.5,-9.0,-9.0,-9.5,-10.0,-10.0,-10.0,-10.0,-9.5,-9.0,-9.0,-9.0,-9.0,-9.0,-9.0,-9.0,-9.0,-9.0,-9.5,-9.5,-10.0,-10.5,-11.0,-11.0,-11.0,-11.0,-11.0,-10.5,-10.5,-9.5,-9.0,-9.0,-8.5,-8.5,-8.5,-8.5,-9.0,-9.0,-9.0,-9.5,-9.5,-10.0,-10.5,-10.5,-10.5,-10.5,-10.0,-9.5,-9.0,-8.5,-8.5,-8.0,-7.5,-7.5,-7.0,-6.5,-6.5,-6.5,-7.0,-7.5,-8.0,-8.0,-8.5,-8.5,-8.5,-8.5,-8.0,-7.5,-7.0,-6.5,-5.5,-5.0,-4.5,-4.0,-3.5,-3.5,-3.5,-3.5,-4.0,-4.5,-5.0,-6.0,-6.5,-7.0,-7.0,-7.0,-7.0,-7.0,-7.0,-6.5,-6.5,-6.0,-6.0,-6.0,-5.5,-6.0,-6.0,-6.5,-7.0,-7.0,-7.5,-8.0,-8.0,-8.5,-8.5,-8.0,-7.5,-7.0,-6.0,-5.5,-4.5,-4.0,-4.0,-4.0,-4.0,-4.0,-4.5,-4.5,-5.0,-5.5,-6.0,-6.5,-6.5,-7.0,-7.0,-7.0,-7.0,-7.0,-6.5,-6.5,-6.0,-5.5,-5.5,-5.0,-5.0,-5.5,-5.5,-6.0,-6.0,-6.5,-6.5,-6.5,-7.0,-7.0,-7.0,-7.0,-6.5,-6.0,-5.0,-4.0,-3.5,-3.0,-3.0,-3.0,-3.0,-3.0,-3.0,-3.5,-3.5,-4.0,-4.0,-4.5,-4.5,-4.5,-4.5,-4.5,-4.5,-4.5,-4.0,-4.0,-3.5,-3.0,-3.0,-3.0,-3.0,-3.0,-3.5,-3.5,-4.0,-4.5,-4.5,-4.5,-5.0,-5.0,-5.5,-5.5,0.0,0.0
34.0,35.0,36.0,37.0,38.0,38.5,39.0,39.0,38.5,38.5,38.0,37.5,36.5,36.0,35.5,35.0,34.0,33.5,33.0,32.5,32.0,31.5,31.5,31.5,32.0,32.5,33.0,33.5,33.5,34.0,34.0,34.0,34.0,33.5,33.5,33.0,32.0,31.5,31.5,31.0,31.0,30.5,30.5,30.5,30.5,30.5,30.5,30.5,30.5,31.0,31.0,30.5,30.5,30.0,29.0,28.5,28.0,27.5,27.5,27.5,27.5,28.0,28.5,29.0,29.5,30.5,31.0,32.0,32.5,33.5,34.0,34.5,34.5,35.0,35.0,34.5,34.0,33.5,33.0,33.0,33.0,32.5,32.5,32.5,33.0,33.0,33.5,33.5,34.0,34.0,34.0,34.0,33.5,33.5,33.0,33.0,32.5,32.0,31.5,31.0,30.5,30.5,30.5,31.0,31.5,32.0,32.5,33.0,33.5,33.5,34.0,34.0,34.0,33.5,33.5,33.5,33.0,32.5,32.0,31.5,31.0,31.0,30.5,30.5,31.0,31.0,31.5,32.0,32.0,32.0,32.5,32.5,32.0,32.0,32.0,31.5,31.5,31.5,31.5,31.5,31.5,31.5,31.5,31.5,32.0,32.0,32.5,32.5,32.0,31.5,30.5,29.0,27.5,26.0,23.5,21.5,19.0,16.5,14.5,13.0,12.0,11.0,10.5,11.0,12.0,13.5,15.5,18.5,22.5,27.0,32.5,38.0,44.5,51.5,58.0,64.5,70.5,76.5,82.5,88.5,95.0,100.5,105.5,109.5,112.5,114.5,116.0,117.0,117.0,115.5,113.5,110.0,106.0,101.0,96.0,90.5,84.5,78.5,72.5,66.5,61.5,56.5,52.0,48.0,44.5,42.0,39.5,37.5,36.0,35.0,34.5,34.0,34.0,33.5,33.5,33.0,32.5,32.0,32.0,32.0,31.5,31.5,31.0,31.0,31.0,31.0,31.5,31.5,32.0,32.0,32.5,32.5,32.0,32.0,31.5,31.0,30.5,30.0,29.5,29.0,28.5,28.0,28.0,28.0,28.0,28.0,28.0,28.5,28.5,28.5,29.0,29.0,29.0,29.0,28.5,28.5,28.5,28.0,28.0,27.5,27.5,27.5,27.5,27.5,27.5,28.0,28.0,28.5,29.0,29.0,29.0,29.0,29.0,29.0,29.0,29.0,29.0,28.5,28.0,28.0,27.5,27.5,27.0,27.0,27.0,27.5,27.5,28.0,28.0,28.0,28.5,28.5,28.5,28.0,28.0,27.5,27.0,26.5,26.5,26.5,27.0,27.0,27.5,27.5,28.0,28.0,28.5,29.0,29.0,29.5,30.0,30.0,30.0,30.0,29.5,29.5,29.0,28.5,28.5,28.0,0.0,0.0
22.0,21.5,21.5,21.0,21.0,21.0,21.0,20.5,20.5,20.0,19.5,19.5,19.0,18.5,18.5,18.5,18.5,18.5,19.0,19.5,20.0,20.5,21.0,21.0,21.5,21.5,21.5,21.5,21.0,20.5,20.0,19.5,19.0,18.5,18.5,18.0,18.0,18.5,18.5,19.0,19.5,20.0,20.0,20.5,21.0,21.0,21.5,21.5,21.5,21.0,21.0,20.5,20.5,20.0,20.0,19.5,19.5,19.5,19.5,20.0,20.5,21.0,21.0,21.0,21.0,20.5,20.0,19.5,19.0,19.0,18.5,18.5,18.0,18.0,18.0,17.5,18.0,18.0,18.0,18.5,19.0,19.5,20.0,20.5,20.5,20.5,21.0,21.0,21.0,21.0,21.5,22.0,22.5,22.5,22.0,22.0,21.5,21.0,21.0,21.5,21.5,22.0,22.5,22.5,23.0,23.0,22.5,22.0,21.5,21.0,20.5,19.5,19.0,18.5,18.0,18.0,18.5,18.5,19.0,19.5,20.0,20.5,20.5,21.0,21.0,21.0,21.0,21.0,20.5,20.5,20.0,19.5,19.5,19.0,19.0,19.0,19.0,19.5,20.0,20.5,21.0,21.5,22.0,22.5,23.0,23.0,23.5,23.5,23.0,22.5,22.0,21.5,21.5,21.0,21.0,21.0,21.0,21.5,21.5,22.0,22.0,22.5,22.5,23.0,23.0,23.5,23.0,21.5,20.0,18.5,16.0,14.0,11.5,9.0,7.0,5.0,3.5,3.0,2.5,2.5,2.5,3.5,4.5,6.5,9.0,12.5,17.0,22.0,27.5,34.0,41.0,48.0,54.5,61.0,67.0,73.5,80.0,87.0,93.5,99.5,104.0,107.5,110.0,111.5,112.0,112.0,110.5,108.0,104.5,99.5,94.0,88.5,83.0,77.0,71.5,66.0,61.0,56.0,51.5,47.0,43.0,40.0,37.0,34.5,32.5,31.0,29.5,28.5,28.0,27.5,27.0,27.0,26.5,26.5,26.0,26.0,25.5,25.5,25.5,26.0,26.5,27.0,27.5,27.5,27.5,27.5,27.5,27.0,26.5,26.0,25.5,25.0,24.0,23.5,23.0,23.0,23.0,23.0,23.5,24.0,24.5,25.0,25.0,25.5,25.5,26.0,26.0,26.0,26.0,26.0,25.5,25.0,25.0,24.5,24.0,24.0,24.0,24.0,24.0,24.5,25.0,25.0,25.5,25.5,26.0,26.0,25.5,25.5,25.5,25.0,25.0,24.5,24.0,23.5,23.0,23.0,23.0,23.5,24.0,24.5,24.5,25.0,25.5,25.5,25.5,26.0,26.0,25.5,25.5,25.0,25.0,24.5,24.0,23.5,23.0,23.0,23.0,23.0,23.0,23.0,0.0,0.0
23.0,22.5,22.0,21.5,21.0,20.5,20.5,20.5,20.5,21.0,21.5,22.0,22.0,22.0,22.0,22.0,21.5,21.0,20.0,19.5,19.0,18.5,18.5,18.5,18.5,18.5,19.0,19.5,20.0,20.5,21.0,21.5,21.5,22.0,22.0,22.0,21.5,21.0,21.0,20.0,19.5,19.5,19.0,18.5,18.0,18.0,17.5,17.5,18.0,18.0,18.5,18.5,18.5,18.5,18.5,18.5,18.0,18.0,18.0,17.5,17.5,17.5,17.5,17.5,17.5,17.5,17.5,18.0,18.0,18.5,19.0,19.0,19.0,19.0,19.0,18.5,18.5,18.5,18.5,18.5,18.5,18.5,18.0,18.0,17.5,17.5,17.5,17.5,17.0,17.0,17.0,17.0,17.0,17.0,17.0,17.0,17.0,17.0,17.0,17.0,16.5,16.5,16.0,16.0,15.5,15.5,15.5,16.0,16.5,16.5,17.0,17.5,17.5,18.0,18.0,18.0,18.0,18.0,17.5,17.0,17.0,16.5,16.5,16.0,15.5,15.5,15.0,15.0,15.5,15.5,16.0,16.0,16.5,16.5,17.0,17.0,17.0,16.5,16.5,16.0,16.0,15.5,15.5,15.0,15.0,14.5,15.0,15.0,15.5,16.0,16.5,17.0,17.5,18.0,18.5,18.5,18.5,18.5,18.0,17.5,17.0,16.5,16.0,16.0,16.0,16.0,16.0,16.0,16.0,16.5,16.5,17.0,17.0,17.5,18.0,18.5,18.5,18.5,18.0,17.5,17.0,16.5,16.0,15.5,15.0,15.0,15.0,15.5,16.0,16.0,16.0,16.0,16.0,16.0,16.0,16.5,16.5,16.0,16.0,15.5,15.0,14.5,14.0,13.5,14.0,14.0,14.0,14.5,14.5,14.5,14.5,14.5,14.5,14.5,14.0,14.0,13.5,13.5,13.0,12.5,12.0,11.5,11.0,11.0,11.0,11.0,11.0,11.5,12.0,12.5,13.0,14.0,14.5,15.0,15.5,16.0,16.0,15.5,15.0,14.5,14.0,13.5,13.0,12.5,12.5,12.5,12.5,13.0,13.0,13.5,14.0,14.5,14.5,15.0,15.0,15.0,15.0,15.0,14.5,14.0,14.0,14.0,14.0,14.0,14.0,14.5,14.5,14.5,15.0,15.5,16.0,16.0,16.5,16.5,17.0,17.0,17.0,16.5,16.5,16.0,16.0,15.5,15.0,14.5,14.5,14.5,14.0,14.0,14.0,14.0,14.5,14.5,15.0,15.5,15.5,16.0,16.0,16.0,15.5,15.5,15.0,15.0,15.0,15.0,15.0,15.0,15.0,15.0,15.5,16.0,16.5,17.0,17.0,17.0,17.5,17.5,17.5,17.0,16.5,16.0,0.0,0.0
52.5,53.0,53.0,53.5,54.0,54.5,55.0,55.0,55.0,55.0,54.5,54.5,54.0,53.5,53.0,53.0,52.5,52.0,52.0,52.0,52.0,52.5,52.5,53.0,53.0,53.5,53.5,54.0,54.0,54.0,53.5,53.5,53.5,53.0,53.0,53.0,52.5,52.5,52.5,52.5,53.0,53.5,53.5,54.0,54.5,55.0,55.5,55.5,55.5,55.5,55.5,55.5,55.0,55.0,54.5,54.5,54.0,53.5,53.0,53.0,53.5,54.0,54.5,55.0,55.0,55.5,56.0,56.0,56.0,56.0,55.5,55.0,54.5,54.0,53.5,53.0,53.0,52.5,52.5,52.5,52.5,52.5,53.0,53.5,54.0,54.5,54.5,54.5,54.5,54.5,54.5,54.5,54.5,54.5,54.5,54.0,54.0,54.0,54.0,54.0,54.0,54.5,54.5,54.5,54.5,55.0,55.0,55.5,55.5,55.0,55.0,54.5,54.0,54.0,53.5,53.0,53.0,53.0,53.0,53.0,53.0,53.5,54.0,54.5,55.0,55.5,56.0,56.0,56.0,56.0,56.0,55.5,55.5,55.0,55.0,55.0,54.5,54.5,54.5,55.0,55.0,55.5,56.0,56.0,56.0,56.0,56.5,56.5,56.5,56.5,56.5,56.0,55.5,55.0,54.0,53.5,53.0,52.5,52.5,52.5,52.0,52.5,52.5,53.0,53.5,54.0,54.0,54.5,54.5,55.0,55.0,54.5,54.5,54.5,54.0,54.0,54.0,54.5,54.5,55.0,56.0,56.5,57.5,58.5,59.5,60.0,61.0,61.0,61.5,61.5,61.0,60.5,60.0,59.5,59.0,59.0,58.5,58.0,58.0,58.0,58.0,58.5,58.5,58.5,59.0,59.5,59.5,60.0,60.5,60.5,61.0,60.5,60.5,60.0,59.5,59.5,59.0,59.0,59.0,59.5,59.5,60.0,60.5,61.0,61.5,62.0,62.0,62.5,62.5,62.5,62.5,62.0,61.5,61.0,60.5,60.5,60.0,60.0,60.0,60.5,60.5,60.5,60.5,60.5,61.0,60.5,60.5,60.5,60.5,60.5,60.0,60.0,59.5,59.5,59.5,59.0,59.5,59.0,59.0,58.5,58.0,57.5,57.0,56.0,54.5,53.0,51.0,49.0,47.5,46.0,44.5,43.5,42.0,41.5,41.0,41.5,43.0,45.0,48.0,52.0,57.0,63.0,69.5,77.0,85.0,92.5,99.5,106.5,112.5,119.0,125.0,131.0,136.0,140.5,143.0,145.0,146.0,146.0,146.0,145.0,143.0,140.5,137.0,133.0,128.0,123.5,118.0,113.0,107.5,102.5,97.5,92.5,88.0,84.0,80.0,76.5,73.5,71.0,68.5,67.0,0.0,0.0
-2.5,-2.5,-2.5,-2.0,-1.5,-1.0,-0.5,0.0,0.5,0.5,0.5,1.0,1.5,1.5,1.5,1.5,1.5,1.5,1.5,1.5,1.0,1.0,1.0,1.0,1.0,0.5,0.5,0.5,1.0,1.0,1.0,1.5,1.0,1.0,1.0,0.5,0.0,-0.5,-1.0,-1.0,-1.5,-2.0,-2.0,-2.0,-2.0,-2.0,-2.0,-2.0,-2.0,-1.5,-1.5,-1.0,-1.0,-1.0,-1.0,-1.0,-1.0,-1.5,-1.5,-2.0,-2.0,-2.5,-2.5,-2.5,-2.5,-2.0,-2.0,-1.5,-1.0,-0.5,-0.5,-0.5,-0.5,-0.5,-0.5,-0.5,-1.0,-1.0,-1.0,-1.5,-1.5,-1.5,-1.5,-1.5,-1.5,-1.5,-1.0,-1.0,0.0,0.5,1.0,1.5,1.5,1.5,1.5,1.5,1.0,1.0,0.5,0.0,-0.5,-0.5,-0.5,-0.5,-0.5,0.0,1.0,1.5,2.0,2.5,3.0,3.0,3.0,3.0,2.5,2.0,1.5,1.5,1.0,1.0,0.5,0.5,0.0,0.0,0.0,0.5,0.5,1.0,1.0,1.0,1.5,2.0,2.0,2.5,3.0,3.0,3.0,2.5,2.5,2.5,2.0,2.0,2.0,2.0,2.0,2.0,2.5,2.5,3.0,3.0,3.5,3.5,4.0,4.0,4.0,3.5,3.5,3.0,2.5,2.5,2.0,2.0,2.0,2.5,2.5,3.0,3.0,3.5,4.0,4.0,4.5,5.0,5.0,5.0,5.0,4.5,4.5,4.0,3.5,3.0,3.0,2.5,2.5,2.5,3.0,3.0,3.5,4.0,4.5,5.0,5.5,6.0,6.5,7.0,7.0,7.0,6.5,6.0,5.0,4.5,4.0,4.0,4.5,5.0,5.5,6.0,6.5,7.0,7.0,7.0,7.5,7.5,8.0,8.0,7.5,7.5,7.0,6.5,5.5,5.0,5.0,5.0,5.0,5.0,5.5,6.0,6.5,7.0,7.5,8.0,8.5,8.5,8.5,8.0,7.5,7.0,6.5,5.5,5.5,5.0,5.0,5.0,5.0,5.0,5.5,6.0,6.0,6.5,6.5,7.0,7.0,7.0,7.0,7.0,7.0,6.5,6.5,6.5,6.0,6.0,5.5,5.0,5.0,5.0,5.5,6.0,6.0,6.5,6.5,6.5,6.5,6.5,6.0,6.0,5.5,5.0,4.0,3.0,2.0,1.0,-0.5,-1.5,-2.5,-3.0,-3.0,-2.5,-1.5,0.0,1.5,3.0,4.0,5.0,5.5,5.5,5.5,5.0,4.5,4.0,3.5,3.0,2.5,2.0,1.5,1.5,1.5,2.0,3.0,4.0,4.5,5.5,5.5,6.0,6.0,6.0,6.0,5.5,5.0,4.5,4.0,3.5,0.0,0.0
70.0,70.0,70.0,70.0,70.0,69.5,69.5,69.5,69.5,69.0,69.0,69.0,69.0,69.0,68.5,68.5,68.5,68.5,69.0,69.0,69.0,69.0,68.0,67.0,66.0,64.0,62.0,60.0,57.5,55.0,53.5,52.0,51.0,50.0,50.0,50.0,51.0,52.5,55.0,58.0,61.5,66.5,71.5,77.0,83.5,90.5,97.0,103.5,110.0,116.0,122.0,128.0,134.0,140.0,145.0,149.0,152.0,153.5,155.0,155.5,155.5,154.5,152.5,149.5,145.5,141.0,136.0,130.5,125.0,119.0,113.5,108.0,103.0,98.5,94.5,90.5,87.0,84.0,81.5,79.5,78.0,76.5,76.0,75.5,75.0,75.0,74.5,74.0,73.5,73.0,73.0,72.5,72.5,72.5,72.5,72.5,72.5,72.5,72.5,72.5,72.5,72.5,72.5,72.5,72.5,72.5,72.0,71.5,71.0,70.5,70.5,70.0,70.0,70.0,70.0,70.0,70.0,70.0,70.0,70.0,70.0,70.0,70.0,70.0,70.0,69.5,69.0,69.0,68.5,68.0,68.0,68.0,68.0,68.0,68.5,68.5,68.5,69.0,69.0,69.5,70.0,70.0,70.0,70.0,70.0,69.5,69.5,69.5,69.0,69.0,69.0,69.0,69.0,69.0,69.0,69.5,69.5,70.0,70.0,70.0,70.0,70.0,70.0,70.0,70.0,70.0,69.5,69.0,68.5,68.5,68.0,68.0,67.5,67.5,67.5,67.5,68.0,68.0,68.5,68.5,69.0,69.0,69.0,69.0,69.0,68.5,68.5,68.0,68.0,68.0,67.5,67.5,67.0,67.0,67.0,67.0,67.0,67.5,67.5,68.0,68.5,69.0,69.0,69.0,69.0,69.0,68.5,68.0,68.0,67.5,67.5,67.0,66.5,66.5,66.5,66.5,67.0,67.5,67.5,68.0,68.5,69.0,69.5,69.5,69.5,69.5,69.0,68.5,68.5,68.0,68.0,67.5,67.5,67.0,67.0,67.5,67.5,67.5,68.0,68.0,68.0,68.0,68.0,68.0,68.0,67.5,67.5,67.0,67.0,67.0,66.5,66.5,66.5,66.5,66.5,66.5,66.5,66.5,67.0,67.0,67.0,67.5,67.5,68.0,68.0,68.0,68.0,67.5,67.0,67.0,66.5,66.5,66.5,66.5,67.0,67.0,67.5,68.0,68.0,68.5,69.0,69.0,69.0,69.0,69.0,69.0,69.0,68.5,68.0,67.5,67.0,66.5,66.5,66.5,66.5,66.5,67.0,67.0,67.5,67.5,67.5,67.5,67.5,67.0,66.5,66.0,65.0,64.5,63.5,62.0,61.0,60.5,60.0,60.0,60.5,62.0,63.0,64.5,66.0,67.0,0.0,0.0
99.0,98.5,98.0,97.5,97.0,96.5,96.5,96.0,96.0,96.0,96.0,96.5,96.5,97.0,97.0,97.5,98.0,98.5,99.0,99.5,99.5,99.0,99.0,98.5,98.0,97.5,97.5,97.0,97.0,97.0,96.5,97.0,97.0,97.5,98.0,98.5,99.0,99.5,100.0,100.0,100.0,100.0,99.5,99.5,99.0,98.5,98.0,98.0,98.0,98.0,98.0,98.5,99.0,99.5,99.5,100.0,100.0,100.0,100.0,100.0,100.0,100.0,99.5,99.5,99.5,99.0,98.5,98.5,98.0,98.0,98.5,98.5,98.5,99.0,99.5,99.5,100.0,100.0,100.0,100.0,100.0,99.5,99.0,98.5,98.0,97.0,96.5,96.5,96.0,96.0,96.0,96.0,96.5,97.0,97.5,98.0,98.5,99.5,100.0,100.5,101.5,102.0,102.0,102.5,102.5,102.5,102.5,102.5,102.5,102.5,103.0,103.5,104.0,104.5,105.0,105.0,105.5,106.0,106.0,105.5,105.0,104.5,104.0,103.5,102.5,102.0,101.5,100.5,100.0,100.0,99.5,100.0,100.0,100.5,101.0,101.0,101.5,102.0,102.0,102.0,101.5,101.5,101.0,100.5,100.0,99.5,99.5,99.0,99.0,99.0,99.0,99.0,99.5,100.0,100.0,100.5,101.0,101.0,101.5,101.5,102.0,102.0,102.5,102.5,102.5,102.0,101.5,101.0,100.5,100.5,100.5,100.5,101.0,101.5,101.5,102.0,102.0,102.0,102.0,102.0,102.0,102.0,102.0,101.5,101.0,100.5,99.5,98.5,97.0,95.5,93.5,92.0,90.0,88.5,86.5,84.5,83.5,82.5,82.0,81.5,81.5,82.0,82.5,83.5,85.5,88.0,91.5,95.5,100.0,105.5,112.0,119.0,126.0,133.5,140.5,147.0,153.0,159.0,165.0,171.0,175.5,179.0,181.0,182.0,182.5,182.0,181.5,180.0,177.5,174.5,170.5,166.5,162.0,157.5,152.5,148.0,143.0,138.0,133.0,128.0,123.0,118.0,113.5,109.5,106.0,102.5,99.5,97.0,95.0,94.0,93.5,94.0,94.5,96.0,97.5,99.0,100.0,101.0,102.0,102.5,103.0,103.0,102.5,102.0,101.0,100.5,99.5,98.5,98.0,97.0,96.5,96.0,95.5,95.5,95.5,96.0,96.0,96.0,96.0,95.5,95.0,94.5,94.0,94.0,93.5,93.0,92.5,92.5,92.0,92.0,92.0,91.5,91.5,91.5,92.0,92.0,92.0,92.0,92.0,92.0,92.0,92.0,92.0,92.0,91.5,91.5,91.0,91.0,90.5,90.0,90.0,90.0,90.0,90.5,91.0,91.0,91.5,91.5,92.0,92.0,0.0,0.0
69.5,69.5,69.5,69.5,69.0,68.5,68.5,68.0,67.5,67.5,67.5,67.5,68.0,68.0,68.5,69.0,69.5,69.5,70.0,70.0,70.0,70.0,70.0,70.0,69.5,69.0,68.5,68.0,67.5,67.5,67.5,67.5,68.0,68.5,69.0,69.5,70.0,70.5,70.5,70.5,70.5,70.5,70.5,70.5,70.0,70.0,69.5,69.5,69.5,69.5,69.0,69.0,69.5,69.5,69.5,69.5,70.0,70.0,70.0,70.0,70.0,69.5,69.5,69.0,68.5,68.0,67.5,67.5,67.5,67.5,67.5,67.5,68.0,68.5,69.0,69.5,70.0,70.5,70.5,70.5,70.5,70.0,70.0,69.5,69.0,68.5,68.5,68.5,68.5,68.0,68.5,68.5,68.5,69.0,69.0,69.0,69.5,69.5,69.5,69.5,69.5,69.5,69.0,68.5,68.5,68.5,68.0,68.0,67.5,67.5,67.5,68.0,68.0,68.5,69.0,69.5,69.5,69.5,69.5,69.5,70.0,70.0,70.0,69.5,69.5,69.0,69.0,68.5,68.0,67.5,67.5,67.5,67.5,68.0,68.0,68.5,69.0,69.5,69.5,69.5,69.5,69.5,69.5,69.0,68.5,68.0,67.5,67.0,66.5,66.0,66.0,66.0,66.0,66.0,66.5,66.5,67.0,67.5,67.5,67.5,67.5,67.0,67.0,66.5,66.5,66.0,66.0,65.5,66.0,66.0,66.5,67.0,67.0,67.5,68.0,68.0,68.5,68.5,68.5,69.0,69.0,69.0,68.5,68.5,68.5,68.5,68.5,68.5,68.5,69.0,69.0,69.5,69.5,70.0,70.5,70.5,71.0,71.0,71.0,71.0,71.0,71.0,71.0,71.0,70.5,70.5,70.0,70.0,69.5,69.5,69.5,70.0,70.0,70.5,71.0,71.5,72.0,72.0,72.5,72.5,72.5,72.5,72.5,72.0,72.0,71.5,71.0,70.5,70.0,70.0,69.5,69.5,69.5,69.5,70.0,70.5,71.0,71.0,71.5,71.5,71.0,70.5,70.5,70.0,69.5,69.0,69.0,68.5,68.5,68.5,68.5,68.5,68.5,69.0,69.0,69.5,69.5,70.0,70.0,70.0,70.0,70.0,70.0,70.0,69.5,69.0,68.5,68.0,67.5,67.5,67.5,68.0,68.0,68.5,69.0,69.0,69.0,69.0,69.5,69.5,69.5,69.5,69.0,69.0,68.5,68.0,68.0,67.5,67.0,66.5,66.5,66.0,66.0,66.5,66.5,66.5,66.5,67.0,67.0,67.0,66.5,66.5,66.0,65.0,64.5,63.5,63.0,62.5,62.0,61.5,61.5,61.5,61.0,61.0,61.0,61.0,61.0,61.0,61.5,61.5,0.0,0.0
33.5,31.5,30.0,28.0,26.5,25.0,23.5,22.5,21.5,21.0,21.0,21.5,22.0,23.5,26.0,29.5,33.5,38.5,44.5,51.0,58.0,65.0,72.0,79.0,85.5,92.5,99.5,106.0,112.0,117.0,121.0,123.5,125.0,126.0,126.5,126.5,125.5,124.0,121.5,118.5,114.5,110.0,105.5,100.5,95.5,90.0,84.5,79.0,74.0,69.5,65.0,61.5,58.0,55.0,52.5,50.5,49.0,48.0,47.5,47.0,47.5,47.5,48.0,48.5,48.5,49.0,49.0,48.5,48.0,47.5,47.5,47.0,46.5,46.5,46.0,46.0,46.0,45.5,45.5,46.0,46.0,46.0,46.5,46.5,47.0,47.0,47.5,47.5,47.5,47.0,46.5,46.0,45.5,45.0,45.0,45.0,44.5,44.5,44.5,44.5,45.0,45.5,45.5,46.0,46.5,46.5,46.5,46.5,46.0,46.0,45.5,45.5,45.0,45.0,45.0,45.0,45.0,45.5,45.5,46.0,46.0,46.0,46.0,46.5,46.5,47.0,47.0,47.0,46.5,46.5,46.0,45.5,45.5,45.0,45.0,45.0,45.0,45.5,45.5,46.0,46.0,46.5,46.5,47.0,47.0,47.5,47.5,47.0,47.0,47.0,46.5,46.0,46.0,46.0,46.0,46.0,46.0,45.5,45.5,45.0,45.0,45.0,45.5,45.5,45.5,45.5,45.5,45.5,45.0,44.5,44.5,44.0,43.5,43.5,43.5,43.5,44.0,44.0,44.5,45.0,45.0,45.5,46.0,46.0,46.5,46.5,46.5,46.5,46.0,45.5,45.5,45.0,44.5,44.0,43.5,43.0,42.5,42.5,42.5,42.5,43.0,43.0,43.0,43.0,43.0,43.0,43.0,43.0,43.0,42.5,42.5,42.0,41.5,41.0,41.0,40.5,40.5,40.5,41.0,41.5,42.0,42.5,43.0,43.0,43.5,44.0,44.0,44.0,44.0,44.0,44.0,43.5,43.5,43.0,42.5,42.0,42.0,42.0,42.5,42.5,43.0,43.5,43.5,44.0,44.0,44.5,44.5,44.5,44.5,44.5,44.5,44.5,44.5,44.5,44.5,44.5,44.5,44.5,44.5,45.0,45.0,45.5,45.5,46.0,46.0,46.5,46.5,46.5,46.5,46.0,46.0,45.5,45.0,44.5,43.5,43.0,43.0,43.0,43.5,44.5,44.5,45.0,45.5,45.5,46.0,46.0,46.0,46.0,45.5,44.5,43.5,42.5,41.5,41.0,40.0,39.5,38.5,38.5,38.5,38.5,39.5,41.0,42.5,44.0,45.5,47.0,48.0,49.0,49.5,50.0,49.5,49.5,48.5,48.0,47.0,46.5,46.0,45.5,45.5,45.5,0.0,0.0
18.0,18.0,18.5,18.5,19.0,19.0,19.5,19.5,19.5,19.5,19.5,19.5,19.5,19.5,19.5,19.0,19.0,18.5,18.5,18.0,18.0,17.5,17.0,17.0,17.0,17.0,17.5,17.5,18.0,18.0,18.0,17.5,17.5,17.0,17.0,17.0,16.5,16.5,16.0,16.0,16.0,16.0,16.5,16.5,17.0,17.0,17.0,17.0,17.0,17.0,17.0,17.0,16.5,16.0,15.5,14.5,13.5,12.0,10.5,8.5,6.5,4.5,2.0,0.0,-1.5,-2.5,-3.5,-4.0,-4.0,-3.5,-3.0,-2.0,0.0,3.0,6.0,10.0,14.5,20.0,26.0,32.5,39.0,45.5,51.5,57.0,63.0,68.5,74.0,79.5,83.5,87.0,89.5,90.5,91.0,91.0,90.5,89.0,87.5,85.0,82.0,78.0,73.5,69.0,64.0,59.0,54.0,49.5,45.0,41.0,37.0,33.5,30.0,27.0,24.0,21.5,19.0,17.5,16.5,15.5,15.0,14.5,14.0,13.5,13.5,13.5,13.5,13.5,14.0,14.5,15.0,15.0,15.5,15.0,15.0,14.5,14.0,13.5,13.0,12.5,11.5,11.0,10.0,9.5,9.5,9.5,10.0,10.5,11.0,11.5,11.5,12.0,12.0,12.0,11.5,11.5,11.0,10.5,9.5,9.0,8.5,8.5,8.5,8.5,9.0,9.5,9.5,10.0,10.0,10.5,10.5,10.5,10.5,10.5,10.0,10.0,9.5,9.0,8.5,8.0,7.5,7.5,7.0,7.0,6.5,6.0,6.0,6.0,6.0,6.0,6.0,6.0,6.5,6.5,7.0,7.0,7.0,7.0,6.5,6.0,6.0,6.0,5.5,6.0,6.0,6.0,6.0,6.0,6.0,6.5,6.5,7.0,7.5,8.0,8.0,8.0,7.5,7.0,6.5,6.0,5.5,5.0,4.5,4.5,4.0,4.5,4.5,5.0,5.0,5.0,5.0,5.0,5.0,5.0,5.0,4.5,4.0,4.0,3.5,3.5,3.0,3.0,2.5,2.0,2.0,2.0,2.0,2.0,2.0,2.5,2.5,3.0,4.0,4.5,4.5,5.0,5.0,4.5,4.0,3.5,3.0,3.0,3.5,3.5,3.5,4.0,4.5,4.5,5.0,5.5,5.5,5.5,5.5,5.5,5.5,5.0,4.5,4.0,3.5,3.0,2.5,2.0,1.5,1.5,1.5,2.0,2.5,3.0,3.5,4.0,4.5,5.0,5.0,5.0,4.5,4.0,3.0,2.0,0.5,-0.5,-1.5,-2.0,-2.5,-3.0,-3.0,-3.0,-3.0,-2.0,-1.0,0.0,1.0,2.5,3.5,4.5,5.5,5.5,6.0,5.5,5.0,4.5,4.0,3.0,0.0,0.0
36.5,36.5,36.5,37.0,37.0,36.5,36.5,35.5,35.0,33.5,32.0,30.5,28.5,26.5,24.5,22.5,21.0,19.5,18.0,16.5,15.5,15.0,15.5,16.5,19.0,22.5,27.0,32.5,38.5,45.5,52.5,60.0,67.5,74.5,81.0,86.5,92.0,97.5,102.5,107.5,112.0,116.0,119.0,121.0,122.5,123.5,124.0,123.0,121.0,118.0,114.0,109.0,104.0,99.0,93.5,88.0,82.5,77.0,72.0,67.0,62.5,58.5,55.0,52.0,49.0,46.5,45.0,43.5,42.5,42.0,41.5,41.5,41.5,41.5,41.0,41.0,40.5,40.0,40.0,40.0,39.5,39.5,39.5,39.0,39.0,39.0,39.5,39.5,39.5,39.5,39.5,39.0,39.0,38.5,38.5,38.0,38.0,37.5,37.5,37.5,37.0,37.0,37.5,37.5,38.0,38.5,39.0,39.0,39.5,40.0,40.0,40.0,40.5,40.5,40.5,40.0,40.0,39.5,39.5,39.0,38.5,38.5,38.0,38.0,38.5,39.0,39.5,40.0,40.5,41.0,41.0,41.0,41.0,41.0,41.0,41.0,40.5,40.0,40.0,39.5,39.5,39.5,39.5,40.0,40.5,41.5,42.0,42.0,42.5,43.0,43.0,43.5,43.5,43.0,43.0,42.5,42.5,42.0,42.0,41.5,41.5,41.5,41.5,41.5,41.5,42.0,42.0,42.5,43.0,43.5,43.5,43.5,43.0,43.0,42.5,42.5,42.0,42.0,41.5,41.5,41.5,41.5,42.0,42.0,42.5,43.0,43.0,43.5,43.5,44.0,44.0,44.5,44.5,44.5,44.5,44.5,44.0,44.0,43.5,43.0,43.0,42.5,42.5,43.0,43.5,43.5,44.0,44.5,45.0,45.5,46.0,46.0,46.0,46.0,45.5,45.0,44.0,43.5,43.5,43.0,43.0,43.0,42.5,42.5,42.5,43.0,43.5,44.0,44.5,45.0,45.5,46.0,46.0,46.5,46.0,46.0,45.5,45.0,45.0,45.0,45.5,45.5,46.0,46.0,46.5,46.5,47.0,47.0,47.5,48.0,48.0,48.5,48.5,48.5,48.5,48.5,48.0,48.0,47.5,47.5,47.5,47.0,47.5,47.5,48.0,48.5,49.0,49.5,49.5,49.5,49.0,49.0,48.5,48.5,48.5,48.0,48.0,47.5,47.5,47.0,46.5,46.5,47.0,47.5,48.0,49.0,49.5,50.0,50.0,50.5,51.0,51.0,51.5,51.5,51.5,51.5,51.5,51.5,51.5,51.5,51.0,51.0,51.0,51.0,50.5,50.5,50.5,50.5,50.0,49.5,49.5,49.0,48.5,47.5,47.0,46.0,46.0,45.5,46.0,47.0,0.0,0.0
98.5,98.0,97.5,97.0,96.5,96.5,96.0,96.0,96.0,96.0,96.5,96.5,97.0,97.0,97.5,98.0,98.5,99.0,99.5,99.5,99.0,99.0,98.5,98.0,97.5,97.5,97.0,97.0,97.0,96.5,97.0,97.0,97.5,98.0,98.5,99.0,99.5,100.0,100.0,100.0,100.0,99.5,99.5,99.0,98.5,98.0,98.0,98.0,98.0,98.0,98.5,99.0,99.5,99.5,100.0,100.0,100.0,100.0,100.0,100.0,100.0,99.5,99.5,99.5,99.0,98.5,98.5,98.0,98.0,98.5,98.5,98.5,99.0,99.5,99.5,100.0,100.0,100.0,100.0,100.0,99.5,99.0,98.5,98.0,97.0,96.5,96.5,96.0,96.0,96.0,96.0,96.5,97.0,97.5,98.0,98.5,99.5,100.0,100.5,101.5,102.0,102.0,102.5,102.5,102.5,102.5,102.5,102.5,102.5,103.0,103.5,104.0,104.5,105.0,105.0,105.5,106.0,106.0,105.5,105.0,104.5,104.0,103.5,102.5,102.0,101.5,100.5,100.0,100.0,99.5,100.0,100.0,100.5,101.0,101.0,101.5,102.0,102.0,102.0,101.5,101.5,101.0,100.5,100.0,99.5,99.5,99.0,99.0,99.0,99.0,99.0,99.5,100.0,100.0,100.5,101.0,101.0,101.5,101.5,102.0,102.0,102.5,102.5,102.5,102.0,101.5,101.0,100.5,100.5,100.5,100.5,101.0,101.5,101.5,102.0,102.0,102.0,102.0,102.0,102.0,102.0,102.0,101.5,101.0,100.5,99.5,98.5,97.0,95.5,93.5,92.0,90.0,88.5,86.5,84.5,83.5,82.5,82.0,81.5,81.5,82.0,82.5,83.5,85.5,88.0,91.5,95.5,100.0,105.5,112.0,119.0,126.0,133.5,140.5,147.0,153.0,159.0,165.0,171.0,175.5,179.0,181.0,182.0,182.5,182.0,181.5,180.0,177.5,174.5,170.5,166.5,162.0,157.5,152.5,148.0,143.0,138.0,133.0,128.0,123.0,118.0,113.5,109.5,106.0,102.5,99.5,97.0,95.0,94.0,93.5,94.0,94.5,96.0,97.5,99.0,100.0,101.0,102.0,102.5,103.0,103.0,102.5,102.0,101.0,100.5,99.5,98.5,98.0,97.0,96.5,96.0,95.5,95.5,95.5,96.0,96.0,96.0,96.0,95.5,95.0,94.5,94.0,94.0,93.5,93.0,92.5,92.5,92.0,92.0,92.0,91.5,91.5,91.5,92.0,92.0,92.0,92.0,92.0,92.0,92.0,92.0,92.0,92.0,91.5,91.5,91.0,91.0,90.5,90.0,90.0,90.0,90.0,90.5,91.0,91.0,91.5,91.5,92.0,92.0,92.5,0.0,0.0
47.0,47.5,47.5,47.5,48.0,48.0,48.5,48.5,49.0,49.0,49.5,49.5,49.0,48.5,48.0,47.5,47.0,46.5,46.5,46.5,46.5,46.5,46.5,47.0,47.0,47.0,47.5,47.5,47.5,47.5,47.5,47.0,47.0,46.5,46.5,46.0,46.0,45.5,45.5,45.5,45.5,45.5,46.0,46.5,46.5,46.5,46.5,46.5,46.0,46.0,45.5,45.5,45.0,44.5,44.0,43.5,43.5,43.0,43.0,43.0,42.5,42.5,42.5,43.0,43.0,43.5,43.5,43.5,44.0,44.0,44.5,45.0,45.0,45.0,45.0,44.5,43.5,43.0,42.5,42.5,42.5,42.5,43.0,43.5,44.0,44.5,44.5,44.5,44.5,44.0,44.0,43.5,43.5,43.0,43.0,42.5,42.0,41.5,41.5,41.0,41.0,41.0,41.0,41.5,41.5,42.0,42.0,42.5,42.5,43.0,43.0,43.0,43.0,42.5,42.0,41.5,41.0,40.5,40.0,40.0,39.5,39.5,40.0,40.5,41.0,41.5,42.0,42.5,42.5,43.0,43.0,43.0,42.5,42.5,42.0,41.5,41.0,40.5,40.5,40.5,40.5,40.5,40.5,41.0,41.0,41.0,41.0,41.0,41.5,41.5,41.0,41.0,41.0,41.0,41.0,41.5,41.5,41.5,41.0,41.0,40.5,40.5,40.5,40.5,40.5,40.5,41.0,41.0,41.5,41.5,42.0,41.5,41.0,41.0,40.5,40.0,39.5,39.5,39.0,39.0,39.0,38.5,38.5,38.5,39.0,39.5,39.5,40.0,40.0,40.0,40.0,40.0,39.5,39.0,38.5,38.0,38.0,37.5,37.5,37.5,38.0,38.5,39.0,39.5,40.0,40.0,40.0,40.5,40.5,41.0,41.0,41.0,41.0,40.5,40.5,40.0,39.5,39.5,39.0,38.5,38.0,37.5,37.0,37.0,37.0,37.0,37.5,37.5,38.0,38.0,38.0,38.0,37.5,37.5,37.0,37.0,36.5,36.0,35.5,35.5,35.5,36.0,36.0,36.5,37.5,38.0,38.0,38.5,39.0,39.0,39.0,39.0,39.0,38.5,38.5,38.0,37.5,37.0,36.5,36.5,36.5,36.5,36.5,37.0,37.0,37.5,37.5,38.0,38.0,38.0,38.0,38.5,38.0,38.0,38.0,37.5,37.5,37.5,37.0,37.0,37.0,37.0,37.5,37.5,38.0,38.0,38.5,38.5,38.5,38.5,38.5,38.5,38.5,38.5,38.0,38.0,37.5,37.5,37.5,37.0,37.0,37.0,37.0,37.5,37.5,38.0,38.0,38.5,38.5,39.0,39.0,39.0,38.5,38.0,37.5,37.0,36.5,36.0,36.0,36.0,0.0,0.0
96.5,97.0,97.5,98.0,98.5,98.5,98.5,98.5,98.5,98.5,98.0,98.0,98.0,97.5,97.5,97.0,96.5,96.5,96.5,96.5,97.0,97.0,97.5,98.0,98.5,98.5,98.5,99.0,99.0,99.0,98.5,98.0,97.5,97.0,96.5,96.5,96.0,96.0,96.0,96.0,96.5,96.5,97.0,97.0,97.5,98.0,98.5,99.0,99.5,99.5,99.0,99.0,98.5,98.0,97.5,97.5,97.0,97.0,97.0,96.5,97.0,97.0,97.5,98.0,98.5,99.0,99.5,100.0,100.0,100.0,100.0,99.5,99.5,99.0,98.5,98.0,98.0,98.0,98.0,98.0,98.5,99.0,99.5,99.5,100.0,100.0,100.0,100.0,100.0,100.0,100.0,99.5,99.5,99.5,99.0,98.5,98.5,98.0,98.0,98.5,98.5,98.5,99.0,99.5,99.5,100.0,100.0,100.0,100.0,100.0,99.5,99.0,98.5,98.0,97.0,96.5,96.5,96.0,96.0,96.0,96.0,96.5,97.0,97.5,98.0,98.5,99.5,100.0,100.5,101.5,102.0,102.0,102.5,102.5,102.5,102.5,102.5,102.5,102.5,103.0,103.5,104.0,104.5,105.0,105.0,105.5,106.0,106.0,105.5,105.0,104.5,104.0,103.5,102.5,102.0,101.5,100.5,100.0,100.0,99.5,100.0,100.0,100.5,101.0,101.0,101.5,102.0,102.0,102.0,101.5,101.5,101.0,100.5,100.0,99.5,99.5,99.0,99.0,99.0,99.0,99.0,99.5,100.0,100.0,100.5,101.0,101.0,101.5,101.5,102.0,102.0,102.5,102.5,102.5,102.0,101.5,101.0,100.5,100.5,100.5,100.5,101.0,101.5,101.5,102.0,102.0,102.0,102.0,102.0,102.0,102.0,102.0,101.5,101.0,100.5,99.5,98.5,97.0,95.5,93.5,92.0,90.0,88.5,86.5,84.5,83.5,82.5,82.0,81.5,81.5,82.0,82.5,83.5,85.5,88.0,91.5,95.5,100.0,105.5,112.0,119.0,126.0,133.5,140.5,147.0,153.0,159.0,165.0,171.0,175.5,179.0,181.0,182.0,182.5,182.0,181.5,180.0,177.5,174.5,170.5,166.5,162.0,157.5,152.5,148.0,143.0,138.0,133.0,128.0,123.0,118.0,113.5,109.5,106.0,102.5,99.5,97.0,95.0,94.0,93.5,94.0,94.5,96.0,97.5,99.0,100.0,101.0,102.0,102.5,103.0,103.0,102.5,102.0,101.0,100.5,99.5,98.5,98.0,97.0,96.5,96.0,95.5,95.5,95.5,96.0,96.0,96.0,96.0,95.5,95.0,94.5,94.0,94.0,93.5,93.0,92.5,92.5,92.0,92.0,92.0,0.0,0.0
68.5,68.0,68.0,67.5,67.0,66.5,66.0,65.5,65.0,65.5,65.5,66.0,66.5,67.0,67.5,68.0,68.5,68.5,69.0,69.0,69.0,69.0,69.0,69.0,69.0,68.5,68.5,68.0,68.0,68.0,68.0,68.0,68.5,68.5,69.0,69.5,69.5,69.5,69.5,69.5,69.5,69.5,69.5,69.0,69.0,68.5,68.0,68.0,67.5,67.5,67.5,68.0,68.5,69.0,69.5,70.0,70.5,71.0,71.0,71.5,71.5,71.0,71.0,70.5,70.5,70.0,69.5,69.0,69.0,68.5,68.5,68.5,68.5,68.5,68.5,69.0,69.5,70.0,70.5,71.0,71.0,71.0,71.0,70.5,70.0,70.0,69.5,69.5,69.0,69.0,69.0,69.0,69.5,70.0,70.5,71.0,71.5,72.0,72.5,72.5,72.5,72.5,72.0,72.0,71.5,71.0,70.5,70.5,70.5,70.5,71.0,71.0,71.0,71.0,71.0,71.0,71.0,71.0,71.0,71.0,71.0,71.0,71.0,71.0,71.0,70.5,70.5,70.5,70.0,70.0,70.0,70.0,70.0,70.5,70.5,71.0,71.5,72.0,72.0,72.0,71.5,71.0,70.5,70.0,69.0,68.5,68.0,67.5,67.0,66.5,66.5,66.5,67.0,67.5,67.5,68.0,68.0,68.0,67.5,67.5,67.0,67.0,67.0,67.0,67.0,67.0,67.5,68.0,68.5,69.0,69.5,70.5,71.0,72.0,72.5,73.5,74.0,74.5,75.0,75.0,75.0,75.0,75.0,75.0,75.0,74.5,74.5,74.0,73.5,73.5,73.5,73.0,73.0,73.5,73.5,73.5,74.0,74.0,74.5,74.5,75.0,75.0,75.0,75.0,74.5,74.5,74.0,74.0,73.5,73.5,73.5,73.5,74.0,74.5,75.0,75.5,76.0,76.5,76.0,76.0,76.0,76.0,76.0,75.5,75.0,74.5,74.0,73.5,73.5,73.5,74.0,74.0,74.0,74.5,74.5,75.0,75.0,75.0,75.0,75.0,75.0,74.5,74.5,74.5,74.5,74.0,74.0,74.0,74.0,73.5,73.5,73.5,73.5,74.0,74.0,74.0,73.5,73.0,72.0,70.5,68.5,66.5,64.0,62.0,59.5,58.0,56.0,55.0,54.5,54.5,55.5,57.0,59.0,62.0,66.0,70.5,76.0,82.0,88.5,95.5,102.5,109.5,116.0,121.5,127.5,132.5,138.0,143.0,148.0,151.5,154.5,156.0,157.0,157.5,157.5,156.5,155.5,153.5,150.5,147.0,142.5,138.0,133.5,128.5,123.5,118.0,113.0,108.0,103.5,99.0,95.0,92.0,89.0,87.0,85.0,84.0,83.0,82.5,82.5,82.5,0.0,0.0
91.5,91.0,91.0,91.0,90.5,90.5,90.5,90.5,90.5,90.5,90.5,90.5,90.5,90.5,91.0,91.0,91.0,91.5,91.5,91.5,91.5,91.5,91.5,91.5,91.5,91.0,91.0,90.5,90.0,89.5,89.0,89.0,89.0,89.0,89.5,89.5,90.0,90.5,91.0,91.5,91.5,91.5,91.5,91.5,91.0,90.5,90.0,89.5,89.0,89.0,88.5,88.5,88.0,88.5,88.5,89.0,89.5,90.0,90.0,90.5,90.5,91.0,90.5,90.5,90.0,90.0,89.5,89.0,88.5,88.0,87.5,87.0,87.0,87.0,87.5,87.5,87.5,88.0,88.0,88.0,88.0,88.0,88.0,88.0,87.5,87.0,86.5,86.0,86.0,85.5,85.5,85.5,85.5,86.0,86.0,86.5,86.5,87.0,87.0,87.5,87.5,87.5,87.5,87.0,86.5,86.0,85.5,85.0,84.5,84.0,83.5,83.5,83.5,83.5,83.5,84.0,84.5,85.0,85.0,85.0,85.0,85.0,84.5,84.0,84.0,83.5,83.0,82.5,82.0,82.0,81.5,82.0,82.5,83.0,84.0,84.5,85.5,86.5,87.0,88.0,88.5,89.0,89.5,89.5,89.5,89.0,89.0,88.5,88.5,88.0,87.5,87.5,87.5,87.5,88.0,88.0,88.5,88.5,88.5,88.5,88.5,88.5,88.0,87.5,87.0,86.5,86.0,86.0,85.5,85.5,85.5,85.5,85.5,86.0,86.0,86.5,87.0,87.5,88.0,88.0,88.5,88.5,88.5,88.5,88.5,88.5,88.0,88.0,87.5,87.5,87.5,87.5,87.5,88.0,88.5,89.0,89.5,89.5,90.0,90.0,90.5,91.0,91.0,90.5,90.5,90.0,89.5,89.0,89.0,88.5,88.5,88.5,88.5,89.0,89.5,90.0,90.0,90.5,90.5,90.5,90.5,90.0,89.5,88.5,87.5,86.0,84.5,82.5,80.5,78.0,75.5,73.5,71.5,70.0,69.5,69.0,69.5,70.0,71.0,72.5,74.5,77.0,80.5,84.5,89.0,94.5,100.0,106.5,113.0,119.5,126.0,132.5,138.5,145.0,151.0,157.5,163.0,167.0,170.5,172.0,173.0,173.5,173.0,172.0,170.0,167.5,163.5,159.0,154.5,149.5,144.5,139.5,134.0,129.0,124.5,120.0,115.5,112.0,108.5,105.5,102.5,100.0,98.0,96.0,94.5,93.5,92.5,91.5,91.0,90.5,90.0,90.0,89.5,89.5,90.0,90.0,90.0,90.5,90.5,90.5,90.0,90.0,89.5,89.5,89.0,88.5,88.0,87.5,87.0,86.5,86.0,85.5,85.5,85.5,85.5,86.0,86.5,86.5,87.0,87.5,0.0,0.0
39.5,40.0,40.0,40.0,40.0,40.0,39.5,39.5,39.0,38.5,38.0,37.5,37.5,37.5,37.5,37.5,37.5,38.0,38.5,38.5,39.0,39.5,39.5,39.5,39.5,39.5,39.0,39.0,39.0,39.0,38.5,38.5,38.5,38.0,38.0,38.0,38.5,38.5,38.5,39.0,39.0,39.0,39.5,39.5,39.0,39.0,38.5,38.5,38.5,38.0,38.0,37.5,37.5,37.0,37.0,37.5,37.5,38.0,38.5,38.5,39.0,39.5,39.5,39.5,39.5,39.0,39.0,38.5,38.0,37.5,37.5,37.0,37.0,37.5,37.5,38.0,38.0,38.5,38.5,39.0,39.0,38.5,39.0,39.0,39.0,39.0,39.0,38.5,38.0,38.0,37.5,37.0,37.0,37.0,37.0,37.0,37.0,37.5,37.5,37.5,37.5,37.5,37.5,37.5,37.5,37.5,37.0,37.0,36.5,36.5,36.5,36.0,36.0,36.0,36.5,37.0,37.5,38.0,38.5,39.0,39.5,39.5,39.5,40.0,40.0,39.5,39.5,39.5,39.0,38.5,38.0,37.5,37.0,37.0,37.0,37.0,37.5,38.0,38.5,39.0,39.5,39.5,40.0,40.0,40.5,40.0,40.0,39.5,39.0,39.0,38.5,38.0,38.0,37.5,37.5,37.5,37.5,37.5,37.5,37.5,37.5,37.5,37.5,38.0,38.0,37.5,37.0,37.0,36.5,36.5,36.5,36.0,35.5,35.5,35.5,35.5,35.5,35.5,36.0,36.0,36.0,36.5,36.5,36.0,35.5,35.0,34.5,34.0,33.5,33.0,32.5,32.0,31.5,31.5,31.5,31.5,32.0,32.5,33.5,34.0,35.0,36.0,36.5,37.0,37.5,38.0,38.0,37.5,37.5,37.0,37.0,36.5,36.5,36.0,36.0,36.0,36.5,37.0,37.0,37.5,38.0,38.5,38.5,38.5,38.5,38.0,37.5,37.0,36.5,36.0,36.0,35.5,35.5,35.0,35.0,35.0,35.5,35.5,36.0,37.0,37.0,37.5,37.5,37.5,37.0,36.5,36.5,36.0,35.5,35.5,35.0,35.0,35.0,35.5,35.5,36.0,36.0,36.0,36.5,36.5,36.5,37.0,37.0,37.5,38.0,38.0,38.0,37.5,37.0,36.5,36.0,35.5,35.0,35.0,35.0,35.0,35.0,35.5,35.5,36.0,36.0,36.5,36.5,36.5,36.5,36.0,36.0,35.0,34.0,33.0,31.5,29.5,27.5,26.0,24.0,22.5,21.0,19.5,18.5,18.0,17.5,17.5,18.0,19.0,20.5,22.5,25.0,28.5,32.5,37.5,43.0,49.0,56.0,62.5,69.5,75.5,82.0,88.0,94.5,100.5,0.0,0.0
17.5,17.5,17.0,17.5,17.5,17.5,17.5,18.0,18.0,18.5,18.5,18.5,18.5,18.5,18.5,18.0,17.5,17.5,17.0,16.5,16.5,16.0,16.0,16.0,16.0,16.0,16.0,16.0,16.5,16.5,16.5,16.5,16.5,16.5,16.0,15.5,15.0,14.5,14.0,13.5,13.5,13.5,14.0,14.0,14.5,15.0,16.0,16.5,17.0,17.5,18.5,19.0,19.5,19.5,20.0,20.0,19.5,19.5,19.5,19.0,19.0,19.0,18.5,18.5,18.5,18.5,19.0,19.5,19.5,19.5,19.5,19.5,19.0,19.0,18.5,18.5,18.0,17.5,17.0,16.5,16.5,16.0,16.0,16.0,16.0,16.5,17.0,17.5,17.5,18.0,18.0,18.0,18.0,18.0,18.0,18.0,18.0,17.5,17.0,17.0,17.0,17.0,17.0,17.0,17.0,17.0,17.0,17.0,17.5,17.5,17.5,18.0,18.0,17.5,17.5,17.0,16.5,16.0,15.5,15.5,15.0,14.5,14.5,15.0,15.0,15.0,15.5,15.5,15.5,15.5,15.0,14.5,13.5,12.0,10.5,9.0,7.0,4.5,2.5,0.5,-1.5,-3.0,-4.0,-4.5,-5.0,-4.5,-3.5,-2.0,0.5,3.5,7.0,12.0,17.0,22.5,29.0,35.5,42.5,49.0,55.5,61.5,68.0,74.5,81.0,87.0,92.0,96.5,99.5,101.0,102.5,103.0,103.0,102.0,99.5,96.5,92.0,87.5,82.0,76.0,70.0,64.0,58.0,52.5,47.5,42.5,38.5,34.5,31.0,28.0,25.5,23.0,21.0,19.5,18.5,18.0,17.0,16.5,16.0,15.5,15.0,14.5,14.0,13.5,13.5,13.0,13.0,12.5,12.5,12.5,13.0,13.0,13.5,13.5,13.5,13.0,13.0,12.5,12.0,11.5,11.0,11.0,10.5,10.0,10.0,9.5,9.5,9.0,9.5,9.5,10.0,10.0,10.0,10.0,9.5,9.5,9.0,8.5,8.5,8.0,8.0,7.5,7.5,7.5,8.0,8.0,8.0,8.5,8.5,9.0,9.5,10.0,10.5,11.0,11.5,11.5,11.5,11.5,11.0,10.5,10.5,10.0,10.0,9.5,9.5,9.5,9.5,10.0,10.0,10.5,11.0,11.0,11.5,11.5,12.0,11.5,11.5,11.5,11.0,11.0,10.5,10.5,10.0,10.0,10.0,10.0,10.0,10.5,10.5,11.0,11.0,11.5,11.5,11.5,11.5,11.5,11.0,11.0,10.5,10.5,10.0,9.5,9.5,9.5,9.5,9.5,10.0,10.5,10.5,11.0,11.5,11.5,12.0,12.5,12.5,12.5,12.5,12.0,11.5,11.5,11.0,11.0,0.0,0.0
78.0,78.5,78.5,79.0,79.5,80.0,80.5,81.5,82.0,82.5,82.5,82.5,82.0,82.0,82.0,82.0,82.0,82.5,83.0,83.5,83.5,83.5,83.5,83.5,83.5,83.5,83.5,83.0,83.0,82.5,81.5,81.0,80.0,79.0,78.0,77.5,77.0,76.5,76.5,77.0,78.0,79.0,80.0,81.5,82.5,84.0,85.0,86.0,86.5,86.5,86.0,86.0,85.5,85.0,84.5,84.0,84.0,83.5,83.0,83.0,82.5,82.5,82.5,82.5,82.5,82.5,82.5,82.5,82.5,82.0,81.5,81.0,81.0,80.5,80.5,80.0,80.0,80.0,80.5,80.5,80.5,80.5,80.5,80.0,79.5,78.0,76.5,75.0,72.5,70.5,68.0,66.0,64.0,62.0,61.0,60.0,60.0,60.0,60.5,61.5,63.5,66.0,69.5,73.5,79.0,84.5,91.0,98.0,105.5,112.0,119.0,125.0,131.5,137.5,143.5,149.5,155.5,160.5,164.5,167.5,169.5,171.0,171.5,171.0,169.5,166.5,162.5,158.0,152.5,147.0,141.5,135.5,129.5,124.0,118.5,113.5,108.5,104.5,101.0,97.5,94.5,92.0,90.0,88.5,87.5,86.5,86.0,85.5,85.0,84.5,84.0,84.0,83.5,83.0,82.5,82.0,82.0,82.0,81.5,82.0,82.0,82.0,82.0,82.0,82.0,82.0,81.5,81.0,80.5,80.0,79.5,79.0,79.0,78.5,78.5,78.5,78.5,78.5,78.5,79.0,79.0,79.5,79.5,80.0,80.0,80.0,80.0,80.0,80.0,79.5,79.5,79.0,79.0,78.5,78.0,78.0,78.0,78.5,79.0,79.0,79.5,80.0,80.0,80.5,81.0,81.0,81.0,80.5,80.5,80.0,79.5,79.5,79.0,79.0,79.0,78.5,78.5,78.5,78.5,79.0,79.0,79.5,79.5,80.0,80.0,80.0,80.0,79.5,79.5,79.0,79.0,78.5,78.5,78.5,78.5,79.0,79.0,79.5,79.5,80.0,80.0,80.5,81.0,81.5,81.5,82.0,82.0,82.0,81.5,81.0,80.5,80.0,80.0,79.5,79.5,79.5,79.5,79.5,79.5,80.0,80.0,80.5,80.5,81.0,81.0,81.0,81.0,81.0,81.0,81.0,81.0,80.5,80.0,80.0,79.5,79.5,79.0,79.0,79.5,79.5,80.0,81.0,81.5,82.0,82.5,82.5,82.5,82.5,82.0,82.0,81.5,81.0,80.5,80.0,80.0,80.0,80.0,80.0,80.0,80.5,80.5,81.0,81.0,81.5,82.0,82.0,82.0,82.0,81.5,81.5,81.0,80.5,80.5,80.0,80.0,80.0,80.0,80.5,80.5,81.0,0.0,0.0
97.5,98.0,98.0,98.0,98.0,98.0,97.5,97.5,97.5,97.0,96.5,96.0,95.5,95.0,95.0,95.0,95.0,95.0,95.5,95.5,95.5,96.0,96.0,96.5,96.5,96.0,96.0,96.0,95.5,95.5,95.0,94.5,94.5,94.5,94.5,95.0,95.5,96.0,96.5,96.5,97.0,97.0,97.0,97.0,96.5,96.5,96.0,96.0,95.5,95.5,95.0,95.0,95.0,95.0,95.0,95.5,96.0,96.5,97.0,97.5,98.0,98.5,98.5,98.5,98.5,98.5,98.5,98.0,97.5,97.0,97.0,96.5,96.5,96.5,96.5,96.5,96.5,97.0,97.0,97.5,97.5,97.5,97.5,97.0,96.5,95.0,93.5,91.5,89.0,86.0,83.5,81.0,79.0,78.0,77.0,77.0,77.0,77.5,78.0,79.5,81.0,83.0,86.5,90.5,95.0,101.0,107.0,113.5,120.5,127.5,134.0,140.0,146.0,152.5,159.0,165.5,171.5,176.5,180.5,183.0,185.0,186.0,186.5,186.0,184.0,181.0,176.5,172.0,166.5,161.0,155.5,149.5,144.0,138.5,133.5,128.5,124.0,120.0,116.5,113.5,111.0,109.0,107.0,105.5,104.5,103.5,102.5,102.0,101.5,101.0,100.5,100.0,99.5,99.0,99.0,98.5,99.0,99.0,99.0,99.5,100.0,100.0,100.0,100.0,100.0,99.5,99.0,98.5,98.0,97.5,97.0,97.0,97.0,97.0,97.0,97.0,97.0,97.0,97.5,98.0,98.0,98.0,98.5,99.0,99.0,99.0,99.0,98.5,98.0,97.5,97.0,96.5,96.5,96.5,97.0,97.0,97.0,97.5,98.0,98.0,98.5,98.5,99.0,99.0,98.5,98.5,98.0,97.5,97.0,96.5,96.5,96.0,96.5,96.5,97.0,97.0,97.5,97.5,98.0,98.0,98.5,98.5,98.5,98.5,98.5,98.0,98.0,97.5,97.5,97.0,97.0,96.5,96.5,96.5,96.5,96.5,96.5,97.0,97.5,97.5,98.0,98.5,98.5,99.0,99.0,99.0,99.0,98.5,98.0,98.0,97.5,97.5,97.5,97.0,97.0,97.0,97.5,98.0,98.0,98.5,99.0,99.0,99.0,99.0,99.0,99.0,99.0,99.0,98.5,98.5,98.0,98.0,97.5,97.5,97.5,97.5,97.5,97.5,98.0,98.0,98.5,99.0,99.0,99.5,99.0,99.0,98.5,98.5,98.0,98.0,97.5,97.5,97.5,97.5,97.0,97.0,97.0,97.5,97.5,98.0,98.5,98.5,99.0,99.0,99.0,98.5,98.5,98.5,98.0,97.5,97.5,97.0,97.0,96.5,97.0,97.0,97.5,97.5,98.0,98.0,0.0,0.0
60.0,59.5,59.0,59.0,58.5,58.5,58.5,58.5,58.5,58.5,58.5,58.0,57.5,57.5,57.0,56.5,55.5,55.0,54.0,53.5,53.0,53.0,53.0,53.5,54.0,54.5,55.0,55.5,56.5,57.5,58.0,58.5,58.5,58.5,58.0,58.0,57.5,56.5,56.0,55.0,54.0,53.5,52.5,52.0,51.5,51.5,51.5,51.5,51.5,52.0,52.0,52.5,53.0,53.0,53.5,53.5,53.5,53.0,53.0,52.5,52.0,51.5,51.5,51.0,51.0,50.5,50.5,50.5,50.5,50.5,50.5,50.5,50.5,51.0,51.0,51.0,51.0,51.0,51.0,50.5,50.5,50.5,50.0,50.0,49.5,49.5,49.0,49.0,49.0,49.5,49.5,50.0,50.5,50.5,50.5,50.5,50.5,50.5,50.0,50.0,49.5,49.5,49.5,49.5,49.5,49.0,49.0,48.5,48.5,48.5,49.0,49.0,49.5,49.0,49.0,49.0,49.0,49.0,49.0,49.0,49.0,48.5,48.0,48.0,47.5,47.5,47.0,47.0,47.0,47.0,47.5,48.0,49.0,49.5,50.0,50.0,50.0,49.5,49.0,48.5,48.0,47.5,47.0,46.5,46.0,46.0,45.5,46.0,46.5,47.0,47.5,48.0,48.5,48.5,49.0,49.0,48.5,48.5,48.0,47.5,47.0,46.5,45.5,45.0,45.0,44.5,44.5,44.5,44.5,45.0,45.5,46.0,46.5,47.0,47.5,48.0,48.0,48.5,48.0,48.0,48.0,48.0,48.0,47.5,47.0,46.5,46.0,46.0,46.0,46.5,47.0,47.5,48.0,48.0,48.5,48.5,48.5,48.5,48.5,48.5,48.0,47.5,47.0,46.5,46.0,45.5,45.0,45.0,45.0,45.5,46.0,46.0,46.0,46.0,46.0,46.0,46.0,46.0,46.0,45.5,45.0,44.5,44.5,44.0,44.0,44.0,44.0,44.0,43.5,43.5,43.5,43.5,43.5,43.5,43.5,43.0,43.0,43.0,42.5,42.5,42.5,42.5,42.5,42.5,42.5,42.5,43.0,43.0,43.0,43.5,43.5,43.0,43.0,43.0,43.0,43.0,43.5,43.5,43.5,43.5,43.5,43.5,43.5,43.5,43.0,43.0,42.5,42.5,42.5,43.0,43.0,43.5,43.5,43.5,43.5,43.0,43.0,42.5,42.5,42.0,42.0,42.0,42.0,42.0,41.5,41.5,41.0,41.0,40.5,41.0,41.0,41.5,42.0,42.0,42.5,42.5,42.5,42.5,42.5,42.0,41.5,41.0,41.0,40.5,40.0,39.5,39.5,39.5,40.0,40.0,40.5,41.0,41.5,41.5,41.5,41.5,41.5,41.5,41.0,40.5,0.0,0.0
32.0,31.5,31.5,31.5,31.5,32.0,32.0,32.0,32.5,33.0,34.0,34.5,35.5,36.0,36.5,36.5,36.5,36.5,36.0,35.5,35.5,35.0,34.5,34.5,34.0,33.5,33.0,32.5,32.0,31.5,31.5,31.5,31.5,31.5,32.0,32.0,32.5,33.0,33.5,34.5,35.5,36.5,37.5,38.5,39.0,39.0,39.0,38.5,38.5,38.0,37.5,37.0,36.5,36.0,36.0,36.0,36.5,36.5,36.5,36.5,36.5,36.5,37.0,37.0,36.5,36.5,36.0,36.0,35.5,35.0,35.0,34.5,34.5,34.5,35.0,35.5,36.0,36.0,36.5,36.5,36.5,36.5,37.0,37.0,37.0,37.5,37.5,37.5,37.5,37.5,37.5,37.0,37.0,37.0,37.0,37.0,37.5,37.5,38.0,38.5,38.5,38.5,38.5,38.5,38.5,38.0,38.0,37.5,37.0,36.5,36.5,36.5,36.5,37.0,37.0,36.5,36.5,35.5,35.0,33.5,32.0,30.5,28.5,26.5,24.5,22.5,21.0,19.5,18.0,16.5,15.5,15.0,15.5,16.5,19.0,22.5,27.0,32.5,38.5,45.5,52.5,60.0,67.5,74.5,81.0,86.5,92.0,97.5,102.5,107.5,112.0,116.0,119.0,121.0,122.5,123.5,124.0,123.0,121.0,118.0,114.0,109.0,104.0,99.0,93.5,88.0,82.5,77.0,72.0,67.0,62.5,58.5,55.0,52.0,49.0,46.5,45.0,43.5,42.5,42.0,41.5,41.5,41.5,41.5,41.0,41.0,40.5,40.0,40.0,40.0,39.5,39.5,39.5,39.0,39.0,39.0,39.5,39.5,39.5,39.5,39.5,39.0,39.0,38.5,38.5,38.0,38.0,37.5,37.5,37.5,37.0,37.0,37.5,37.5,38.0,38.5,39.0,39.0,39.5,40.0,40.0,40.0,40.5,40.5,40.5,40.0,40.0,39.5,39.5,39.0,38.5,38.5,38.0,38.0,38.5,39.0,39.5,40.0,40.5,41.0,41.0,41.0,41.0,41.0,41.0,41.0,40.5,40.0,40.0,39.5,39.5,39.5,39.5,40.0,40.5,41.5,42.0,42.0,42.5,43.0,43.0,43.5,43.5,43.0,43.0,42.5,42.5,42.0,42.0,41.5,41.5,41.5,41.5,41.5,41.5,42.0,42.0,42.5,43.0,43.5,43.5,43.5,43.0,43.0,42.5,42.5,42.0,42.0,41.5,41.5,41.5,41.5,42.0,42.0,42.5,43.0,43.0,43.5,43.5,44.0,44.0,44.5,44.5,44.5,44.5,44.5,44.0,44.0,43.5,43.0,43.0,42.5,42.5,43.0,43.5,43.5,44.0,44.5,45.0,45.5,0.0,0.0
91.0,90.5,90.0,89.5,89.5,89.5,89.5,89.5,90.0,90.5,91.0,91.5,92.0,92.5,93.0,93.0,93.0,92.5,92.0,91.5,91.0,91.0,90.5,90.0,89.5,89.5,89.5,89.5,89.5,90.0,90.5,91.0,91.0,91.5,91.5,91.5,91.5,91.0,91.0,90.5,90.0,90.0,90.0,89.5,89.5,89.5,89.5,89.5,89.5,90.0,90.0,90.5,90.5,90.5,91.0,91.0,91.0,90.5,90.5,90.5,90.0,89.5,89.0,89.0,88.5,88.5,88.5,89.0,89.0,89.5,90.0,90.0,90.5,90.5,90.5,91.0,91.0,91.0,90.5,90.5,90.0,89.5,89.5,89.5,89.5,89.5,90.0,90.0,90.5,91.0,91.0,91.5,91.5,92.0,92.5,92.5,92.5,92.0,91.5,91.0,91.0,90.5,90.5,90.5,90.5,90.5,90.5,90.5,90.5,91.0,91.0,91.0,91.5,92.0,92.0,92.5,92.5,92.5,92.0,91.5,91.0,91.0,90.5,90.5,90.5,91.0,91.0,91.0,91.5,91.5,92.0,92.0,92.5,92.5,92.5,93.0,93.0,93.0,92.5,92.5,92.0,91.5,91.0,90.5,90.0,89.5,89.5,89.5,89.5,90.0,90.0,90.0,90.0,90.0,90.0,90.0,90.0,90.0,89.5,89.5,89.0,88.5,88.5,88.0,88.0,87.5,88.0,88.0,88.5,89.5,90.0,90.5,91.0,91.5,91.5,91.5,91.5,91.5,91.0,90.5,90.0,89.5,89.0,88.5,88.0,88.0,88.0,88.0,88.0,88.5,88.5,89.0,89.5,90.0,90.5,90.5,91.0,90.5,90.5,89.5,89.0,88.5,88.0,87.5,87.0,86.5,86.5,86.5,87.0,87.5,88.0,88.5,89.5,90.0,91.0,91.0,91.5,91.0,91.0,90.0,89.5,89.0,88.5,88.0,88.0,88.0,88.0,88.0,88.5,88.5,89.0,89.5,89.5,90.0,90.0,90.0,90.0,89.5,89.0,88.5,88.0,88.0,87.5,87.0,86.5,86.0,86.0,86.5,87.0,87.5,88.5,89.0,89.5,89.5,90.0,90.0,90.0,89.5,89.5,89.0,88.5,88.5,88.0,88.0,88.0,87.5,87.5,87.5,87.5,87.5,88.0,88.0,88.5,88.5,88.5,88.5,88.5,88.5,88.5,88.0,88.0,87.5,87.5,87.0,87.0,86.5,86.5,86.0,86.0,86.5,86.5,87.0,87.5,88.0,88.5,89.0,89.0,89.5,89.5,89.5,89.0,88.5,88.5,88.0,88.0,87.5,87.5,87.5,88.0,88.5,89.0,89.5,90.0,90.0,90.0,89.5,89.5,88.5,88.0,87.5,0.0,0.0
45.0,45.0,45.0,45.0,45.0,44.5,44.0,44.0,43.5,43.0,43.0,43.0,43.0,43.0,43.5,43.5,44.0,44.5,45.0,45.5,45.5,46.0,46.0,46.0,45.5,45.0,44.5,44.0,44.0,43.5,43.5,44.0,44.0,44.0,44.5,44.5,45.0,45.0,45.5,45.5,45.5,45.5,45.5,45.5,45.0,44.5,44.5,44.0,44.0,44.0,43.5,43.5,43.5,43.5,43.5,43.5,44.0,44.5,44.5,45.0,45.0,45.5,45.5,45.5,45.0,45.0,44.5,44.5,44.0,44.0,44.0,44.0,44.0,44.0,44.5,45.0,45.5,46.0,46.0,46.5,46.5,47.0,46.5,46.5,46.0,45.5,45.0,44.5,44.5,44.0,43.5,43.5,43.5,43.5,43.5,44.0,44.5,44.5,45.0,45.0,45.0,45.0,44.5,44.0,43.5,43.5,43.0,42.5,42.5,42.0,41.0,41.0,40.5,40.5,41.0,41.0,41.5,41.5,42.0,42.0,42.0,42.5,42.5,42.5,42.5,43.0,43.0,42.5,42.5,42.5,42.5,43.0,43.5,44.0,44.5,45.0,45.5,46.0,46.0,46.5,46.5,46.5,46.0,46.0,46.0,45.5,45.0,44.5,44.5,44.0,44.0,44.0,44.0,44.0,44.5,44.5,45.0,45.5,46.0,47.0,47.0,47.0,47.0,47.0,46.5,46.0,45.5,45.0,44.5,44.0,44.0,44.0,44.0,44.0,44.0,44.5,45.0,45.5,46.0,46.0,46.5,46.5,46.5,46.5,47.0,47.0,47.0,47.0,47.0,46.5,46.5,46.0,46.0,46.5,46.5,47.0,47.5,47.5,47.5,47.5,47.5,47.5,47.5,47.5,47.5,47.5,47.0,47.0,47.0,46.5,45.5,45.0,44.0,43.0,41.5,40.5,39.0,37.5,36.5,35.0,33.5,32.5,31.5,31.0,31.0,31.0,32.0,33.0,35.0,38.0,41.5,45.5,50.5,56.5,63.5,71.0,78.5,85.5,92.5,99.0,106.0,112.0,118.5,124.0,128.5,132.0,133.5,134.5,135.0,134.5,133.5,131.5,129.0,125.5,121.5,117.0,112.5,107.5,103.0,98.0,92.5,87.5,82.5,78.0,73.5,69.0,65.5,62.0,59.0,56.5,54.5,53.5,53.0,52.5,53.0,53.5,54.0,54.5,55.0,55.0,55.0,54.5,54.5,53.5,53.0,52.0,50.5,49.5,48.0,47.0,46.0,45.0,44.5,44.0,44.0,44.5,45.0,46.5,48.0,49.0,50.5,52.0,53.0,54.0,54.5,54.5,54.5,54.5,54.0,53.0,52.5,52.0,51.5,51.0,50.5,50.5,50.5,50.5,50.5,51.0,0.0,0.0
54.0,54.5,55.0,55.5,55.5,55.5,55.5,55.0,54.5,54.5,54.0,54.0,53.5,53.5,53.5,54.0,54.0,54.5,54.5,55.0,55.0,55.0,55.0,55.0,54.5,54.5,54.0,54.0,53.5,53.5,53.0,53.0,53.5,53.5,53.5,54.0,54.5,55.0,55.5,55.5,56.0,56.0,56.0,56.0,55.5,55.0,54.5,53.5,52.5,51.0,49.0,47.0,44.5,42.5,40.5,38.5,37.0,36.0,35.5,35.5,36.0,36.5,37.5,39.0,41.5,44.5,48.0,52.5,57.5,63.5,70.0,77.0,83.5,90.0,96.5,102.5,109.0,115.0,121.0,126.5,131.0,134.0,136.0,137.5,138.0,137.5,136.5,134.0,131.0,126.5,121.5,116.5,111.0,106.0,100.5,95.5,90.5,86.0,81.5,77.5,73.5,70.5,67.5,65.0,63.0,61.0,59.0,57.5,56.5,55.5,54.5,54.0,54.0,53.5,53.5,53.0,53.0,53.0,53.0,53.0,53.0,53.0,53.0,53.0,52.5,52.0,51.5,51.0,51.0,50.5,50.0,50.0,50.0,50.0,50.0,50.0,50.5,51.0,51.0,51.5,51.5,52.0,51.5,51.5,51.0,50.5,50.0,49.0,48.5,48.0,48.0,47.5,47.5,47.5,47.5,47.5,48.0,48.5,48.5,49.0,49.0,49.5,49.5,50.0,50.0,50.0,50.0,49.5,49.5,49.0,48.5,48.0,48.0,47.5,47.5,47.5,48.0,48.0,48.0,48.0,48.0,48.0,48.0,48.0,47.5,47.5,47.0,46.5,46.0,46.0,45.5,45.5,45.5,45.5,46.0,46.0,46.5,47.0,47.5,48.5,49.0,49.0,49.5,49.5,49.0,49.0,48.5,48.0,47.5,47.0,46.5,46.0,46.0,46.0,45.5,45.5,46.0,46.0,46.5,47.0,47.0,47.5,47.5,47.5,47.5,47.5,47.0,47.0,47.0,46.5,46.5,46.5,46.5,46.5,46.5,46.5,47.0,47.5,47.5,48.0,47.5,47.5,47.0,46.5,46.0,46.0,45.0,44.5,44.0,43.5,43.5,43.5,43.5,43.5,44.0,44.5,45.0,46.0,46.5,46.5,46.5,47.0,47.0,47.0,47.0,46.5,46.5,46.0,45.5,44.5,43.5,42.5,41.5,40.5,39.5,39.5,40.0,41.0,42.0,44.0,45.5,47.0,48.5,50.0,51.0,51.5,51.5,51.5,51.0,50.5,50.0,49.5,49.5,49.5,49.0,49.0,49.0,49.5,49.5,49.5,49.5,50.0,50.0,50.0,49.5,49.5,49.5,49.0,49.0,48.5,48.0,47.5,47.5,47.0,47.0,47.0,47.0,47.0,47.0,47.0,0.0,0.0
27.0,23.5,20.5,18.5,16.5,15.5,14.5,14.5,14.0,14.0,14.0,14.0,13.5,13.5,13.0,12.5,12.0,12.0,11.5,11.5,11.5,11.5,11.5,12.0,12.5,13.0,13.0,13.0,13.0,13.0,13.0,12.5,12.0,11.5,11.0,11.0,10.5,10.5,10.0,10.0,10.5,10.5,11.0,11.5,11.5,12.0,12.0,12.0,12.0,11.5,11.5,11.5,11.0,11.0,10.5,10.5,10.5,10.5,10.5,11.0,11.0,11.0,11.0,11.0,11.5,11.5,12.0,12.0,12.5,13.0,13.0,13.0,12.5,12.5,12.0,11.5,11.5,11.0,11.0,11.0,11.0,11.0,11.5,11.5,12.0,12.0,12.5,12.5,12.5,12.5,12.0,11.5,11.0,10.5,10.0,9.5,9.5,9.0,9.0,9.5,9.5,10.0,10.5,11.0,11.5,12.0,13.0,13.5,14.0,14.0,14.0,14.0,13.5,13.0,12.0,11.5,11.0,11.0,11.0,11.0,11.5,12.0,12.0,12.5,12.5,12.5,12.5,12.5,12.5,12.5,12.0,12.0,12.0,12.0,11.5,11.5,11.5,11.5,11.0,11.5,11.5,12.0,12.5,13.0,13.5,14.0,14.5,15.0,15.0,15.0,15.0,14.5,14.5,14.0,13.5,13.0,12.5,12.0,12.0,12.0,12.5,13.0,13.5,14.0,14.5,14.5,14.5,14.5,14.0,14.0,14.0,13.5,13.5,13.0,13.0,12.5,12.5,12.5,12.5,12.5,13.0,13.0,13.5,14.0,14.5,14.5,15.0,15.0,15.0,15.5,15.5,15.5,15.0,15.0,15.0,15.0,14.5,14.5,14.5,15.0,15.0,15.5,16.0,16.5,16.5,17.0,17.5,17.5,17.5,17.5,17.5,17.0,17.0,16.5,16.0,15.5,15.0,15.0,14.5,14.5,14.5,14.5,14.5,15.0,15.5,16.0,16.0,16.0,16.0,16.0,15.5,15.5,15.0,15.0,14.5,14.5,14.5,14.5,14.5,14.5,14.5,14.5,15.0,15.5,16.0,16.5,17.0,17.0,17.5,17.5,17.5,17.5,17.0,16.5,16.0,16.0,16.0,16.0,16.0,16.0,16.0,16.5,16.5,16.5,17.0,17.0,17.5,18.0,18.0,18.0,18.0,18.0,17.5,16.5,16.0,16.0,15.5,15.5,15.5,16.0,16.0,16.5,17.0,17.5,18.0,18.5,19.0,19.5,20.0,20.0,19.5,19.0,19.0,18.5,18.0,18.0,18.0,18.0,18.0,18.0,18.0,18.5,18.5,18.5,19.0,19.0,19.0,19.0,19.0,19.0,18.5,18.5,18.5,18.0,18.0,18.0,17.5,17.5,17.5,17.5,0.0,0.0
48.5,48.5,48.5,48.5,48.5,48.5,49.0,49.0,49.5,50.0,50.5,51.0,52.0,52.5,53.0,53.0,53.0,53.0,52.5,52.0,51.5,51.0,51.0,50.5,50.0,49.5,49.5,49.5,49.5,50.0,50.5,50.5,50.5,51.0,51.0,51.0,51.5,51.5,52.0,51.5,51.5,51.0,51.0,51.0,51.0,51.5,52.0,52.5,53.0,53.0,53.5,54.5,55.0,55.5,55.5,55.5,55.5,55.0,55.0,54.5,54.0,54.0,53.5,53.0,53.0,53.0,53.0,53.5,53.5,53.5,54.0,54.0,54.0,54.0,54.0,54.5,54.0,54.0,53.5,53.0,52.5,52.0,51.0,50.5,49.5,48.5,47.0,45.0,43.0,41.5,39.5,38.0,36.5,35.0,34.0,33.0,32.0,31.0,30.5,30.5,31.5,33.0,36.0,39.5,43.5,49.0,55.0,62.0,69.5,77.5,85.0,92.0,98.5,105.0,111.0,116.5,121.5,125.5,129.0,131.5,132.5,133.5,134.0,133.5,132.5,130.0,127.0,123.0,118.5,114.0,109.0,104.0,99.0,94.0,89.0,84.0,79.5,74.5,70.5,66.5,63.0,59.5,57.0,55.0,54.0,53.0,53.0,52.5,53.0,53.0,53.0,52.5,52.5,52.5,52.5,52.0,52.0,51.5,51.0,50.5,49.5,49.0,48.5,47.5,47.5,47.0,47.0,47.0,47.5,47.5,48.0,48.0,48.5,48.5,48.5,49.0,49.0,49.0,48.5,48.5,48.5,48.0,48.0,47.5,47.5,47.0,47.5,47.5,48.0,48.0,48.5,49.0,49.0,49.5,49.5,49.5,49.5,49.0,48.5,48.5,48.0,47.5,47.5,47.0,47.0,47.0,47.0,47.5,47.5,48.0,48.0,48.5,49.0,49.5,50.0,50.0,50.5,50.5,50.5,50.5,50.0,49.5,49.5,49.0,48.5,48.0,48.0,48.5,48.5,49.0,49.0,49.5,49.5,50.0,50.0,50.5,50.5,50.0,50.0,50.0,49.5,49.5,49.5,49.5,49.5,49.0,49.0,49.0,49.5,50.0,50.5,51.0,51.5,52.0,52.5,52.5,52.0,52.0,51.0,50.5,50.0,49.5,49.0,48.5,48.5,48.0,48.0,48.0,48.0,48.5,49.0,49.0,49.5,49.5,49.5,49.5,49.5,49.0,49.0,49.0,49.0,49.0,49.0,49.0,49.0,49.0,49.0,49.0,49.0,49.0,49.0,49.5,50.0,50.0,50.5,51.0,51.5,51.5,51.0,50.5,50.0,49.5,49.0,48.5,48.5,48.5,48.5,48.5,49.0,49.5,50.0,50.0,50.5,51.0,51.0,51.5,51.5,51.0,51.0,50.5,0.0,0.0
4.5,5.0,5.5,6.0,6.0,6.0,6.0,5.5,5.5,5.0,4.5,4.0,3.5,3.0,2.5,2.5,2.5,2.5,2.5,3.0,3.5,4.5,5.0,5.5,6.0,6.0,6.0,6.0,5.5,5.5,5.0,4.5,4.5,4.5,4.5,4.5,4.5,5.0,5.0,5.5,5.5,6.0,6.0,6.5,6.5,6.5,6.5,6.0,6.0,5.5,5.5,5.5,5.5,5.5,5.5,5.5,5.5,5.5,5.5,6.0,6.0,6.5,6.5,7.0,7.0,7.0,7.5,7.5,7.5,7.5,7.0,6.5,6.0,5.5,5.5,5.5,6.0,6.0,6.5,6.5,7.0,7.5,8.0,8.0,8.5,9.0,9.0,9.0,9.0,8.5,8.0,8.0,7.5,7.0,7.0,6.5,6.5,6.5,7.0,7.0,7.5,7.5,8.0,8.5,8.5,9.0,9.5,9.5,9.5,9.5,9.0,8.5,8.0,7.5,7.0,7.0,7.0,7.0,7.5,8.0,8.5,9.0,10.0,10.5,10.5,11.0,11.0,11.0,11.0,10.5,10.5,10.0,10.0,9.5,9.5,9.5,9.0,9.0,9.0,9.0,9.5,9.5,10.0,10.0,10.5,10.5,10.5,10.0,10.0,9.5,9.5,9.0,8.5,8.5,8.0,7.5,7.0,7.0,7.0,7.0,7.5,8.0,8.5,9.0,9.5,10.0,10.0,10.5,10.5,11.0,11.0,11.0,11.0,11.5,11.5,12.0,12.5,12.5,13.0,13.0,13.5,13.5,13.5,14.0,14.0,14.5,14.5,14.5,14.5,14.0,13.0,12.5,11.5,11.0,10.5,10.5,10.5,10.5,11.0,11.5,12.0,12.5,13.0,13.5,14.0,14.0,14.5,14.5,14.0,13.5,13.0,12.5,12.0,11.5,11.0,11.0,11.0,11.0,11.5,11.5,12.0,12.5,13.0,13.5,14.0,14.0,14.5,14.5,14.5,14.5,14.5,14.0,14.0,13.5,13.5,13.5,13.5,14.0,14.5,15.0,15.5,16.0,16.0,16.5,16.5,16.5,16.0,16.0,16.0,15.5,15.5,15.0,14.5,14.0,13.0,12.0,11.0,9.5,8.0,6.5,5.0,3.0,1.5,0.0,-1.5,-2.5,-3.5,-4.0,-4.0,-4.0,-3.0,-1.5,0.5,4.0,8.0,12.5,18.5,25.0,32.5,40.0,47.5,54.5,61.0,67.5,73.5,80.0,85.5,90.5,94.5,97.0,99.0,100.0,100.5,100.5,99.5,97.5,94.5,91.0,86.5,82.0,77.0,72.0,67.0,62.0,57.0,52.5,48.0,44.0,40.0,36.5,33.0,30.0,27.5,25.5,24.5,23.5,23.5,23.5,23.5,23.5,0.0,0.0
58.5,59.0,59.0,59.5,59.5,59.5,59.5,59.5,59.5,59.5,59.5,59.5,59.5,59.0,59.0,59.0,58.5,58.5,58.0,58.0,58.5,58.5,58.5,58.5,58.0,57.5,57.0,56.5,56.5,56.5,56.0,56.5,57.0,57.5,58.5,60.0,61.0,62.0,63.0,63.5,63.5,64.0,64.0,63.5,63.5,63.0,62.5,62.0,61.5,61.0,61.0,60.5,60.0,59.5,59.0,58.5,58.0,58.0,58.5,58.5,58.5,59.0,59.5,60.0,60.5,61.0,61.5,62.0,62.5,63.0,63.0,63.0,63.0,63.0,62.5,62.0,61.5,61.5,61.5,61.5,61.5,61.5,62.0,62.0,62.5,63.0,63.0,63.5,63.5,63.0,63.0,62.5,62.0,61.5,61.0,60.5,60.5,60.5,60.5,60.5,60.5,60.5,60.5,61.0,61.0,61.5,61.5,62.0,62.0,62.5,62.5,62.0,61.5,61.0,60.5,60.5,60.0,60.0,60.0,60.0,60.5,60.5,61.0,61.5,62.0,62.0,62.5,62.5,62.5,62.5,62.5,62.5,62.0,61.5,61.0,60.5,60.5,60.0,60.0,60.0,60.5,60.5,61.0,61.5,62.0,62.5,62.5,63.0,63.0,63.0,63.0,63.0,63.0,63.0,63.0,62.5,62.5,62.5,62.5,62.5,62.5,62.5,63.0,63.0,63.0,63.0,63.0,63.0,63.0,63.0,63.0,63.0,62.5,62.5,62.0,61.5,61.5,61.0,61.0,61.0,61.0,61.0,61.5,62.0,62.0,62.5,63.0,63.0,63.0,62.5,62.0,61.0,60.5,60.0,60.0,60.0,59.5,59.5,60.0,60.0,60.0,60.5,60.5,60.5,60.5,60.5,60.5,61.0,61.0,60.5,60.5,60.0,59.0,58.5,58.5,58.0,57.5,57.5,57.5,58.0,58.5,59.0,59.5,60.5,61.5,62.0,62.5,63.5,64.0,64.0,64.5,64.5,64.0,64.0,64.0,64.5,64.5,65.0,65.0,65.5,65.5,66.0,66.0,66.0,66.5,66.5,66.5,66.5,67.0,66.5,66.5,66.5,66.0,65.5,65.0,65.0,65.0,65.0,65.0,65.5,66.0,66.5,67.0,67.0,67.5,67.5,67.5,68.0,68.5,68.5,68.5,68.0,68.0,67.5,67.0,66.5,66.5,66.5,66.5,66.5,66.5,67.0,67.0,67.5,68.0,68.0,68.5,68.5,69.0,69.0,69.0,69.0,69.0,69.0,68.5,68.5,68.0,67.5,67.0,67.0,67.0,67.0,67.5,67.5,67.5,68.0,68.0,68.5,68.5,68.0,67.5,67.0,66.0,64.5,63.0,61.0,59.0,57.0,55.0,53.5,0.0,0.0
7.0,7.0,6.5,6.0,5.5,5.0,5.0,5.0,5.0,5.0,5.5,6.0,6.0,6.5,7.0,7.0,7.5,8.0,8.0,8.0,8.0,8.0,7.5,7.5,7.0,6.5,6.5,6.0,6.0,6.0,6.0,6.0,6.5,6.5,7.0,7.5,7.5,8.0,8.5,9.0,9.0,9.5,9.5,9.0,8.5,8.0,8.0,7.5,7.5,7.0,7.0,7.5,7.5,8.0,8.5,8.5,9.0,9.0,9.5,9.5,9.5,9.5,9.5,9.5,9.0,9.0,9.0,9.0,9.0,9.0,8.5,8.5,8.5,9.0,9.5,9.5,10.0,10.0,10.5,10.5,11.0,11.5,12.0,12.0,12.0,11.5,10.5,10.0,9.5,9.5,9.0,9.0,9.0,9.0,8.5,8.5,8.0,8.0,7.5,7.5,7.5,7.5,7.5,7.0,6.5,6.0,5.5,5.0,5.0,5.0,5.0,5.5,6.0,6.5,7.0,8.0,9.0,9.5,10.5,11.5,11.5,12.0,12.0,11.5,11.5,11.5,11.5,11.5,11.5,12.0,12.0,12.5,12.5,12.5,13.0,13.0,13.0,13.5,13.0,13.0,13.0,13.0,12.5,12.0,11.0,10.5,10.0,9.0,9.0,9.0,8.5,9.0,9.0,9.5,10.0,10.5,10.5,11.0,11.5,12.0,12.0,12.5,12.5,12.5,12.5,12.0,11.5,11.0,11.0,10.5,10.5,10.5,11.0,11.5,12.0,12.5,13.0,13.5,14.0,14.0,14.5,15.0,15.5,15.0,15.0,14.5,14.0,14.0,13.5,13.0,13.0,13.0,13.0,13.5,13.5,14.0,14.0,14.5,15.0,15.0,15.5,15.0,14.0,13.0,11.0,9.0,6.5,4.0,1.5,-0.5,-2.5,-4.0,-5.0,-5.5,-5.5,-5.5,-4.5,-3.5,-2.0,0.5,4.0,8.0,12.5,17.5,23.5,29.5,36.0,42.5,48.5,54.5,60.0,66.0,72.5,78.5,84.5,89.5,93.5,96.5,98.0,99.0,99.5,98.5,97.0,94.5,91.0,87.0,82.0,77.0,72.0,67.0,61.5,56.5,51.5,47.0,42.5,38.0,34.5,30.5,27.5,24.0,21.5,19.0,17.5,16.0,15.5,15.0,15.5,16.0,16.5,17.5,18.5,19.5,20.5,21.0,22.0,22.5,23.0,23.0,22.5,22.5,22.0,21.5,20.5,19.5,18.5,17.5,17.0,16.5,16.0,15.5,15.0,15.0,15.0,15.5,16.0,16.5,17.0,18.0,18.5,19.0,19.0,19.0,19.0,19.0,18.5,18.0,18.0,18.0,18.0,18.0,18.5,18.5,19.0,19.0,19.5,19.5,20.0,20.5,21.0,21.0,0.0,0.0
22.0,22.0,22.0,22.0,22.5,22.5,23.0,23.5,24.0,24.0,24.0,24.5,24.5,24.5,24.5,24.5,24.5,24.0,24.0,23.5,23.5,23.5,24.0,24.0,24.0,24.5,24.5,25.0,25.0,25.0,25.5,25.5,25.5,25.0,25.0,24.5,24.0,24.0,23.5,23.5,23.0,23.0,23.0,23.5,23.5,24.0,24.5,25.0,25.5,26.0,26.5,26.5,26.5,26.5,26.5,26.0,26.0,25.5,25.5,25.5,25.5,25.5,26.0,26.0,26.5,26.5,27.0,27.0,27.5,27.5,27.5,27.5,27.0,27.0,26.5,26.5,26.0,25.5,25.0,24.5,24.5,24.5,24.5,24.5,25.0,26.0,26.5,27.0,27.5,27.5,28.0,28.0,27.5,27.5,27.0,26.5,26.0,25.5,25.0,25.0,25.0,25.0,25.5,26.0,27.0,27.5,28.0,28.5,28.5,29.0,29.0,29.0,28.5,28.5,28.0,27.5,27.0,27.0,26.5,26.0,26.0,25.5,26.0,26.0,26.0,26.0,26.5,26.5,27.0,27.0,27.0,27.0,27.0,26.5,26.5,26.0,26.0,26.0,26.0,26.0,26.0,25.5,25.5,26.0,26.5,26.5,27.0,27.5,28.0,28.5,28.5,29.0,29.0,29.0,28.5,28.5,28.0,28.0,27.5,27.5,27.0,27.0,27.0,27.0,27.5,27.5,28.0,28.0,28.5,28.5,29.0,29.0,29.5,29.5,29.5,29.5,29.5,29.5,29.5,29.0,29.0,29.0,29.0,29.0,29.5,29.5,30.0,30.5,31.0,31.0,31.0,31.0,31.0,30.5,30.5,30.5,30.5,30.5,30.5,30.0,29.5,29.0,28.5,28.0,28.0,28.0,28.0,28.0,28.0,28.5,28.5,28.5,28.0,28.0,27.5,27.0,26.5,26.0,26.0,26.0,26.0,26.0,26.0,26.0,26.0,26.0,26.0,26.5,26.5,26.5,26.5,27.0,27.0,27.5,28.0,28.0,28.0,27.5,27.5,27.5,27.5,27.5,27.5,28.0,28.5,29.0,29.5,30.0,30.5,31.0,31.5,31.5,31.5,31.5,31.5,31.0,30.5,30.0,29.5,29.0,28.5,28.0,28.0,28.0,28.0,28.5,28.5,29.0,29.0,29.0,29.0,29.0,29.0,29.0,28.5,28.5,28.0,28.0,27.5,27.5,27.0,27.0,27.0,27.0,27.5,28.0,28.5,28.5,29.0,29.0,29.0,29.0,29.0,29.0,28.5,28.5,28.0,28.0,28.0,27.5,27.5,27.5,27.0,27.5,27.5,28.0,28.0,28.5,28.5,28.5,28.5,28.5,28.0,27.5,27.0,26.0,25.5,25.0,24.5,24.5,0.0,0.0
45.5,45.5,45.5,45.0,45.0,44.5,44.5,45.0,45.0,45.0,45.0,45.0,45.0,45.5,46.0,46.5,47.0,47.0,47.0,47.0,47.0,46.5,46.5,46.5,46.5,46.0,46.0,45.5,45.5,45.0,44.5,44.5,45.0,45.0,45.5,46.0,46.0,46.5,46.5,47.0,47.0,47.0,46.5,46.5,46.0,45.5,45.5,45.0,45.0,45.0,45.0,45.5,45.5,45.5,45.5,46.0,46.0,46.0,46.5,46.5,47.0,47.0,47.0,46.5,46.5,46.0,46.0,45.5,45.5,45.5,45.5,45.5,46.0,46.0,46.5,47.0,47.5,47.5,48.0,48.0,48.5,48.5,48.0,48.0,47.5,47.0,46.5,46.5,46.0,46.0,46.0,46.0,46.5,46.5,47.0,47.0,47.5,47.5,47.5,47.5,48.0,47.5,47.5,47.0,47.0,46.5,46.0,46.0,45.5,45.5,45.5,45.5,45.5,46.0,46.5,47.0,47.5,48.0,48.0,47.5,47.5,47.5,47.0,47.0,46.5,46.5,46.0,46.0,46.0,46.0,46.0,46.0,46.5,46.5,46.5,46.5,46.5,47.0,47.5,47.5,47.5,47.5,47.5,47.0,46.5,46.5,46.0,45.5,45.0,44.5,44.5,44.5,44.5,45.0,45.0,45.5,46.0,46.5,47.0,47.5,48.0,48.0,48.0,47.5,47.0,46.5,46.0,45.5,45.5,45.5,45.5,45.5,46.0,46.5,47.0,47.5,48.0,48.5,49.0,49.0,49.0,49.0,48.5,48.0,48.0,47.5,47.0,46.5,46.0,45.5,45.5,45.0,45.0,45.5,45.5,46.0,46.5,47.0,47.0,47.5,47.5,47.5,47.5,47.5,47.5,47.0,46.5,46.5,46.0,45.5,45.5,45.5,45.5,45.5,46.0,46.0,46.5,46.5,47.0,47.0,47.0,47.0,46.5,46.0,45.5,44.5,44.0,43.5,43.0,43.0,43.0,43.0,42.5,42.5,42.5,43.0,43.0,43.0,43.0,43.0,42.5,42.0,42.0,41.5,41.0,41.0,40.5,40.0,40.0,39.5,39.5,39.5,40.0,40.5,41.0,41.5,42.0,43.0,43.5,44.5,45.0,45.5,46.0,46.0,45.5,45.5,45.0,44.5,44.5,44.0,44.0,44.0,44.0,44.0,44.0,44.0,43.5,43.0,42.5,42.0,41.5,41.0,41.0,41.0,41.5,42.0,43.0,44.0,45.0,45.5,46.5,47.0,47.5,48.0,48.5,48.5,48.5,48.5,48.5,48.0,47.5,47.0,46.5,45.5,45.0,44.5,44.5,44.0,44.0,43.5,43.5,43.5,44.0,44.0,44.5,44.5,45.0,45.0,45.0,45.0,0.0,0.0
58.0,57.5,57.5,57.5,57.5,57.0,57.0,57.0,56.5,56.5,56.0,56.0,56.5,56.5,57.0,57.0,57.0,57.5,57.5,57.5,57.5,57.5,57.0,56.5,56.0,56.0,56.0,56.0,56.0,56.0,55.5,55.5,55.5,56.0,56.0,56.5,56.5,56.5,56.5,56.5,56.5,56.5,56.5,56.0,56.0,55.5,55.0,55.0,54.5,54.5,54.0,54.0,54.0,54.0,54.0,54.0,54.5,55.0,55.0,55.5,55.5,55.5,56.0,56.0,56.5,56.5,56.5,56.5,56.0,56.0,56.0,56.0,56.0,56.0,56.0,56.5,57.0,57.0,57.0,57.5,57.5,57.5,57.0,56.5,56.0,55.0,54.5,54.0,54.0,54.0,54.5,55.0,55.5,56.0,56.5,56.5,57.0,57.0,57.0,57.0,57.0,57.0,57.0,57.0,56.5,56.5,56.0,56.0,56.0,55.5,55.5,55.5,55.5,55.5,55.5,55.5,56.0,56.0,56.5,57.0,57.5,57.5,57.5,57.5,57.0,57.0,56.5,56.5,56.0,55.5,55.0,55.0,55.0,55.0,55.0,55.5,55.5,56.0,56.5,56.5,57.0,57.0,57.0,57.0,56.5,56.5,56.5,56.5,56.5,56.5,56.5,56.5,57.0,57.0,57.5,58.0,58.0,58.0,58.0,57.5,57.5,57.0,56.5,56.0,56.0,55.5,55.0,55.0,54.5,54.5,54.5,54.5,54.5,55.0,55.5,56.0,56.0,56.5,57.0,57.0,57.0,57.5,57.5,57.0,57.0,56.5,56.5,56.0,55.5,55.0,55.0,55.0,55.0,55.5,56.0,57.0,57.5,58.5,59.0,59.0,59.0,59.0,59.0,58.5,58.0,57.5,56.5,56.0,55.5,55.5,55.5,56.0,56.5,57.0,57.5,58.0,58.5,58.5,58.5,58.5,58.5,58.0,58.0,58.0,57.5,57.5,57.5,57.5,57.5,57.0,57.0,57.5,57.5,58.0,58.0,59.0,59.5,60.0,60.0,60.0,59.5,59.0,59.0,58.5,58.0,58.0,57.5,57.0,56.5,56.0,56.0,55.5,55.5,55.5,55.0,55.0,54.5,54.5,54.0,54.0,54.0,53.5,53.5,53.5,53.0,53.0,52.5,52.5,52.5,52.5,52.5,52.5,53.0,53.5,54.0,54.5,55.0,55.5,56.0,56.5,57.0,57.5,57.5,57.5,57.0,56.5,56.0,55.0,54.0,53.5,52.5,52.0,52.0,52.0,53.0,54.5,55.5,57.0,58.0,58.5,59.0,59.5,59.5,59.0,59.0,58.5,58.5,58.5,58.5,58.5,58.5,58.0,58.0,57.5,57.5,57.5,58.0,58.0,58.5,58.5,0.0,0.0
5.5,5.5,6.0,5.5,5.0,4.5,4.0,3.0,2.5,1.5,1.0,0.0,-0.5,-0.5,-0.5,-0.5,-0.5,-0.5,-1.0,-1.0,-1.5,-1.5,-2.0,-2.0,-2.5,-3.5,-4.5,-5.0,-5.5,-6.0,-6.0,-6.0,-5.5,-5.5,-5.0,-5.0,-4.5,-4.5,-5.0,-5.0,-5.5,-6.0,-6.0,-6.0,-6.0,-6.0,-6.0,-6.0,-6.5,-6.5,-7.0,-7.0,-6.5,-6.0,-6.0,-5.5,-5.5,-5.0,-5.0,-5.0,-5.0,-5.0,-5.5,-6.0,-6.5,-7.0,-7.5,-8.0,-8.5,-9.0,-9.0,-9.0,-8.5,-8.5,-8.0,-7.5,-7.0,-6.5,-6.5,-6.5,-6.5,-7.0,-8.0,-8.5,-9.5,-10.0,-10.0,-10.5,-10.0,-10.0,-9.5,-9.0,-8.5,-8.5,-8.5,-8.0,-8.0,-8.0,-8.0,-8.0,-8.0,-8.0,-8.0,-8.0,-7.5,-7.5,-7.5,-8.0,-8.0,-8.5,-9.0,-9.0,-9.0,-8.5,-8.5,-8.0,-8.0,-7.5,-7.0,-7.0,-7.0,-7.5,-8.0,-8.5,-9.0,-9.5,-10.0,-10.0,-10.5,-10.5,-10.5,-10.5,-10.5,-10.0,-10.0,-9.5,-9.0,-8.5,-8.0,-8.0,-8.0,-8.0,-8.5,-9.0,-9.5,-10.0,-10.5,-11.0,-11.5,-11.5,-12.0,-11.5,-11.5,-10.5,-10.0,-10.0,-9.5,-9.0,-8.5,-8.0,-8.0,-8.5,-9.0,-9.5,-10.0,-10.5,-11.0,-11.0,-11.5,-11.5,-12.0,-11.5,-11.5,-11.0,-10.5,-10.5,-10.0,-10.0,-10.0,-10.0,-10.0,-10.0,-10.0,-10.5,-10.5,-11.0,-11.5,-11.5,-12.0,-12.0,-11.5,-11.5,-11.0,-10.0,-9.5,-9.0,-9.0,-9.0,-9.0,-9.0,-9.0,-9.5,-10.0,-10.5,-11.0,-11.0,-11.5,-12.0,-12.0,-12.0,-12.0,-11.5,-11.5,-11.0,-10.5,-10.5,-10.0,-10.0,-10.0,-10.0,-10.0,-10.0,-10.5,-11.0,-11.5,-12.5,-13.0,-13.5,-14.0,-14.5,-14.5,-14.5,-14.5,-14.0,-13.5,-13.0,-13.0,-12.5,-12.5,-12.5,-12.5,-13.0,-13.0,-13.5,-14.0,-14.5,-15.0,-15.5,-16.5,-16.5,-17.0,-17.0,-17.0,-17.0,-17.0,-17.0,-17.0,-17.0,-17.0,-16.5,-16.5,-16.5,-16.0,-16.0,-16.0,-16.0,-16.5,-16.5,-16.5,-16.5,-16.0,-15.5,-15.0,-15.0,-14.5,-14.0,-14.0,-13.5,-13.5,-13.5,-13.5,-13.5,-14.0,-14.0,-14.5,-15.0,-15.5,-16.0,-16.5,-16.5,-16.5,-16.5,-16.0,-15.5,-15.5,-15.0,-15.0,-15.0,-15.0,-15.0,-15.0,-15.5,-15.5,-16.0,-17.0,-17.5,-17.5,-18.0,-18.5,-18.5,-19.0,-18.5,-18.0,-17.5,-16.5,-16.0,-15.0,-15.0,-14.5,-14.0,0.0,0.0
37.5,38.0,38.0,38.0,37.5,37.0,36.5,36.5,36.0,36.0,36.0,36.0,36.0,36.5,36.5,37.0,37.0,37.5,37.5,37.5,37.5,37.5,37.5,37.0,37.0,36.5,36.5,36.0,36.0,36.0,36.0,36.0,36.5,36.5,37.0,37.5,38.0,38.0,38.5,38.5,39.0,39.0,38.5,38.5,38.0,37.5,37.0,36.5,36.0,35.5,35.5,35.5,35.5,36.0,36.0,36.5,36.5,37.0,37.0,37.0,37.5,37.5,37.5,37.5,37.5,37.5,37.0,37.0,37.0,36.5,36.5,37.0,37.5,38.0,38.5,39.5,40.0,40.5,40.5,41.0,41.0,41.0,41.5,41.5,41.0,40.5,40.0,40.0,39.5,39.0,39.0,39.0,38.5,39.0,39.0,39.5,39.5,40.0,40.0,40.0,40.0,39.5,39.0,39.0,38.5,38.0,38.0,37.5,37.5,38.0,38.0,38.0,38.0,38.5,38.5,39.0,39.5,40.5,41.0,41.0,41.5,41.5,41.0,41.0,40.5,40.0,39.5,39.5,39.0,39.0,39.0,39.0,39.0,39.0,39.0,39.5,40.0,40.0,40.5,41.0,41.5,42.0,42.5,43.0,43.0,43.0,42.5,42.5,42.5,42.0,42.0,42.0,42.0,42.0,42.5,42.5,43.0,43.0,43.0,43.0,43.5,43.5,44.0,44.0,43.5,43.5,43.5,43.0,43.0,42.5,42.5,42.5,42.5,42.5,43.0,43.0,43.5,44.0,44.0,44.5,44.5,44.5,44.0,43.5,43.0,42.5,42.0,42.0,41.5,41.5,41.0,41.0,41.0,41.0,41.5,41.5,42.0,42.0,42.5,43.0,43.5,43.5,44.0,44.0,44.0,44.0,43.5,43.5,43.5,43.5,43.5,44.0,44.0,44.5,45.0,45.5,46.0,46.5,46.5,46.5,46.5,46.5,46.5,46.5,46.0,45.5,45.5,45.0,44.5,44.0,44.0,43.5,43.5,43.5,44.0,44.0,44.5,45.0,45.5,45.5,46.0,46.0,46.0,46.0,46.0,46.0,46.0,46.0,46.0,46.0,45.5,45.5,46.0,46.5,46.5,47.0,47.5,48.0,48.0,48.5,48.5,48.5,48.5,48.0,48.0,47.5,47.0,47.0,46.5,46.5,46.5,46.5,46.5,47.0,47.0,47.5,48.0,48.5,49.0,49.5,49.5,50.0,49.5,49.5,49.5,49.5,49.5,49.5,49.5,49.5,49.5,49.5,49.5,49.5,50.0,50.0,50.5,51.0,51.5,51.5,52.0,52.0,51.5,51.5,51.5,51.0,50.5,49.5,49.0,48.5,48.5,48.5,48.5,48.5,49.0,49.5,50.0,50.5,50.5,50.5,0.0,0.0
61.5,61.0,61.0,61.5,62.5,64.0,65.0,66.0,67.0,67.5,68.0,68.0,68.0,68.0,68.0,67.5,67.5,67.0,67.0,67.0,67.0,66.5,66.0,66.0,65.5,65.5,65.0,64.5,64.0,63.5,63.0,62.5,62.0,61.0,60.5,59.5,58.5,57.0,55.5,54.0,52.5,50.5,49.0,47.5,46.5,46.0,45.5,45.5,46.0,46.5,47.5,49.0,51.5,55.0,59.0,64.0,69.5,76.0,83.5,91.0,98.5,105.5,112.0,119.0,125.5,132.0,138.0,143.0,146.5,149.0,150.5,151.0,151.0,150.0,148.5,145.5,142.0,138.0,133.5,128.5,123.5,118.5,113.0,108.0,102.5,97.5,92.5,88.0,83.5,79.5,76.0,73.0,70.0,68.0,66.5,65.5,65.0,65.0,64.5,64.5,64.5,65.0,65.0,65.5,66.0,66.0,66.0,66.0,66.0,65.5,65.0,64.5,63.5,62.5,62.0,61.5,61.5,61.5,61.5,62.0,62.0,62.5,62.5,62.5,62.5,62.5,62.5,62.5,62.5,62.0,62.0,61.5,61.5,61.5,61.0,60.5,60.5,60.5,60.5,60.5,60.5,61.0,61.0,61.5,62.0,62.5,62.5,62.5,62.5,62.5,62.5,62.0,62.0,61.5,61.0,61.0,60.5,60.5,60.5,60.5,61.0,61.0,61.5,62.0,62.0,62.0,62.0,62.0,62.0,62.0,62.0,61.5,61.5,61.0,61.0,60.5,61.0,61.0,61.0,61.5,62.0,62.0,62.0,62.0,62.5,62.5,62.5,62.0,62.0,62.0,61.5,61.0,60.5,60.0,59.5,59.5,59.5,60.0,60.0,60.5,60.5,61.0,61.0,61.0,60.5,60.5,60.5,60.5,60.5,60.5,60.5,60.0,60.0,59.5,59.5,59.0,59.0,59.0,59.0,59.5,59.5,60.0,60.0,60.5,60.5,61.0,61.0,60.5,60.5,60.0,60.0,59.5,59.0,58.5,58.0,57.5,57.5,57.5,57.0,57.0,57.5,57.5,58.0,58.5,59.0,59.5,59.5,59.5,59.5,59.0,58.0,57.5,57.0,56.5,56.0,56.0,55.5,55.5,55.5,55.5,55.5,56.0,56.5,57.0,57.5,58.0,58.0,58.0,58.0,57.5,57.0,56.5,56.0,56.0,55.5,55.0,55.0,55.5,55.5,56.0,57.0,57.5,58.0,58.5,58.5,59.0,59.0,59.0,59.0,59.0,58.5,58.5,58.5,58.0,58.0,57.5,57.5,58.0,58.0,58.5,58.5,59.0,59.0,59.5,60.0,59.5,59.5,59.0,59.0,58.5,58.5,58.0,58.0,58.0,57.5,57.5,57.5,57.5,57.5,57.5,0.0,0.0
31.5,31.5,32.0,32.0,33.0,33.5,34.0,34.5,35.0,35.0,35.5,35.5,35.0,35.0,35.0,35.0,34.5,34.5,34.0,34.0,33.5,33.5,33.5,34.0,34.0,34.5,35.0,35.5,36.0,36.5,36.5,36.5,36.5,36.5,36.0,35.0,34.5,34.0,33.5,33.5,33.5,33.5,33.5,34.0,34.5,35.0,35.5,35.5,35.5,35.5,36.0,35.5,35.5,35.5,35.5,35.5,35.0,34.5,34.0,34.0,33.5,33.5,34.0,34.0,34.0,34.5,34.5,34.5,35.0,35.0,35.5,35.0,35.0,35.0,34.5,34.5,34.0,33.5,33.0,32.5,32.5,32.5,32.5,33.5,34.0,35.0,36.0,37.0,37.5,38.5,38.5,39.0,39.0,39.0,39.0,38.5,38.5,38.5,38.5,38.5,38.5,38.5,38.5,39.0,39.0,39.5,39.5,40.0,40.0,40.0,39.5,39.5,39.0,38.5,38.0,38.0,38.0,37.5,37.5,37.5,37.5,38.0,38.5,39.0,39.5,40.5,41.0,41.5,42.0,42.0,42.5,42.5,43.0,43.0,42.5,42.5,42.0,41.5,41.0,41.0,40.5,40.5,40.5,41.0,41.0,41.5,41.5,42.0,42.5,42.5,42.5,43.0,43.0,43.0,43.0,42.5,42.5,42.5,42.0,42.0,42.0,42.0,42.0,42.0,42.5,43.0,43.5,44.0,44.5,45.0,45.5,45.5,45.0,44.5,43.5,42.0,40.5,39.0,37.5,35.5,33.5,31.5,29.0,27.5,25.5,24.5,23.5,22.5,22.5,22.5,23.5,24.5,26.5,29.0,32.0,36.5,41.5,47.0,53.5,60.0,67.0,74.0,80.5,87.0,93.5,100.0,106.0,112.0,117.0,121.0,123.5,125.0,125.5,125.5,125.0,123.0,121.0,117.5,113.5,109.0,104.5,99.5,94.5,89.5,84.0,79.5,75.0,71.0,67.0,63.5,60.0,57.0,54.5,52.0,50.0,48.5,47.0,46.5,46.0,46.0,46.0,46.5,47.0,48.0,48.5,49.0,49.5,49.5,49.5,49.5,49.5,49.0,49.0,48.5,47.5,47.0,46.5,46.0,46.0,45.5,45.5,45.5,45.0,45.5,45.5,46.0,46.5,46.5,47.0,47.0,47.0,47.0,47.0,46.5,46.5,46.0,45.5,45.0,45.0,44.5,44.5,44.5,44.5,45.0,46.0,46.5,47.0,47.5,48.0,48.0,48.0,48.5,48.0,47.5,47.0,46.5,46.5,46.0,46.0,46.0,46.0,46.5,46.5,46.5,47.0,47.0,47.0,47.0,47.0,47.0,46.5,46.0,45.5,44.5,44.0,43.0,42.5,42.0,42.0,42.5,0.0,0.0
1.5,1.5,1.0,0.0,-1.0,-2.5,-4.0,-6.0,-8.0,-10.5,-12.5,-14.5,-16.5,-18.0,-19.0,-19.5,-20.0,-19.5,-18.0,-15.5,-12.5,-8.5,-4.0,1.0,7.0,13.0,20.0,26.5,33.5,39.5,45.5,50.5,56.0,61.0,65.0,69.0,72.0,73.5,74.5,75.0,75.0,74.5,74.0,73.0,71.0,68.5,65.0,61.0,57.0,52.0,47.0,42.0,36.5,31.5,26.5,22.0,18.0,14.5,11.5,9.0,7.0,6.0,5.0,4.5,4.5,4.5,4.5,4.5,4.5,4.5,3.5,3.0,2.0,1.5,1.0,0.5,0.0,0.0,0.0,0.5,0.5,0.5,0.5,1.0,1.0,1.0,1.0,1.0,1.0,0.5,0.0,-0.5,-1.0,-1.5,-1.5,-2.0,-2.0,-2.0,-2.0,-1.5,-1.5,-1.0,-0.5,0.0,1.0,1.0,1.5,1.5,1.5,1.0,0.5,0.0,-0.5,-1.0,-1.0,-1.5,-1.5,-1.0,-1.0,-0.5,-0.5,0.0,0.0,0.5,1.0,1.0,1.5,1.0,1.0,1.0,1.0,0.5,0.5,0.0,0.0,-0.5,-0.5,-0.5,-0.5,-0.5,0.0,0.5,1.0,1.0,1.0,1.0,1.0,1.0,1.5,1.5,1.5,1.0,0.5,0.0,-0.5,-1.0,-1.0,-1.0,-1.0,-0.5,-0.5,0.0,0.5,0.5,1.0,1.0,1.5,1.5,1.5,1.5,1.5,1.5,1.0,0.5,0.5,0.0,-0.5,-0.5,-0.5,0.0,0.5,1.0,1.5,2.0,2.0,2.5,2.5,2.5,2.5,2.5,2.0,1.5,1.0,0.5,0.0,-0.5,-0.5,-0.5,-0.5,-0.5,0.0,0.0,0.5,1.0,1.0,1.5,1.5,2.0,2.0,2.0,1.5,1.5,1.0,0.5,0.0,0.0,-0.5,0.0,0.0,0.0,0.5,0.5,0.5,0.5,0.5,0.5,0.5,0.0,-0.5,-0.5,-1.0,-1.5,-1.5,-2.0,-2.0,-2.0,-2.0,-1.5,-1.5,-1.0,0.0,0.5,1.5,2.5,3.5,4.0,4.0,4.0,4.0,4.0,3.5,3.5,3.0,3.0,2.5,2.5,2.5,3.0,3.5,4.0,4.5,4.5,5.0,5.0,4.5,4.0,4.0,3.5,3.0,2.5,2.0,2.0,1.5,1.0,0.5,0.0,0.0,0.0,0.0,0.5,1.0,1.0,1.5,1.5,2.0,2.0,2.0,2.5,2.5,2.5,2.5,3.0,3.0,2.5,2.5,2.0,2.0,2.0,2.0,2.0,2.0,2.0,2.0,2.0,1.5,1.0,1.0,0.5,1.0,1.5,2.0,2.5,3.5,4.0,4.5,5.0,5.5,6.0,6.5,7.0,0.0,0.0
51.5,51.0,50.5,50.0,49.5,49.5,49.5,49.0,49.0,49.0,49.5,49.5,49.5,49.5,50.0,50.0,50.0,49.5,49.5,49.5,49.0,49.0,48.5,48.0,47.5,47.5,47.0,47.0,47.0,47.0,47.0,47.0,47.0,47.5,47.5,48.0,48.0,47.5,47.5,47.0,46.5,46.0,45.5,45.5,45.5,45.0,45.0,45.5,45.5,46.0,46.0,46.5,47.0,47.5,48.0,48.0,48.0,48.0,48.0,48.0,47.5,47.5,47.5,47.0,47.0,47.0,47.0,47.0,47.5,47.5,48.0,48.5,49.0,49.0,49.0,49.0,49.0,48.5,48.5,48.0,47.5,47.5,47.0,47.0,47.0,47.5,47.0,47.5,47.5,47.5,48.0,48.5,49.0,49.0,49.5,49.5,49.5,49.0,48.5,48.0,47.5,47.0,47.0,47.0,46.5,46.5,46.5,46.5,47.0,47.5,47.5,48.0,48.5,48.5,49.0,49.0,49.0,49.0,49.0,49.0,49.0,48.5,48.5,48.0,48.0,47.5,47.5,48.0,48.0,48.5,49.0,50.0,50.5,51.0,51.5,51.5,51.5,51.5,51.0,50.5,50.0,50.0,50.0,49.5,49.5,49.5,49.5,50.0,50.0,50.5,50.5,51.0,51.5,52.0,52.0,52.0,52.0,52.0,52.0,52.0,52.0,52.0,52.0,52.0,52.0,52.0,52.0,52.0,52.5,52.5,53.0,53.0,53.5,53.5,54.0,54.0,54.0,54.0,54.0,53.5,53.0,52.5,52.0,51.5,51.5,51.5,51.5,52.0,52.5,53.0,53.5,54.0,54.5,54.5,55.0,55.0,55.0,55.0,54.5,54.5,54.5,54.5,54.5,54.0,54.0,54.0,54.5,55.0,55.5,56.0,56.5,56.5,57.0,57.0,57.0,57.0,57.0,57.0,57.0,57.0,56.5,56.5,56.0,55.5,55.5,55.0,55.5,55.5,56.0,56.0,56.0,56.0,56.5,56.5,56.5,56.5,57.0,57.0,56.5,56.5,56.5,56.0,56.0,55.5,55.5,55.5,55.5,56.0,56.5,57.0,58.0,58.5,59.0,59.0,59.5,59.5,59.5,59.5,59.5,59.5,59.5,59.0,58.5,58.0,57.5,57.5,57.0,57.0,57.5,57.5,58.0,59.0,59.5,59.5,60.0,59.5,59.5,59.0,59.0,58.5,58.0,57.5,57.5,57.0,57.0,57.0,57.0,57.0,57.5,58.0,58.0,58.5,58.5,58.5,58.5,58.0,58.0,57.5,57.5,57.0,56.5,56.0,55.5,55.5,55.0,55.0,55.0,55.5,55.5,56.0,56.0,56.0,56.0,55.5,55.5,55.5,55.0,55.0,54.5,54.5,0.0,0.0
96.5,97.0,97.0,97.0,97.0,97.0,96.5,96.5,96.0,96.0,95.5,95.5,95.5,95.5,95.5,96.0,96.5,97.0,97.0,97.0,97.0,97.0,97.0,97.0,97.0,96.5,96.5,96.0,95.5,95.0,95.0,95.0,95.0,95.5,96.0,96.5,97.0,97.5,98.0,98.0,98.5,98.5,98.5,98.5,98.5,98.0,98.0,97.5,97.5,97.0,96.5,96.5,96.0,96.0,96.0,96.5,97.0,97.0,97.5,98.0,98.0,98.0,98.5,98.5,98.0,97.5,97.0,96.5,96.0,96.0,95.5,95.5,96.0,96.5,97.0,97.5,98.0,98.5,98.5,98.5,98.5,98.5,98.5,98.0,98.0,98.0,97.5,97.5,97.0,96.5,96.5,96.5,96.5,97.0,97.0,97.5,98.0,98.5,98.5,98.5,99.0,99.0,99.0,98.5,98.0,97.5,97.0,96.5,96.5,96.0,96.0,96.0,96.0,96.5,96.5,97.0,97.0,97.5,98.0,98.5,99.0,99.5,99.5,99.0,99.0,98.5,98.0,97.5,97.5,97.0,97.0,97.0,96.5,97.0,97.0,97.5,98.0,98.5,99.0,99.5,100.0,100.0,100.0,100.0,99.5,99.5,99.0,98.5,98.0,98.0,98.0,98.0,98.0,98.5,99.0,99.5,99.5,100.0,100.0,100.0,100.0,100.0,100.0,100.0,99.5,99.5,99.5,99.0,98.5,98.5,98.0,98.0,98.5,98.5,98.5,99.0,99.5,99.5,100.0,100.0,100.0,100.0,100.0,99.5,99.0,98.5,98.0,97.0,96.5,96.5,96.0,96.0,96.0,96.0,96.5,97.0,97.5,98.0,98.5,99.5,100.0,100.5,101.5,102.0,102.0,102.5,102.5,102.5,102.5,102.5,102.5,102.5,103.0,103.5,104.0,104.5,105.0,105.0,105.5,106.0,106.0,105.5,105.0,104.5,104.0,103.5,102.5,102.0,101.5,100.5,100.0,100.0,99.5,100.0,100.0,100.5,101.0,101.0,101.5,102.0,102.0,102.0,101.5,101.5,101.0,100.5,100.0,99.5,99.5,99.0,99.0,99.0,99.0,99.0,99.5,100.0,100.0,100.5,101.0,101.0,101.5,101.5,102.0,102.0,102.5,102.5,102.5,102.0,101.5,101.0,100.5,100.5,100.5,100.5,101.0,101.5,101.5,102.0,102.0,102.0,102.0,102.0,102.0,102.0,102.0,101.5,101.0,100.5,99.5,98.5,97.0,95.5,93.5,92.0,90.0,88.5,86.5,84.5,83.5,82.5,82.0,81.5,81.5,82.0,82.5,83.5,85.5,88.0,91.5,95.5,100.0,105.5,112.0,119.0,126.0,133.5,140.5,147.0,153.0,159.0,0.0,0.0
37.0,37.0,37.0,37.0,37.5,38.0,39.0,39.5,39.5,40.0,40.0,40.0,40.0,40.0,39.5,39.5,39.0,39.0,39.0,39.0,39.0,39.0,39.0,39.0,39.5,39.5,39.5,39.5,39.5,39.0,38.5,38.0,37.5,36.5,35.5,34.5,34.0,34.0,34.5,35.0,36.0,37.5,38.5,40.0,41.5,43.0,43.5,44.5,45.0,45.5,45.5,45.0,45.0,44.5,43.5,42.5,41.5,41.0,40.5,40.0,40.0,40.0,40.0,40.0,40.5,41.0,41.0,41.5,42.0,42.0,42.5,42.5,42.5,42.5,42.5,42.0,41.5,41.5,41.0,41.0,41.0,41.0,41.5,41.5,42.0,42.0,42.5,43.0,43.0,43.0,43.0,43.0,42.5,42.5,42.5,42.5,42.5,42.0,42.0,41.5,41.5,41.5,42.0,42.5,42.5,43.0,43.5,43.5,44.0,44.0,44.5,44.5,44.0,44.0,43.5,43.0,42.5,42.0,41.5,41.5,41.5,41.5,41.5,42.0,42.5,42.5,43.0,43.0,43.0,43.0,43.0,43.5,43.5,43.0,43.0,43.0,42.5,42.5,42.0,42.0,42.0,42.0,42.0,42.5,42.5,43.0,43.0,43.5,44.0,44.5,44.5,45.0,45.0,45.0,44.5,44.5,44.5,44.0,43.5,43.5,43.0,43.0,43.0,43.0,43.5,43.5,44.0,44.5,44.5,45.0,45.0,45.0,45.0,45.0,45.0,44.5,44.0,44.0,43.5,43.0,43.0,43.0,43.0,43.0,43.5,43.5,44.0,44.5,45.0,45.5,45.5,46.0,46.0,46.0,45.5,45.0,44.5,44.0,44.0,43.5,43.5,44.0,44.0,44.0,44.5,44.5,45.0,45.0,45.5,45.5,45.5,45.5,45.5,45.5,45.0,44.5,44.5,44.0,44.0,44.0,43.5,43.5,43.5,43.5,43.5,43.5,44.0,44.5,44.5,45.0,45.0,45.5,45.5,45.5,45.0,45.0,44.5,44.5,44.0,44.0,44.0,44.0,44.0,44.0,44.5,45.0,45.5,46.0,46.0,46.5,46.5,47.0,46.5,46.5,46.0,45.5,45.0,44.5,44.5,44.0,43.5,43.5,43.5,43.5,43.5,44.0,44.5,44.5,45.0,45.0,45.0,45.0,44.5,44.0,43.5,43.5,43.0,42.5,42.5,42.0,41.0,41.0,40.5,40.5,41.0,41.0,41.5,41.5,42.0,42.0,42.0,42.5,42.5,42.5,42.5,43.0,43.0,42.5,42.5,42.5,42.5,43.0,43.5,44.0,44.5,45.0,45.5,46.0,46.0,46.5,46.5,46.5,46.0,46.0,46.0,45.5,45.0,44.5,44.5,44.0,0.0,0.0
35.0,35.5,35.5,35.0,35.0,35.0,35.0,34.5,34.5,34.0,34.0,33.5,33.5,33.5,34.0,34.0,34.5,35.0,35.5,36.0,36.5,36.5,36.5,36.5,36.5,36.0,35.0,34.5,34.0,33.5,33.5,33.5,33.5,33.5,34.0,34.5,35.0,35.5,35.5,35.5,35.5,36.0,35.5,35.5,35.5,35.5,35.5,35.0,34.5,34.0,34.0,33.5,33.5,34.0,34.0,34.0,34.5,34.5,34.5,35.0,35.0,35.5,35.0,35.0,35.0,34.5,34.5,34.0,33.5,33.0,32.5,32.5,32.5,32.5,33.5,34.0,35.0,36.0,37.0,37.5,38.5,38.5,39.0,39.0,39.0,39.0,38.5,38.5,38.5,38.5,38.5,38.5,38.5,38.5,39.0,39.0,39.5,39.5,40.0,40.0,40.0,39.5,39.5,39.0,38.5,38.0,38.0,38.0,37.5,37.5,37.5,37.5,38.0,38.5,39.0,39.5,40.5,41.0,41.5,42.0,42.0,42.5,42.5,43.0,43.0,42.5,42.5,42.0,41.5,41.0,41.0,40.5,40.5,40.5,41.0,41.0,41.5,41.5,42.0,42.5,42.5,42.5,43.0,43.0,43.0,43.0,42.5,42.5,42.5,42.0,42.0,42.0,42.0,42.0,42.0,42.5,43.0,43.5,44.0,44.5,45.0,45.5,45.5,45.0,44.5,43.5,42.0,40.5,39.0,37.5,35.5,33.5,31.5,29.0,27.5,25.5,24.5,23.5,22.5,22.5,22.5,23.5,24.5,26.5,29.0,32.0,36.5,41.5,47.0,53.5,60.0,67.0,74.0,80.5,87.0,93.5,100.0,106.0,112.0,117.0,121.0,123.5,125.0,125.5,125.5,125.0,123.0,121.0,117.5,113.5,109.0,104.5,99.5,94.5,89.5,84.0,79.5,75.0,71.0,67.0,63.5,60.0,57.0,54.5,52.0,50.0,48.5,47.0,46.5,46.0,46.0,46.0,46.5,47.0,48.0,48.5,49.0,49.5,49.5,49.5,49.5,49.5,49.0,49.0,48.5,47.5,47.0,46.5,46.0,46.0,45.5,45.5,45.5,45.0,45.5,45.5,46.0,46.5,46.5,47.0,47.0,47.0,47.0,47.0,46.5,46.5,46.0,45.5,45.0,45.0,44.5,44.5,44.5,44.5,45.0,46.0,46.5,47.0,47.5,48.0,48.0,48.0,48.5,48.0,47.5,47.0,46.5,46.5,46.0,46.0,46.0,46.0,46.5,46.5,46.5,47.0,47.0,47.0,47.0,47.0,47.0,46.5,46.0,45.5,44.5,44.0,43.0,42.5,42.0,42.0,42.5,43.5,44.5,46.0,47.5,49.0,50.5,52.0,53.0,53.5,0.0,0.0
92.0,86.5,81.0,76.5,72.0,67.5,63.5,60.0,57.0,54.0,51.5,49.0,47.5,46.0,45.0,44.0,43.0,42.0,41.5,41.0,41.0,41.0,41.0,41.0,41.0,41.5,41.5,42.0,42.0,42.0,42.5,42.5,42.0,41.5,41.5,41.0,40.5,40.5,40.0,40.0,39.5,39.5,39.5,40.0,40.0,40.5,40.5,40.5,40.5,40.5,40.5,40.5,40.0,40.0,40.0,39.5,39.5,39.5,39.0,39.0,38.5,38.5,38.5,38.5,39.0,39.0,39.5,40.0,40.5,41.0,41.5,42.0,42.0,42.0,42.0,41.5,41.5,41.0,41.0,40.5,40.5,40.5,40.5,41.0,41.0,41.5,42.0,42.0,42.0,42.5,42.5,42.5,42.0,42.0,41.5,41.5,41.0,40.5,40.5,40.0,39.5,39.5,39.5,40.0,40.5,41.0,41.0,41.5,41.5,41.5,42.0,42.0,41.5,41.5,41.5,41.5,41.0,40.5,40.5,40.0,40.0,40.0,40.0,40.0,40.5,41.0,41.0,41.5,42.0,42.0,42.0,42.0,41.5,41.0,41.0,40.5,40.0,40.0,40.0,40.0,40.0,40.0,40.5,40.5,41.0,41.5,42.0,42.5,43.0,43.0,43.5,43.5,43.0,43.0,42.5,42.0,41.5,41.5,41.0,41.0,41.0,41.0,41.5,41.5,42.0,42.5,42.5,43.0,43.0,43.0,43.0,42.5,42.5,42.0,41.5,41.0,40.5,40.5,40.5,40.0,40.0,40.0,40.0,40.0,40.0,40.0,40.0,40.0,40.5,40.5,40.5,40.5,40.0,40.0,39.5,39.5,39.5,39.0,39.0,39.0,39.0,39.5,40.0,40.0,40.5,41.0,41.5,42.0,42.0,42.5,42.5,43.0,43.0,42.5,42.0,41.5,41.0,41.0,40.5,40.5,40.5,40.5,40.5,41.0,41.0,41.5,41.5,42.0,42.0,42.5,42.5,42.5,42.5,42.5,42.0,42.0,41.5,41.0,40.5,40.5,40.0,40.5,40.5,41.0,41.0,41.5,42.0,42.5,42.5,43.0,43.0,43.0,43.0,43.0,42.5,42.0,41.5,41.5,41.0,41.0,41.5,41.5,42.0,42.5,43.0,43.5,44.0,44.0,44.5,44.5,44.5,44.5,44.5,44.0,43.5,43.5,43.0,43.0,43.0,43.0,43.0,43.0,43.0,43.0,43.0,43.5,44.0,44.5,45.0,45.5,46.0,46.0,46.0,45.5,45.0,44.5,43.5,43.0,42.0,41.5,40.5,40.0,39.5,39.0,38.5,38.5,39.0,40.0,41.0,42.5,43.5,45.0,46.0,46.5,47.0,47.0,46.5,46.0,45.5,45.0,0.0,0.0
2.5,1.5,1.0,0.0,-0.5,-0.5,-0.5,-0.5,-0.5,-0.5,-1.0,-1.0,-1.5,-1.5,-2.0,-2.0,-2.5,-3.5,-4.5,-5.0,-5.5,-6.0,-6.0,-6.0,-5.5,-5.5,-5.0,-5.0,-4.5,-4.5,-5.0,-5.0,-5.5,-6.0,-6.0,-6.0,-6.0,-6.0,-6.0,-6.0,-6.5,-6.5,-7.0,-7.0,-6.5,-6.0,-6.0,-5.5,-5.5,-5.0,-5.0,-5.0,-5.0,-5.0,-5.5,-6.0,-6.5,-7.0,-7.5,-8.0,-8.5,-9.0,-9.0,-9.0,-8.5,-8.5,-8.0,-7.5,-7.0,-6.5,-6.5,-6.5,-6.5,-7.0,-8.0,-8.5,-9.5,-10.0,-10.0,-10.5,-10.0,-10.0,-9.5,-9.0,-8.5,-8.5,-8.5,-8.0,-8.0,-8.0,-8.0,-8.0,-8.0,-8.0,-8.0,-8.0,-7.5,-7.5,-7.5,-8.0,-8.0,-8.5,-9.0,-9.0,-9.0,-8.5,-8.5,-8.0,-8.0,-7.5,-7.0,-7.0,-7.0,-7.5,-8.0,-8.5,-9.0,-9.5,-10.0,-10.0,-10.5,-10.5,-10.5,-10.5,-10.5,-10.0,-10.0,-9.5,-9.0,-8.5,-8.0,-8.0,-8.0,-8.0,-8.5,-9.0,-9.5,-10.0,-10.5,-11.0,-11.5,-11.5,-12.0,-11.5,-11.5,-10.5,-10.0,-10.0,-9.5,-9.0,-8.5,-8.0,-8.0,-8.5,-9.0,-9.5,-10.0,-10.5,-11.0,-11.0,-11.5,-11.5,-12.0,-11.5,-11.5,-11.0,-10.5,-10.5,-10.0,-10.0,-10.0,-10.0,-10.0,-10.0,-10.0,-10.5,-10.5,-11.0,-11.5,-11.5,-12.0,-12.0,-11.5,-11.5,-11.0,-10.0,-9.5,-9.0,-9.0,-9.0,-9.0,-9.0,-9.0,-9.5,-10.0,-10.5,-11.0,-11.0,-11.5,-12.0,-12.0,-12.0,-12.0,-11.5,-11.5,-11.0,-10.5,-10.5,-10.0,-10.0,-10.0,-10.0,-10.0,-10.0,-10.5,-11.0,-11.5,-12.5,-13.0,-13.5,-14.0,-14.5,-14.5,-14.5,-14.5,-14.0,-13.5,-13.0,-13.0,-12.5,-12.5,-12.5,-12.5,-13.0,-13.0,-13.5,-14.0,-14.5,-15.0,-15.5,-16.5,-16.5,-17.0,-17.0,-17.0,-17.0,-17.0,-17.0,-17.0,-17.0,-17.0,-16.5,-16.5,-16.5,-16.0,-16.0,-16.0,-16.0,-16.5,-16.5,-16.5,-16.5,-16.0,-15.5,-15.0,-15.0,-14.5,-14.0,-14.0,-13.5,-13.5,-13.5,-13.5,-13.5,-14.0,-14.0,-14.5,-15.0,-15.5,-16.0,-16.5,-16.5,-16.5,-16.5,-16.0,-15.5,-15.5,-15.0,-15.0,-15.0,-15.0,-15.0,-15.0,-15.5,-15.5,-16.0,-17.0,-17.5,-17.5,-18.0,-18.5,-18.5,-19.0,-18.5,-18.0,-17.5,-16.5,-16.0,-15.0,-15.0,-14.5,-14.0,-14.0,-14.0,-14.0,-14.0,-14.0,-14.5,-14.5,-15.0,0.0,0.0
56.0,56.0,56.0,56.0,56.0,56.5,56.5,56.5,56.5,56.5,56.5,56.5,56.5,56.0,56.0,55.5,55.5,55.0,54.5,54.5,54.5,54.5,55.0,55.5,56.0,56.5,57.0,57.5,57.5,58.0,58.0,58.0,57.5,57.5,57.0,57.0,57.0,57.0,57.0,57.0,57.0,57.0,57.5,57.5,57.5,57.5,57.0,57.0,57.0,57.0,57.0,57.0,56.5,56.0,56.0,55.5,55.5,55.0,55.0,54.5,54.5,54.0,54.0,54.0,54.5,54.5,55.0,55.0,55.0,55.0,54.5,54.5,54.5,54.5,54.5,54.0,54.0,54.0,54.0,54.5,55.0,55.5,56.0,56.0,56.5,57.0,57.5,58.5,59.0,60.0,60.0,60.0,60.0,59.5,59.0,58.5,58.5,58.0,58.0,57.5,57.5,57.5,57.5,57.5,58.0,58.0,58.5,58.5,58.5,58.5,58.5,58.0,58.0,58.0,58.0,58.0,58.0,58.0,58.0,58.0,58.0,58.0,58.5,59.0,59.5,60.0,60.5,60.5,60.5,60.5,60.5,60.0,60.0,59.5,59.5,59.5,59.5,59.0,59.0,59.0,59.0,59.5,59.5,60.0,60.5,61.0,61.0,61.5,61.5,61.5,62.0,61.5,61.5,61.0,60.5,60.5,60.5,60.5,61.0,61.0,61.5,61.5,61.0,61.0,60.5,59.5,58.0,56.5,55.0,53.0,51.0,48.5,46.5,44.5,43.0,41.5,41.0,40.5,41.0,42.0,44.0,46.5,50.5,55.5,61.0,67.5,75.0,83.0,91.0,98.0,105.0,111.5,118.5,125.0,132.0,139.0,145.0,150.5,154.5,157.0,159.0,160.5,160.5,160.0,158.5,155.0,150.5,145.0,139.5,133.5,127.5,121.0,115.0,108.5,103.0,97.5,92.5,88.0,84.5,81.0,78.0,76.0,74.0,72.5,71.5,71.0,71.0,70.5,70.5,70.5,70.5,70.0,69.5,69.0,68.5,68.0,67.5,67.5,67.0,67.0,67.0,67.0,67.0,67.5,67.5,67.5,67.5,67.5,67.0,66.5,65.5,64.0,63.0,61.5,60.0,59.0,58.0,58.0,58.5,59.0,60.5,61.5,63.0,64.5,66.0,67.0,68.0,69.0,69.5,69.5,69.0,69.0,68.0,67.5,67.0,66.0,65.0,64.5,64.0,64.0,64.5,64.5,65.0,65.0,65.5,66.0,66.0,66.0,66.5,66.0,66.0,65.5,65.0,65.0,64.5,64.5,64.0,64.0,63.5,63.5,63.0,63.0,63.0,63.5,63.5,64.0,64.0,64.5,65.0,65.0,65.0,65.0,64.5,64.0,63.5,63.5,63.0,63.5,63.5,63.5,0.0,0.0
22.0,22.5,23.0,23.0,23.5,23.5,23.0,22.5,22.0,21.5,21.5,21.0,21.0,21.0,21.0,21.5,21.5,22.0,22.0,22.5,22.5,23.0,23.0,23.5,23.0,21.5,20.0,18.5,16.0,14.0,11.5,9.0,7.0,5.0,3.5,3.0,2.5,2.5,2.5,3.5,4.5,6.5,9.0,12.5,17.0,22.0,27.5,34.0,41.0,48.0,54.5,61.0,67.0,73.5,80.0,87.0,93.5,99.5,104.0,107.5,110.0,111.5,112.0,112.0,110.5,108.0,104.5,99.5,94.0,88.5,83.0,77.0,71.5,66.0,61.0,56.0,51.5,47.0,43.0,40.0,37.0,34.5,32.5,31.0,29.5,28.5,28.0,27.5,27.0,27.0,26.5,26.5,26.0,26.0,25.5,25.5,25.5,26.0,26.5,27.0,27.5,27.5,27.5,27.5,27.5,27.0,26.5,26.0,25.5,25.0,24.0,23.5,23.0,23.0,23.0,23.0,23.5,24.0,24.5,25.0,25.0,25.5,25.5,26.0,26.0,26.0,26.0,26.0,25.5,25.0,25.0,24.5,24.0,24.0,24.0,24.0,24.0,24.5,25.0,25.0,25.5,25.5,26.0,26.0,25.5,25.5,25.5,25.0,25.0,24.5,24.0,23.5,23.0,23.0,23.0,23.5,24.0,24.5,24.5,25.0,25.5,25.5,25.5,26.0,26.0,25.5,25.5,25.0,25.0,24.5,24.0,23.5,23.0,23.0,23.0,23.0,23.0,23.0,23.5,24.0,24.0,24.0,24.0,24.0,24.0,24.0,24.0,24.5,24.5,24.5,24.0,24.0,23.5,23.5,23.5,23.5,23.5,23.5,24.0,24.5,24.5,25.0,25.0,25.5,25.5,25.5,25.5,25.0,25.0,24.5,24.0,24.0,23.5,23.5,23.0,23.0,23.5,23.5,24.0,24.0,24.5,24.5,24.5,25.0,25.0,25.5,25.5,25.0,25.0,24.5,24.5,24.0,24.0,23.5,23.5,23.5,24.0,24.0,24.5,25.0,25.0,25.0,25.0,25.0,25.5,25.5,25.0,25.0,24.5,24.5,24.0,23.5,23.0,22.5,22.0,21.5,21.0,20.5,20.5,20.0,19.5,19.0,19.0,19.5,20.0,21.0,22.0,23.0,23.5,24.5,25.0,25.5,26.0,26.5,26.5,27.0,27.0,27.0,27.0,27.0,27.0,27.0,27.0,26.5,26.5,26.0,25.5,25.0,24.5,24.0,23.5,23.0,23.0,23.0,23.0,23.0,23.0,23.5,23.5,24.0,24.0,24.5,24.5,24.5,24.5,24.5,24.0,24.0,23.5,23.0,22.5,22.5,22.0,22.0,22.0,22.0,22.5,23.0,23.5,23.5,0.0,0.0
21.0,21.0,21.5,22.0,23.5,26.0,29.5,33.5,38.5,44.5,51.0,58.0,65.0,72.0,79.0,85.5,92.5,99.5,106.0,112.0,117.0,121.0,123.5,125.0,126.0,126.5,126.5,125.5,124.0,121.5,118.5,114.5,110.0,105.5,100.5,95.5,90.0,84.5,79.0,74.0,69.5,65.0,61.5,58.0,55.0,52.5,50.5,49.0,48.0,47.5,47.0,47.5,47.5,48.0,48.5,48.5,49.0,49.0,48.5,48.0,47.5,47.5,47.0,46.5,46.5,46.0,46.0,46.0,45.5,45.5,46.0,46.0,46.0,46.5,46.5,47.0,47.0,47.5,47.5,47.5,47.0,46.5,46.0,45.5,45.0,45.0,45.0,44.5,44.5,44.5,44.5,45.0,45.5,45.5,46.0,46.5,46.5,46.5,46.5,46.0,46.0,45.5,45.5,45.0,45.0,45.0,45.0,45.0,45.5,45.5,46.0,46.0,46.0,46.0,46.5,46.5,47.0,47.0,47.0,46.5,46.5,46.0,45.5,45.5,45.0,45.0,45.0,45.0,45.5,45.5,46.0,46.0,46.5,46.5,47.0,47.0,47.5,47.5,47.0,47.0,47.0,46.5,46.0,46.0,46.0,46.0,46.0,46.0,45.5,45.5,45.0,45.0,45.0,45.5,45.5,45.5,45.5,45.5,45.5,45.0,44.5,44.5,44.0,43.5,43.5,43.5,43.5,44.0,44.0,44.5,45.0,45.0,45.5,46.0,46.0,46.5,46.5,46.5,46.5,46.0,45.5,45.5,45.0,44.5,44.0,43.5,43.0,42.5,42.5,42.5,42.5,43.0,43.0,43.0,43.0,43.0,43.0,43.0,43.0,43.0,42.5,42.5,42.0,41.5,41.0,41.0,40.5,40.5,40.5,41.0,41.5,42.0,42.5,43.0,43.0,43.5,44.0,44.0,44.0,44.0,44.0,44.0,43.5,43.5,43.0,42.5,42.0,42.0,42.0,42.5,42.5,43.0,43.5,43.5,44.0,44.0,44.5,44.5,44.5,44.5,44.5,44.5,44.5,44.5,44.5,44.5,44.5,44.5,44.5,44.5,45.0,45.0,45.5,45.5,46.0,46.0,46.5,46.5,46.5,46.5,46.0,46.0,45.5,45.0,44.5,43.5,43.0,43.0,43.0,43.5,44.5,44.5,45.0,45.5,45.5,46.0,46.0,46.0,46.0,45.5,44.5,43.5,42.5,41.5,41.0,40.0,39.5,38.5,38.5,38.5,38.5,39.5,41.0,42.5,44.0,45.5,47.0,48.0,49.0,49.5,50.0,49.5,49.5,48.5,48.0,47.0,46.5,46.0,45.5,45.5,45.5,46.0,46.0,46.0,46.0,46.0,46.0,46.0,46.0,46.0,0.0,0.0
92.5,93.0,93.5,93.5,94.0,94.0,93.5,93.5,93.0,92.5,92.0,92.0,91.5,91.5,91.5,91.5,91.5,92.0,92.0,92.5,93.0,93.0,93.5,93.5,93.5,93.5,93.0,93.0,92.5,92.5,92.5,92.5,92.0,92.0,92.0,92.0,92.5,92.5,93.0,93.5,93.5,93.0,92.5,91.5,90.5,89.5,88.5,88.0,87.0,86.0,86.0,86.0,86.5,87.5,89.0,90.5,92.0,93.5,95.0,96.0,97.0,97.5,98.0,98.0,98.0,98.0,98.0,97.5,97.5,97.5,97.0,96.5,96.0,95.5,95.0,95.0,95.0,95.0,95.0,95.5,95.5,95.5,96.0,96.0,96.5,96.5,96.0,96.0,96.0,95.5,95.5,95.0,94.5,94.5,94.5,94.5,95.0,95.5,96.0,96.5,96.5,97.0,97.0,97.0,97.0,96.5,96.5,96.0,96.0,95.5,95.5,95.0,95.0,95.0,95.0,95.0,95.5,96.0,96.5,97.0,97.5,98.0,98.5,98.5,98.5,98.5,98.5,98.5,98.0,97.5,97.0,97.0,96.5,96.5,96.5,96.5,96.5,96.5,97.0,97.0,97.5,97.5,97.5,97.5,97.0,96.5,95.0,93.5,91.5,89.0,86.0,83.5,81.0,79.0,78.0,77.0,77.0,77.0,77.5,78.0,79.5,81.0,83.0,86.5,90.5,95.0,101.0,107.0,113.5,120.5,127.5,134.0,140.0,146.0,152.5,159.0,165.5,171.5,176.5,180.5,183.0,185.0,186.0,186.5,186.0,184.0,181.0,176.5,172.0,166.5,161.0,155.5,149.5,144.0,138.5,133.5,128.5,124.0,120.0,116.5,113.5,111.0,109.0,107.0,105.5,104.5,103.5,102.5,102.0,101.5,101.0,100.5,100.0,99.5,99.0,99.0,98.5,99.0,99.0,99.0,99.5,100.0,100.0,100.0,100.0,100.0,99.5,99.0,98.5,98.0,97.5,97.0,97.0,97.0,97.0,97.0,97.0,97.0,97.0,97.5,98.0,98.0,98.0,98.5,99.0,99.0,99.0,99.0,98.5,98.0,97.5,97.0,96.5,96.5,96.5,97.0,97.0,97.0,97.5,98.0,98.0,98.5,98.5,99.0,99.0,98.5,98.5,98.0,97.5,97.0,96.5,96.5,96.0,96.5,96.5,97.0,97.0,97.5,97.5,98.0,98.0,98.5,98.5,98.5,98.5,98.5,98.0,98.0,97.5,97.5,97.0,97.0,96.5,96.5,96.5,96.5,96.5,96.5,97.0,97.5,97.5,98.0,98.5,98.5,99.0,99.0,99.0,99.0,98.5,98.0,98.0,97.5,97.5,97.5,97.0,97.0,97.0,97.5,98.0,98.0,0.0,0.0
34.0,34.5,34.5,35.0,35.0,35.5,35.5,36.0,36.0,36.5,36.5,36.5,36.5,36.5,36.5,36.0,35.5,35.5,35.0,35.0,35.0,35.5,36.0,36.5,37.0,37.5,38.0,38.5,38.5,38.5,38.0,37.5,37.0,37.0,36.5,36.5,36.0,36.0,36.0,36.0,36.5,36.5,37.0,37.0,37.5,37.5,37.5,37.5,37.5,37.5,37.0,37.0,36.5,36.0,35.5,35.0,35.0,34.5,35.0,35.0,35.5,35.5,36.0,36.5,37.0,37.0,37.5,37.5,37.5,37.5,37.5,37.5,37.0,37.0,37.0,37.0,37.0,37.0,37.0,37.0,37.5,37.5,38.0,38.5,39.0,39.5,40.0,40.0,40.0,40.0,40.0,39.5,39.0,39.0,38.5,38.0,38.0,37.5,37.5,37.5,37.5,38.0,38.5,38.5,39.0,39.5,39.5,40.0,40.0,40.0,39.5,39.0,38.5,38.0,37.5,37.5,37.0,36.5,36.5,37.0,37.0,37.5,37.5,37.5,37.5,37.5,38.0,38.0,37.5,37.5,37.0,36.5,36.5,36.0,35.5,35.5,35.0,35.0,34.5,34.5,34.5,34.5,35.0,35.5,35.5,36.0,36.5,36.5,36.5,36.5,36.0,35.5,35.0,34.5,34.0,33.5,33.5,33.0,33.0,33.0,33.0,33.5,33.5,33.5,34.0,34.0,34.5,34.5,34.5,34.0,34.0,34.0,33.5,33.0,33.0,32.5,32.0,31.5,31.5,31.5,32.0,32.0,32.5,33.0,33.0,33.5,33.5,34.0,34.0,33.5,33.0,32.5,32.0,31.5,31.0,30.5,30.0,30.0,30.0,30.0,30.0,30.5,30.5,31.0,31.0,31.5,31.5,31.5,31.0,31.0,30.5,30.0,29.5,29.5,29.0,29.0,28.5,28.5,28.5,29.0,29.0,29.5,30.0,30.5,31.0,31.5,31.5,32.0,32.0,31.5,31.0,30.5,30.0,29.5,29.0,29.0,29.0,29.0,29.0,29.0,29.0,29.5,29.5,30.0,30.5,31.0,31.5,31.5,31.5,31.0,30.5,30.0,29.5,29.0,28.5,28.0,27.5,27.5,27.0,27.0,27.0,27.5,28.0,28.0,28.5,29.0,29.5,30.0,30.5,30.5,30.5,30.0,30.0,29.5,29.0,28.5,28.0,27.0,26.5,26.0,25.5,25.0,24.5,24.0,23.5,23.5,23.5,23.5,24.0,25.0,26.0,26.5,27.0,27.5,27.5,28.0,28.0,28.5,29.0,29.0,29.0,29.0,29.0,28.5,28.0,27.5,27.0,26.5,26.5,26.0,25.5,25.0,24.5,24.0,23.5,23.5,23.5,23.5,23.5,23.5,0.0,0.0
13.0,13.0,13.0,13.0,13.5,13.5,14.0,14.0,13.5,13.5,13.0,13.0,13.0,12.5,12.5,12.5,12.0,12.0,12.0,12.0,12.0,12.5,13.0,13.0,13.5,13.5,13.5,13.5,13.5,13.5,13.0,13.0,12.5,12.0,12.0,11.5,11.0,10.5,10.5,10.0,10.0,10.0,10.5,10.5,11.0,11.5,11.5,11.5,11.5,11.5,11.0,10.5,10.0,9.5,9.5,9.5,10.0,10.0,10.5,10.5,10.5,11.0,11.0,11.5,11.5,12.0,12.0,11.5,11.5,11.0,10.5,10.0,9.0,8.5,8.0,7.5,7.5,7.0,7.0,7.5,7.5,8.0,8.5,9.0,9.5,10.0,10.5,10.5,10.5,10.5,10.0,9.5,9.5,9.0,9.0,9.0,9.0,9.0,9.0,9.5,10.0,10.5,11.0,11.5,12.0,12.5,12.5,12.5,12.0,12.0,11.5,11.0,10.0,10.0,9.5,9.0,9.0,9.0,9.5,10.0,10.0,10.5,11.0,11.5,11.5,12.0,12.0,12.0,12.0,12.0,12.0,11.5,11.0,10.0,9.5,9.0,8.5,8.0,8.0,7.5,7.5,8.0,8.0,8.5,8.5,8.5,8.5,9.0,9.0,9.0,8.5,8.5,8.0,7.5,7.0,6.5,6.0,5.5,5.0,5.0,5.0,5.5,6.0,6.5,7.0,7.5,8.0,8.0,8.0,8.0,7.5,7.0,6.5,5.5,5.0,5.0,4.5,5.0,5.0,5.0,5.0,5.5,5.5,6.0,6.5,7.0,7.0,7.0,7.0,7.0,6.5,6.0,5.5,5.0,5.0,4.5,4.5,4.5,4.5,4.5,4.5,4.5,4.5,4.5,5.0,5.5,5.5,5.5,5.5,5.5,5.5,5.5,5.0,5.0,4.5,4.0,3.5,3.0,3.0,3.5,4.0,4.5,5.5,6.5,7.0,7.5,8.0,8.0,7.5,7.0,6.5,6.0,5.5,4.5,4.0,3.5,3.0,2.5,2.5,3.0,4.0,4.5,5.5,6.5,7.0,7.5,7.5,7.5,7.0,6.5,6.0,5.5,5.0,4.5,4.0,3.5,3.5,3.5,3.5,4.0,4.5,5.0,5.5,5.5,6.0,6.5,6.5,7.0,6.5,6.5,6.0,6.0,5.5,5.0,4.5,4.0,3.5,3.5,3.5,3.5,3.5,3.5,4.0,4.5,5.0,5.5,5.5,6.0,6.0,5.5,4.5,3.5,2.0,0.5,-1.0,-1.5,-2.0,-2.0,-1.0,0.0,1.5,3.0,4.5,6.0,7.5,8.5,9.0,9.5,9.5,9.5,9.0,8.5,8.0,7.0,6.5,6.0,5.5,5.0,4.5,4.5,0.0,0.0
-3.0,-3.0,-3.0,-3.0,-2.0,-1.0,0.0,1.0,2.5,3.5,4.5,5.5,5.5,6.0,5.5,5.0,4.5,4.0,3.0,2.5,1.5,1.0,0.0,-0.5,-0.5,-0.5,-0.5,-0.5,-0.5,-1.0,-1.0,-1.5,-1.5,-2.0,-2.0,-2.5,-3.5,-4.5,-5.0,-5.5,-6.0,-6.0,-6.0,-5.5,-5.5,-5.0,-5.0,-4.5,-4.5,-5.0,-5.0,-5.5,-6.0,-6.0,-6.0,-6.0,-6.0,-6.0,-6.0,-6.5,-6.5,-7.0,-7.0,-6.5,-6.0,-6.0,-5.5,-5.5,-5.0,-5.0,-5.0,-5.0,-5.0,-5.5,-6.0,-6.5,-7.0,-7.5,-8.0,-8.5,-9.0,-9.0,-9.0,-8.5,-8.5,-8.0,-7.5,-7.0,-6.5,-6.5,-6.5,-6.5,-7.0,-8.0,-8.5,-9.5,-10.0,-10.0,-10.5,-10.0,-10.0,-9.5,-9.0,-8.5,-8.5,-8.5,-8.0,-8.0,-8.0,-8.0,-8.0,-8.0,-8.0,-8.0,-8.0,-7.5,-7.5,-7.5,-8.0,-8.0,-8.5,-9.0,-9.0,-9.0,-8.5,-8.5,-8.0,-8.0,-7.5,-7.0,-7.0,-7.0,-7.5,-8.0,-8.5,-9.0,-9.5,-10.0,-10.0,-10.5,-10.5,-10.5,-10.5,-10.5,-10.0,-10.0,-9.5,-9.0,-8.5,-8.0,-8.0,-8.0,-8.0,-8.5,-9.0,-9.5,-10.0,-10.5,-11.0,-11.5,-11.5,-12.0,-11.5,-11.5,-10.5,-10.0,-10.0,-9.5,-9.0,-8.5,-8.0,-8.0,-8.5,-9.0,-9.5,-10.0,-10.5,-11.0,-11.0,-11.5,-11.5,-12.0,-11.5,-11.5,-11.0,-10.5,-10.5,-10.0,-10.0,-10.0,-10.0,-10.0,-10.0,-10.0,-10.5,-10.5,-11.0,-11.5,-11.5,-12.0,-12.0,-11.5,-11.5,-11.0,-10.0,-9.5,-9.0,-9.0,-9.0,-9.0,-9.0,-9.0,-9.5,-10.0,-10.5,-11.0,-11.0,-11.5,-12.0,-12.0,-12.0,-12.0,-11.5,-11.5,-11.0,-10.5,-10.5,-10.0,-10.0,-10.0,-10.0,-10.0,-10.0,-10.5,-11.0,-11.5,-12.5,-13.0,-13.5,-14.0,-14.5,-14.5,-14.5,-14.5,-14.0,-13.5,-13.0,-13.0,-12.5,-12.5,-12.5,-12.5,-13.0,-13.0,-13.5,-14.0,-14.5,-15.0,-15.5,-16.5,-16.5,-17.0,-17.0,-17.0,-17.0,-17.0,-17.0,-17.0,-17.0,-17.0,-16.5,-16.5,-16.5,-16.0,-16.0,-16.0,-16.0,-16.5,-16.5,-16.5,-16.5,-16.0,-15.5,-15.0,-15.0,-14.5,-14.0,-14.0,-13.5,-13.5,-13.5,-13.5,-13.5,-14.0,-14.0,-14.5,-15.0,-15.5,-16.0,-16.5,-16.5,-16.5,-16.5,-16.0,-15.5,-15.5,-15.0,-15.0,-15.0,-15.0,-15.0,-15.0,-15.5,-15.5,-16.0,-17.0,-17.5,-17.5,-18.0,-18.5,0.0,0.0
2.5,2.5,3.0,3.0,3.0,2.5,2.5,2.0,1.5,1.5,1.0,1.0,1.0,1.0,1.5,1.5,1.5,1.5,1.5,1.0,0.0,-1.0,-2.5,-4.0,-6.0,-8.0,-10.5,-12.5,-14.5,-16.5,-18.0,-19.0,-19.5,-20.0,-19.5,-18.0,-15.5,-12.5,-8.5,-4.0,1.0,7.0,13.0,20.0,26.5,33.5,39.5,45.5,50.5,56.0,61.0,65.0,69.0,72.0,73.5,74.5,75.0,75.0,74.5,74.0,73.0,71.0,68.5,65.0,61.0,57.0,52.0,47.0,42.0,36.5,31.5,26.5,22.0,18.0,14.5,11.5,9.0,7.0,6.0,5.0,4.5,4.5,4.5,4.5,4.5,4.5,4.5,3.5,3.0,2.0,1.5,1.0,0.5,0.0,0.0,0.0,0.5,0.5,0.5,0.5,1.0,1.0,1.0,1.0,1.0,1.0,0.5,0.0,-0.5,-1.0,-1.5,-1.5,-2.0,-2.0,-2.0,-2.0,-1.5,-1.5,-1.0,-0.5,0.0,1.0,1.0,1.5,1.5,1.5,1.0,0.5,0.0,-0.5,-1.0,-1.0,-1.5,-1.5,-1.0,-1.0,-0.5,-0.5,0.0,0.0,0.5,1.0,1.0,1.5,1.0,1.0,1.0,1.0,0.5,0.5,0.0,0.0,-0.5,-0.5,-0.5,-0.5,-0.5,0.0,0.5,1.0,1.0,1.0,1.0,1.0,1.0,1.5,1.5,1.5,1.0,0.5,0.0,-0.5,-1.0,-1.0,-1.0,-1.0,-0.5,-0.5,0.0,0.5,0.5,1.0,1.0,1.5,1.5,1.5,1.5,1.5,1.5,1.0,0.5,0.5,0.0,-0.5,-0.5,-0.5,0.0,0.5,1.0,1.5,2.0,2.0,2.5,2.5,2.5,2.5,2.5,2.0,1.5,1.0,0.5,0.0,-0.5,-0.5,-0.5,-0.5,-0.5,0.0,0.0,0.5,1.0,1.0,1.5,1.5,2.0,2.0,2.0,1.5,1.5,1.0,0.5,0.0,0.0,-0.5,0.0,0.0,0.0,0.5,0.5,0.5,0.5,0.5,0.5,0.5,0.0,-0.5,-0.5,-1.0,-1.5,-1.5,-2.0,-2.0,-2.0,-2.0,-1.5,-1.5,-1.0,0.0,0.5,1.5,2.5,3.5,4.0,4.0,4.0,4.0,4.0,3.5,3.5,3.0,3.0,2.5,2.5,2.5,3.0,3.5,4.0,4.5,4.5,5.0,5.0,4.5,4.0,4.0,3.5,3.0,2.5,2.0,2.0,1.5,1.0,0.5,0.0,0.0,0.0,0.0,0.5,1.0,1.0,1.5,1.5,2.0,2.0,2.0,2.5,2.5,2.5,2.5,3.0,3.0,2.5,2.5,2.0,2.0,2.0,2.0,2.0,2.0,2.0,2.0,0.0,0.0
73.0,73.5,73.5,73.5,74.0,74.0,73.5,73.5,73.5,73.5,73.0,72.5,72.0,71.5,71.0,71.0,71.0,71.0,71.5,72.0,72.5,73.0,73.0,73.0,73.5,73.5,73.5,73.0,73.0,72.5,72.5,72.5,72.5,72.5,72.5,72.5,72.5,72.5,73.0,73.5,73.5,74.0,74.0,74.5,74.0,74.0,73.5,73.5,73.5,73.0,73.0,72.5,72.5,72.5,72.0,72.0,71.5,71.5,71.5,71.5,72.0,72.5,72.5,73.0,73.0,73.0,73.0,73.0,72.5,72.5,72.0,72.0,72.0,72.0,72.0,72.0,72.5,73.0,73.0,73.5,74.0,74.0,74.0,74.5,74.5,74.5,74.5,74.5,74.0,74.0,74.0,74.0,74.0,74.5,74.5,75.0,75.5,75.5,76.0,76.5,76.5,77.0,77.5,78.0,78.0,78.0,78.0,78.0,77.5,77.5,77.0,76.5,76.5,76.0,75.5,75.0,75.0,75.0,75.0,75.5,76.0,76.5,76.5,77.0,77.0,77.0,76.5,76.5,76.0,75.5,75.0,75.0,74.5,74.5,74.5,74.5,75.0,75.0,75.5,75.5,76.0,76.5,77.0,77.0,77.0,76.5,76.5,76.5,76.5,76.0,76.0,76.0,75.5,75.5,75.5,75.5,75.5,75.5,75.5,76.0,76.0,76.5,77.0,77.0,77.5,77.5,77.0,77.0,76.5,76.0,76.0,75.5,75.5,75.5,75.0,75.0,75.5,76.0,76.5,77.0,77.5,78.0,78.5,78.5,78.5,78.5,78.5,78.5,78.5,78.0,78.0,78.0,77.5,77.5,77.0,77.0,77.0,77.0,77.0,77.5,77.5,78.0,78.0,78.5,78.5,78.5,78.5,78.5,78.5,78.0,77.5,77.5,77.0,77.0,76.5,76.5,76.5,76.5,77.0,77.0,77.5,77.5,78.0,78.0,78.5,79.0,79.0,78.5,78.5,78.0,78.0,77.5,77.5,77.0,77.0,77.0,77.0,77.0,77.0,77.5,77.5,77.5,77.5,77.5,77.5,77.5,77.5,77.5,77.0,76.5,76.5,76.0,76.0,75.5,75.5,75.5,75.5,75.5,75.5,75.5,76.0,76.0,76.5,77.0,77.5,77.5,78.0,78.0,77.5,77.5,77.0,77.0,76.5,76.5,76.0,76.5,76.5,77.0,77.5,77.5,78.0,78.5,78.5,78.5,78.5,78.5,78.0,77.5,76.5,75.5,74.5,73.5,72.5,71.5,70.5,70.0,69.5,69.5,70.0,71.0,72.0,73.5,75.0,76.5,77.5,78.5,79.0,79.0,79.0,79.0,79.0,79.0,79.0,78.5,78.0,77.5,77.0,76.5,76.5,76.5,0.0,0.0
51.0,50.5,50.5,50.5,50.5,50.0,49.5,49.5,49.0,48.5,47.5,47.0,46.0,46.0,45.5,46.0,47.0,48.0,49.0,50.0,51.5,52.5,53.5,54.5,55.5,56.0,56.5,57.0,57.0,57.0,56.5,56.0,55.0,54.0,53.0,52.5,52.0,51.5,51.0,51.0,51.5,51.5,52.0,52.5,53.0,53.5,54.0,54.0,54.0,54.0,54.0,53.5,53.5,53.0,52.5,51.5,51.0,50.5,50.5,50.5,50.5,51.0,51.5,52.0,52.5,53.0,53.0,53.5,53.5,53.5,53.5,53.5,53.5,53.5,53.5,53.0,53.0,53.0,53.0,53.5,53.5,53.5,53.5,54.0,54.5,55.0,55.5,55.5,55.5,55.5,55.5,55.0,54.5,54.5,54.0,54.0,54.0,53.5,53.5,53.5,53.5,53.5,53.5,53.5,53.5,53.5,53.5,54.0,54.0,53.5,53.5,53.5,53.0,53.0,53.0,52.5,52.0,52.0,52.0,52.0,52.0,52.5,53.0,53.5,54.0,54.5,55.0,55.5,55.5,55.5,55.5,55.0,55.0,54.5,54.0,53.5,53.5,53.0,53.0,53.5,53.5,53.5,54.0,54.5,54.5,55.0,55.0,55.0,55.5,55.5,55.0,54.5,54.5,54.0,54.0,53.5,53.5,53.5,53.0,53.0,53.0,53.0,53.5,54.0,54.5,55.0,55.5,56.0,56.5,57.0,57.0,57.0,57.0,56.5,56.5,56.0,56.0,55.5,55.5,55.5,56.0,56.0,56.0,56.0,56.0,56.5,56.5,56.5,56.5,56.5,56.5,56.5,56.5,56.0,56.0,55.5,55.5,55.0,54.5,54.5,54.5,54.5,55.0,55.5,56.0,56.5,57.0,57.5,57.5,58.0,58.0,58.0,57.5,57.5,57.0,57.0,57.0,57.0,57.0,57.0,57.0,57.0,57.5,57.5,57.5,57.5,57.0,57.0,57.0,57.0,57.0,57.0,56.5,56.0,56.0,55.5,55.5,55.0,55.0,54.5,54.5,54.0,54.0,54.0,54.5,54.5,55.0,55.0,55.0,55.0,54.5,54.5,54.5,54.5,54.5,54.0,54.0,54.0,54.0,54.5,55.0,55.5,56.0,56.0,56.5,57.0,57.5,58.5,59.0,60.0,60.0,60.0,60.0,59.5,59.0,58.5,58.5,58.0,58.0,57.5,57.5,57.5,57.5,57.5,58.0,58.0,58.5,58.5,58.5,58.5,58.5,58.0,58.0,58.0,58.0,58.0,58.0,58.0,58.0,58.0,58.0,58.0,58.5,59.0,59.5,60.0,60.5,60.5,60.5,60.5,60.5,60.0,60.0,59.5,59.5,59.5,59.5,59.0,59.0,59.0,0.0,0.0
50.0,50.0,50.0,50.5,50.5,50.5,50.5,50.5,50.5,50.5,50.0,49.5,49.0,48.0,47.0,46.0,45.0,44.0,43.5,43.5,44.0,45.0,46.5,48.0,49.5,51.0,52.5,53.0,53.5,53.5,53.5,53.0,53.0,52.5,52.0,51.5,51.0,50.0,49.5,49.0,49.0,48.5,48.5,48.5,48.5,48.5,48.5,48.5,49.0,48.5,48.5,48.5,48.5,48.5,48.5,48.5,48.0,47.5,47.0,47.0,46.5,46.5,47.0,47.0,47.5,48.0,48.0,48.5,48.5,49.0,49.0,49.0,49.0,49.0,48.5,48.0,48.0,47.5,47.5,47.0,47.0,47.0,47.0,47.5,47.5,48.0,48.5,48.5,49.0,49.0,49.0,49.0,48.5,48.5,48.0,47.5,47.0,47.0,47.0,46.5,47.0,47.0,47.0,47.5,48.0,48.5,49.0,49.0,49.5,49.5,50.0,50.0,49.5,49.5,50.0,50.0,50.0,50.0,50.0,50.0,50.0,50.0,50.0,50.5,50.5,51.0,51.0,51.5,51.5,51.5,51.5,51.5,51.5,51.0,51.0,50.5,50.5,50.0,50.0,50.0,50.0,50.0,50.5,50.5,50.5,51.0,51.5,51.5,51.5,52.0,52.0,52.0,52.0,52.0,51.5,51.0,50.5,50.0,49.5,49.0,49.0,49.0,49.5,50.0,50.5,51.0,51.0,51.5,51.5,51.5,51.5,51.5,51.5,51.5,51.0,50.5,50.5,50.0,49.5,49.0,49.0,49.0,49.5,49.5,50.0,50.0,50.5,51.0,51.5,51.5,51.5,51.5,51.5,51.5,51.5,51.0,51.0,50.5,50.0,49.5,49.5,49.5,49.5,49.5,50.0,50.0,50.0,50.5,50.5,50.5,51.0,51.0,50.5,50.5,50.5,50.5,50.5,50.5,50.5,50.5,50.5,50.5,50.5,50.5,50.5,50.5,51.0,51.5,52.0,52.5,52.5,53.0,53.0,53.0,53.0,52.5,52.5,52.0,52.0,52.0,52.5,52.5,52.5,52.5,52.5,52.5,53.0,53.0,53.5,54.0,54.0,54.0,54.0,53.5,53.5,53.5,53.0,53.0,52.5,52.5,52.5,52.5,53.0,53.5,53.5,54.0,54.0,54.5,54.5,54.5,54.5,54.5,54.5,54.5,54.5,54.5,54.0,54.0,53.5,53.0,52.5,52.0,52.0,52.0,52.0,52.5,52.5,52.5,53.0,53.0,53.0,53.0,52.5,52.5,52.0,52.0,52.0,51.5,51.5,51.5,51.5,52.0,52.5,52.5,53.0,53.5,53.5,54.0,54.0,54.5,54.5,54.5,54.0,54.0,53.5,53.0,52.5,52.0,52.0,51.5,0.0,0.0
78.5,78.5,78.5,79.0,79.0,79.5,79.5,80.0,80.0,80.0,80.0,80.0,80.0,79.5,79.5,79.0,79.0,78.5,78.0,78.0,78.0,78.5,79.0,79.0,79.5,80.0,80.0,80.5,81.0,81.0,81.0,80.5,80.5,80.0,79.5,79.5,79.0,79.0,79.0,78.5,78.5,78.5,78.5,79.0,79.0,79.5,79.5,80.0,80.0,80.0,80.0,79.5,79.5,79.0,79.0,78.5,78.5,78.5,78.5,79.0,79.0,79.5,79.5,80.0,80.0,80.5,81.0,81.5,81.5,82.0,82.0,82.0,81.5,81.0,80.5,80.0,80.0,79.5,79.5,79.5,79.5,79.5,79.5,80.0,80.0,80.5,80.5,81.0,81.0,81.0,81.0,81.0,81.0,81.0,81.0,80.5,80.0,80.0,79.5,79.5,79.0,79.0,79.5,79.5,80.0,81.0,81.5,82.0,82.5,82.5,82.5,82.5,82.0,82.0,81.5,81.0,80.5,80.0,80.0,80.0,80.0,80.0,80.0,80.5,80.5,81.0,81.0,81.5,82.0,82.0,82.0,82.0,81.5,81.5,81.0,80.5,80.5,80.0,80.0,80.0,80.0,80.5,80.5,81.0,81.5,81.5,82.0,82.5,83.0,83.5,84.0,84.0,84.0,84.0,83.5,83.5,83.0,82.5,82.5,83.0,83.0,83.0,83.0,83.5,83.5,84.0,84.0,84.0,84.5,84.5,84.0,84.0,84.0,84.0,83.5,83.5,83.0,83.0,82.5,82.5,82.5,82.5,82.5,83.0,83.0,83.0,83.0,83.5,83.5,83.5,83.5,83.5,83.5,83.5,83.0,83.0,83.0,83.0,82.5,82.5,82.5,83.0,83.0,83.0,83.5,84.0,84.5,84.5,84.5,85.0,85.0,84.5,84.5,84.0,83.5,83.0,83.0,82.5,83.0,83.0,83.0,83.5,83.5,84.0,84.0,84.5,85.0,85.5,85.5,86.0,86.0,86.0,86.0,86.0,85.5,85.5,85.5,85.0,85.0,85.0,85.0,85.5,85.5,86.0,86.5,87.0,87.5,87.5,88.0,88.5,88.5,88.5,88.5,88.0,87.5,87.5,87.0,86.5,86.5,86.5,86.5,87.0,87.0,87.5,88.0,88.5,89.0,89.0,89.5,89.5,89.5,89.5,89.5,89.5,89.5,89.5,89.0,89.0,88.5,88.5,88.0,88.0,87.5,87.5,87.0,86.5,86.5,86.0,86.0,86.0,86.5,86.5,87.5,88.0,88.5,89.0,89.5,90.5,91.0,91.5,92.0,92.0,92.0,92.5,92.5,92.5,92.0,92.0,91.5,91.0,90.5,90.0,89.5,89.0,88.5,88.0,87.5,87.5,87.5,87.5,0.0,0.0
43.0,42.5,43.0,43.0,43.0,43.5,44.0,44.5,45.0,45.0,45.5,45.5,45.5,45.0,45.0,44.5,44.5,44.0,44.0,43.5,43.0,42.5,41.0,39.5,38.0,36.0,34.0,32.0,30.0,28.0,26.5,25.0,24.0,23.5,23.0,22.5,22.5,23.0,24.5,26.5,29.5,33.5,38.5,45.0,52.0,59.0,66.5,73.0,79.5,86.0,93.0,100.5,108.0,115.5,122.0,127.5,131.5,134.0,135.5,136.5,136.0,135.0,132.5,129.0,124.5,119.5,114.0,108.5,102.5,97.0,91.5,85.5,80.0,74.5,69.5,64.5,60.5,56.5,53.5,51.0,48.5,47.0,46.0,45.5,45.0,45.0,45.0,45.5,46.0,46.0,46.0,45.5,44.5,44.0,43.5,43.0,42.5,42.5,42.0,42.0,42.0,42.0,42.0,42.0,42.0,42.0,42.5,43.0,43.0,43.5,43.5,43.5,43.0,43.0,42.5,42.0,41.5,41.0,41.0,40.5,40.5,40.5,40.5,40.5,41.0,41.5,41.5,42.0,42.5,42.5,43.0,43.0,43.0,42.5,42.5,42.0,41.5,41.0,40.5,40.0,40.0,39.5,40.0,40.0,40.5,41.0,41.5,42.0,42.0,42.0,42.0,42.0,42.0,41.5,41.5,41.0,40.5,40.0,39.5,39.0,39.0,39.0,39.0,39.0,39.5,40.0,40.0,40.5,40.5,41.0,41.5,41.5,41.5,41.0,40.5,40.0,39.5,38.5,38.0,38.0,37.5,37.5,38.0,38.0,38.5,38.5,39.0,39.5,40.0,40.5,41.0,41.5,41.5,41.5,41.5,41.5,41.0,40.5,40.5,40.0,40.0,40.0,40.0,40.5,40.5,41.0,41.0,41.5,41.5,41.0,41.0,41.0,41.0,40.5,40.5,40.0,40.0,40.0,39.5,39.5,39.5,39.0,39.0,39.5,39.5,40.0,40.5,41.0,41.0,41.5,42.0,42.0,42.0,42.0,41.5,41.5,41.0,40.5,40.5,40.0,40.0,40.0,40.0,40.0,40.5,40.5,41.0,41.5,41.5,42.0,42.0,42.0,41.5,41.5,41.0,40.5,40.0,40.0,39.5,39.5,39.5,39.5,40.0,40.0,40.5,41.5,42.0,42.5,43.0,43.5,43.5,44.0,44.0,44.0,44.0,43.5,43.5,43.5,43.0,43.0,42.5,42.5,42.5,42.5,43.0,43.0,43.5,44.0,44.0,44.5,44.5,44.5,44.0,44.0,43.5,43.5,43.0,42.5,41.5,41.0,40.5,40.5,41.0,41.0,41.5,42.0,42.0,42.5,43.0,43.0,43.5,43.5,43.5,43.0,43.0,43.0,43.0,43.0,43.0,43.0,0.0,0.0
18.0,17.5,17.5,17.0,16.5,16.0,15.5,15.5,15.0,15.0,15.0,15.0,15.0,15.0,15.0,15.5,15.5,15.5,15.5,15.5,15.5,15.5,15.0,15.0,14.5,14.5,14.0,14.0,13.5,13.5,13.0,13.0,12.5,12.5,12.5,13.0,13.0,13.0,13.0,13.0,13.0,13.0,12.5,12.5,12.0,11.5,11.0,11.0,11.0,11.0,11.0,11.5,12.0,12.5,13.0,13.5,14.0,14.5,14.5,14.5,14.0,14.0,13.5,13.5,13.5,13.5,13.5,13.0,13.0,13.0,13.0,13.0,13.5,13.5,13.5,14.0,14.0,14.5,14.5,15.0,15.0,15.5,15.5,15.5,15.5,15.0,15.0,14.5,14.0,13.5,13.5,13.5,13.5,14.0,14.0,14.5,14.5,15.0,15.0,15.0,15.0,15.0,14.5,14.5,14.0,14.0,13.5,13.5,13.5,13.5,13.0,13.0,13.0,13.0,13.5,14.0,14.5,15.0,15.0,15.5,15.5,15.5,15.5,15.0,15.0,14.5,14.0,13.5,13.5,13.0,13.0,13.0,13.5,13.5,14.0,14.0,14.5,14.5,14.5,14.5,14.5,14.5,14.0,14.0,13.5,13.0,12.5,12.5,12.0,12.0,12.0,12.0,12.0,12.0,12.5,13.0,14.0,14.5,15.0,16.0,16.0,16.0,16.0,16.0,15.5,15.0,14.5,14.0,14.0,13.5,13.5,13.5,13.0,13.0,13.0,13.5,13.5,13.5,14.0,14.0,13.5,13.5,13.0,12.5,12.5,12.0,11.5,11.5,11.5,11.5,12.0,12.0,12.5,13.0,13.0,13.5,14.5,15.0,15.5,15.5,15.5,15.5,15.0,14.0,13.5,13.0,12.5,12.0,12.0,11.5,11.5,12.0,12.0,12.5,13.0,13.5,13.5,14.0,14.0,14.5,14.5,14.5,14.5,14.0,14.0,13.5,12.5,12.0,11.5,11.0,11.0,11.0,11.0,11.5,12.0,12.5,13.5,14.0,14.5,14.5,14.5,14.5,14.5,14.5,14.5,14.0,14.0,14.0,13.5,13.5,13.5,13.5,13.5,13.5,13.5,13.0,12.5,12.0,11.5,11.0,10.5,10.0,9.5,10.0,10.0,10.5,11.5,12.5,13.0,14.0,15.0,16.0,16.5,17.0,17.5,18.0,18.0,18.0,18.0,17.5,17.5,16.5,16.0,15.0,14.5,13.5,13.5,13.5,13.0,13.0,13.0,13.0,12.5,12.5,12.5,12.5,13.0,13.0,13.0,13.5,13.5,13.5,13.0,13.0,12.5,12.0,11.5,11.0,10.5,10.5,10.5,10.5,11.0,11.5,12.0,12.5,12.5,13.0,13.0,12.5,0.0,0.0
48.0,48.0,48.0,47.5,47.5,47.0,46.5,46.5,46.5,46.5,46.5,47.0,47.5,48.0,48.0,48.5,48.5,48.5,49.0,49.0,48.5,48.5,48.5,48.0,48.0,48.0,48.0,48.0,48.0,48.5,48.5,49.0,50.0,50.5,51.0,51.5,52.0,52.0,52.0,52.0,52.0,52.0,51.5,52.0,51.5,51.5,51.5,51.5,51.5,51.5,51.5,51.5,52.0,52.0,52.5,52.5,53.0,53.0,53.0,53.0,52.5,52.0,52.0,51.5,51.0,50.5,50.0,49.5,49.5,49.5,49.5,50.0,50.0,50.5,50.5,50.5,50.5,51.0,50.5,50.5,50.0,50.0,49.5,49.0,48.5,48.0,48.0,47.5,48.0,48.0,48.0,48.5,48.5,49.0,49.0,49.5,49.5,50.0,50.0,50.0,49.5,49.5,49.0,48.5,48.5,48.0,48.0,48.0,48.0,48.0,48.5,49.0,49.5,50.0,50.5,50.5,51.0,51.0,51.0,51.0,50.5,50.5,50.0,50.0,49.5,49.5,49.5,49.5,49.5,49.5,49.5,50.0,50.0,50.0,50.5,50.5,51.0,51.0,51.0,51.0,51.0,50.5,50.0,50.0,49.5,49.5,49.5,49.5,50.0,50.0,50.5,50.5,51.0,51.0,51.5,51.5,52.0,52.0,52.0,52.0,52.0,52.0,52.0,52.0,52.0,51.5,51.5,51.5,51.5,51.5,51.5,52.0,52.0,52.5,52.5,53.0,53.5,53.5,54.0,53.5,53.5,53.0,52.0,51.5,51.0,51.0,50.5,50.5,50.5,51.0,51.0,51.5,52.0,52.5,53.0,53.0,53.0,53.0,53.0,52.5,52.5,52.0,52.0,52.0,51.5,51.5,51.0,51.0,51.0,51.0,51.0,51.5,52.0,52.5,53.0,54.0,54.5,54.5,55.0,54.5,54.5,54.0,53.5,53.5,53.5,53.5,53.5,53.5,53.0,53.0,53.5,54.0,54.5,55.0,55.5,55.5,56.0,56.0,56.0,56.0,56.0,55.5,55.5,55.0,55.0,55.0,54.5,54.5,54.5,55.0,55.0,55.0,55.0,55.0,55.0,55.0,55.0,55.5,55.5,55.0,55.0,54.5,54.0,54.0,53.5,53.5,53.0,53.0,53.0,53.0,53.0,53.5,54.0,54.0,54.5,54.0,54.0,53.0,52.5,52.0,51.0,50.0,49.5,48.5,48.5,48.5,49.0,50.0,51.0,52.5,54.0,55.5,57.0,57.5,58.5,58.5,59.0,58.5,58.5,58.0,57.5,56.5,55.5,55.0,54.5,54.0,53.5,53.0,52.5,52.5,52.5,52.5,53.0,53.0,53.5,54.0,54.0,54.0,54.0,54.0,0.0,0.0
81.5,81.5,81.5,81.5,81.0,81.0,81.0,80.5,80.5,80.0,79.5,79.0,79.0,78.5,78.0,78.0,78.5,78.5,79.0,79.5,79.5,80.0,80.0,80.0,80.0,80.0,79.5,79.5,79.0,79.0,78.5,78.5,79.0,79.0,79.0,79.5,79.5,80.0,80.5,81.5,81.5,82.0,82.0,82.0,82.0,81.5,81.5,81.5,81.0,81.0,81.0,81.0,81.0,81.0,81.0,81.5,81.5,82.0,82.5,83.0,83.5,83.5,83.5,83.5,83.5,83.5,83.5,83.5,83.0,83.0,82.5,82.5,82.5,82.5,82.5,83.0,83.0,83.5,83.5,84.0,84.5,84.5,85.0,85.0,85.0,84.5,84.5,84.0,83.5,83.0,82.5,82.5,82.0,82.0,82.0,82.0,82.5,82.5,83.0,83.5,84.0,84.5,84.5,85.0,85.0,84.5,84.0,83.5,83.5,83.0,83.0,83.0,83.0,83.5,84.0,84.5,84.5,85.0,85.5,86.0,86.0,86.5,86.5,87.0,87.0,86.5,86.5,86.5,86.0,86.0,86.0,85.5,85.5,85.0,85.5,85.5,85.5,85.5,85.5,85.5,86.0,86.0,86.5,86.5,86.5,86.5,86.0,85.5,85.0,85.0,84.5,85.0,85.0,85.0,85.5,85.5,86.0,86.0,86.5,87.0,87.5,88.0,88.0,88.0,88.0,88.0,88.0,88.0,88.0,87.5,87.5,87.5,87.0,87.0,87.0,87.0,87.5,88.0,88.5,89.0,89.5,89.5,90.0,90.0,89.5,89.5,89.0,89.0,89.0,88.5,88.0,88.0,87.5,87.5,87.5,87.5,88.0,88.5,89.0,89.5,90.0,90.0,90.5,90.5,90.5,90.5,90.0,89.5,89.5,89.0,89.0,89.0,88.5,89.0,89.0,89.0,89.5,90.0,90.0,90.5,90.5,91.0,91.0,91.0,91.0,91.0,90.5,90.0,89.5,89.0,88.5,88.5,88.5,88.5,89.0,89.5,90.0,90.5,91.0,91.0,91.5,91.5,91.5,92.0,92.0,92.0,92.0,92.0,91.5,91.5,91.0,91.0,91.0,91.0,91.5,91.5,92.0,92.5,92.5,93.0,93.0,93.0,93.0,93.0,92.5,92.0,91.5,91.0,91.0,90.5,90.5,90.0,90.0,90.0,90.5,91.0,91.5,92.0,92.5,93.0,93.5,93.5,94.0,94.0,93.5,93.5,93.0,92.5,92.0,92.0,91.5,91.5,91.5,91.5,91.5,92.0,92.0,92.5,93.0,93.0,93.5,93.5,93.5,93.5,93.0,93.0,92.5,92.5,92.5,92.5,92.0,92.0,92.0,92.0,92.5,92.5,93.0,93.5,93.5,93.0,0.0,0.0
72.5,72.0,72.0,71.5,71.5,71.0,71.0,71.0,71.0,71.0,71.0,71.0,71.0,71.0,70.5,70.0,69.5,68.5,67.0,65.0,63.0,60.5,58.5,56.5,54.5,52.5,51.5,50.5,50.0,50.0,51.0,53.0,55.5,59.0,63.5,69.0,75.5,83.0,91.5,100.0,108.0,115.5,123.0,130.5,137.5,144.5,150.5,155.0,158.5,161.0,162.5,163.0,163.0,162.5,161.0,158.0,154.5,150.0,144.5,139.0,133.5,128.0,122.0,116.5,111.0,105.5,100.5,96.0,91.5,88.0,85.0,82.5,80.5,79.0,78.0,77.5,77.0,76.5,76.5,76.0,75.5,75.0,74.5,74.5,74.0,73.5,73.0,72.5,72.5,72.0,72.0,72.0,72.0,72.0,72.0,72.0,72.0,72.5,72.5,72.0,72.0,72.0,71.5,71.0,71.0,70.5,70.0,69.5,69.5,69.0,69.0,69.0,69.0,69.5,70.0,70.0,70.0,70.5,70.5,71.0,71.0,71.0,71.0,71.0,70.5,70.5,70.0,69.5,69.5,69.0,69.0,69.0,69.5,69.5,70.0,70.5,70.5,71.0,71.0,71.5,71.5,71.0,71.0,70.5,70.0,69.5,69.0,69.0,69.0,69.0,69.5,69.5,70.0,70.5,71.0,71.0,71.5,71.5,72.0,72.0,71.5,71.5,71.0,70.5,70.0,69.5,69.0,68.5,68.5,68.0,68.5,68.5,69.0,69.5,69.5,70.0,70.5,70.5,70.5,70.5,70.5,70.5,70.5,70.0,70.0,69.5,69.0,69.0,68.5,68.5,68.0,68.0,68.5,68.5,69.0,69.5,70.0,70.0,70.5,70.5,70.5,70.0,70.0,69.5,69.5,69.0,68.5,68.5,68.0,68.0,68.0,68.0,68.0,68.5,68.5,69.0,69.0,69.5,69.5,69.5,69.5,69.5,69.5,69.5,69.0,69.0,68.5,68.5,68.5,68.5,68.5,68.5,69.0,69.0,69.5,69.5,70.0,70.0,70.5,70.5,70.0,70.0,69.5,69.0,68.5,68.5,68.0,68.0,68.0,68.0,68.5,69.0,69.5,70.0,70.5,71.0,71.5,71.5,71.5,71.5,71.0,70.5,70.0,70.0,69.5,69.5,69.0,69.0,69.0,68.5,69.0,69.0,69.5,70.0,70.0,70.5,71.0,71.0,71.5,71.5,71.5,71.0,70.5,70.0,69.5,69.0,68.5,68.5,68.0,68.0,68.0,68.5,68.5,68.5,69.0,69.0,69.0,69.0,69.0,69.0,69.0,69.0,68.5,68.0,67.5,67.0,66.5,66.5,66.5,66.5,66.5,66.5,67.0,67.5,68.0,68.5,68.5,69.0,69.0,69.5,0.0,0.0
127.5,121.0,115.0,108.5,103.0,97.5,92.5,88.0,84.5,81.0,78.0,76.0,74.0,72.5,71.5,71.0,71.0,70.5,70.5,70.5,70.5,70.0,69.5,69.0,68.5,68.0,67.5,67.5,67.0,67.0,67.0,67.0,67.0,67.5,67.5,67.5,67.5,67.5,67.0,66.5,65.5,64.0,63.0,61.5,60.0,59.0,58.0,58.0,58.5,59.0,60.5,61.5,63.0,64.5,66.0,67.0,68.0,69.0,69.5,69.5,69.0,69.0,68.0,67.5,67.0,66.0,65.0,64.5,64.0,64.0,64.5,64.5,65.0,65.0,65.5,66.0,66.0,66.0,66.5,66.0,66.0,65.5,65.0,65.0,64.5,64.5,64.0,64.0,63.5,63.5,63.0,63.0,63.0,63.5,63.5,64.0,64.0,64.5,65.0,65.0,65.0,65.0,64.5,64.0,63.5,63.5,63.0,63.5,63.5,63.5,64.0,64.5,64.5,64.5,64.5,65.0,65.0,65.5,65.5,65.5,65.5,65.0,64.5,64.0,63.5,63.0,62.5,62.0,62.0,61.5,61.5,61.5,61.5,61.5,61.5,61.5,61.5,61.5,61.5,61.5,61.5,61.0,61.0,60.5,60.0,60.0,60.0,60.0,60.0,60.0,60.5,60.5,61.0,61.5,61.5,62.0,62.0,62.5,62.5,62.5,62.5,62.5,62.0,61.5,61.0,61.0,60.5,60.5,60.0,60.0,60.0,60.0,60.0,60.0,60.0,60.0,60.5,60.5,60.5,60.5,60.0,60.0,59.5,59.5,59.0,59.0,59.0,59.0,59.0,59.0,59.5,59.5,60.0,60.0,60.5,61.0,61.5,62.0,62.5,62.5,62.5,62.5,62.0,61.5,61.0,60.5,60.0,60.0,60.0,60.5,61.0,61.0,61.5,62.0,62.0,62.5,62.5,63.0,63.0,63.0,63.0,62.5,62.5,62.0,61.5,61.0,60.5,60.5,60.5,60.5,60.5,61.0,61.0,61.5,62.0,62.0,62.5,62.5,62.5,62.0,61.5,61.0,60.5,60.0,59.5,59.5,59.0,59.0,59.0,59.0,59.0,59.5,60.0,60.5,61.0,61.0,61.5,61.5,61.5,61.5,61.5,61.5,61.0,60.5,60.0,59.5,59.5,59.0,59.0,59.0,59.5,59.5,60.0,60.0,60.5,61.0,61.0,61.5,62.0,62.0,62.0,62.0,62.0,62.0,62.0,61.5,61.5,61.0,61.0,61.0,61.0,61.5,61.5,61.5,62.0,62.0,62.0,62.0,62.0,62.0,62.0,61.5,61.5,61.0,61.0,60.5,60.0,60.0,59.5,60.0,60.0,60.5,61.0,61.5,62.0,62.0,62.5,62.5,63.0,63.0,0.0,0.0
27.0,26.5,26.5,26.0,26.0,26.0,26.5,27.0,27.5,28.0,28.0,28.5,29.0,29.0,29.0,29.0,29.0,29.0,29.0,28.5,28.5,28.0,28.0,28.0,28.0,28.5,28.5,29.0,29.5,29.5,29.5,29.5,29.0,29.0,28.5,27.5,27.0,26.5,26.5,26.5,27.0,27.5,28.5,29.5,30.5,32.0,33.0,34.5,35.0,35.5,36.0,36.0,36.0,36.0,36.0,35.5,35.0,34.5,33.0,32.0,31.0,30.5,30.0,29.5,29.5,29.5,29.5,30.0,30.5,31.0,31.0,31.5,31.5,32.0,32.0,32.0,32.0,32.0,31.5,31.5,31.5,31.0,31.0,31.0,31.0,31.0,31.5,32.0,32.0,32.5,33.0,33.5,33.5,33.5,33.5,33.5,33.0,33.0,32.5,32.0,32.0,31.5,31.5,31.5,31.5,31.5,32.0,32.0,32.5,32.5,33.0,33.0,33.5,34.0,34.0,34.0,34.0,33.5,33.0,33.0,32.5,32.5,32.5,32.5,32.5,33.0,33.5,34.0,34.5,34.5,35.0,35.0,35.0,35.0,35.5,35.5,35.5,35.5,35.0,35.0,35.0,35.0,35.0,35.0,35.0,35.0,35.0,35.0,35.5,36.0,36.0,36.5,37.0,37.0,37.0,37.0,37.0,36.5,36.5,36.5,36.0,36.0,36.0,35.5,35.5,35.5,35.5,36.0,36.5,37.0,37.5,37.5,38.0,37.5,37.5,37.5,37.5,37.0,37.5,37.5,37.5,37.5,37.5,37.5,37.5,37.5,37.5,38.0,38.0,39.0,39.5,40.0,40.5,40.5,40.5,40.5,40.5,40.5,40.0,40.0,39.5,39.0,39.0,38.5,38.5,38.5,38.5,38.5,38.5,39.0,39.0,39.5,40.0,40.0,40.5,40.5,40.5,40.0,40.0,39.5,39.5,39.0,39.0,39.5,39.5,40.0,40.5,41.0,41.5,42.5,43.0,43.5,44.0,44.5,44.5,44.0,44.0,43.5,43.0,43.0,42.5,42.5,43.0,43.0,43.5,43.5,43.5,43.5,44.0,44.5,45.0,45.5,45.5,46.0,45.5,45.5,45.0,44.5,44.0,44.0,43.5,43.5,43.0,43.0,43.5,44.0,44.0,44.5,45.0,45.5,46.0,46.5,47.0,47.0,47.0,46.5,46.5,46.5,46.0,46.0,46.0,45.5,46.0,46.0,46.0,46.5,46.5,47.0,47.0,47.5,47.5,48.0,48.0,48.0,48.5,48.0,48.0,47.5,47.0,47.0,46.5,46.0,46.0,45.5,45.5,46.0,46.0,46.5,47.0,48.0,48.5,49.0,49.5,49.5,49.5,49.5,49.5,49.0,49.0,48.5,0.0,0.0
-11.5,-11.0,-10.0,-8.5,-7.0,-5.5,-4.5,-3.0,-2.0,-1.0,-0.5,0.0,0.0,0.0,0.0,-0.5,-1.0,-1.5,-2.0,-2.5,-3.0,-3.5,-4.0,-4.0,-4.0,-3.5,-3.5,-3.5,-3.5,-3.5,-3.5,-4.0,-4.5,-5.0,-5.5,-6.0,-6.0,-6.5,-6.0,-6.0,-6.0,-5.5,-5.5,-5.0,-5.0,-5.0,-5.0,-5.0,-5.0,-5.0,-5.0,-5.0,-5.5,-5.5,-6.0,-6.5,-6.5,-6.5,-6.5,-6.5,-6.0,-5.5,-5.0,-4.5,-4.0,-4.0,-4.0,-4.0,-3.5,-3.5,-3.5,-3.5,-3.5,-3.5,-4.0,-4.5,-5.0,-5.5,-5.5,-5.5,-5.0,-4.5,-4.5,-4.0,-3.5,-3.5,-3.5,-3.5,-3.5,-3.5,-3.5,-3.5,-3.5,-3.5,-4.0,-4.0,-4.0,-4.0,-4.5,-4.5,-4.5,-5.0,-4.5,-4.5,-4.0,-3.5,-3.0,-2.5,-2.0,-1.5,-1.5,-1.5,-1.5,-2.0,-2.5,-3.0,-3.5,-4.0,-4.0,-3.5,-3.5,-3.0,-3.0,-3.0,-2.5,-2.5,-2.5,-2.5,-2.5,-2.5,-2.5,-3.0,-3.0,-3.0,-3.5,-3.5,-3.5,-3.5,-3.5,-3.5,-3.5,-3.0,-2.0,-1.5,-0.5,0.5,1.0,1.5,1.5,1.5,1.5,1.5,1.5,1.0,0.5,0.0,-0.5,-1.0,-1.5,-1.5,-1.0,-0.5,0.0,0.5,1.0,1.0,1.0,1.5,1.5,1.5,2.0,2.0,2.0,1.5,1.0,0.5,0.5,0.0,-0.5,-0.5,-0.5,-0.5,0.5,1.0,1.5,2.0,2.5,3.0,3.5,3.5,3.5,3.5,3.5,3.0,2.5,2.0,2.0,1.5,1.5,1.5,1.5,2.0,2.0,2.0,2.5,3.0,3.5,4.0,4.5,4.5,5.0,4.5,4.5,4.5,4.0,4.0,4.0,4.5,4.5,4.5,4.5,4.5,4.5,5.0,5.5,6.0,6.0,6.5,7.0,7.5,7.5,8.0,8.0,8.0,7.5,7.5,7.5,7.0,7.0,6.5,6.5,6.5,6.5,6.5,6.5,7.0,7.0,7.0,7.0,7.0,7.0,7.0,6.5,6.5,6.0,5.5,5.5,5.0,4.5,4.5,5.0,6.0,6.5,7.5,8.0,8.5,8.5,8.5,9.0,8.5,8.5,8.0,7.0,6.5,6.0,5.5,5.5,5.5,5.5,5.5,5.5,5.5,5.5,5.5,5.5,5.5,5.5,5.0,5.0,5.0,5.0,5.5,5.5,5.5,5.0,5.0,4.5,4.5,4.0,4.0,4.0,4.5,5.0,6.0,6.5,7.0,7.5,7.5,8.5,9.0,9.5,9.5,10.0,10.0,10.0,9.5,9.0,8.5,8.0,8.0,0.0,0.0
53.5,53.5,53.5,53.0,52.5,51.5,50.5,49.5,48.5,47.5,46.5,46.0,45.5,45.0,45.0,45.0,45.0,45.5,45.5,46.0,46.5,47.0,47.0,47.0,46.5,46.0,45.5,45.5,45.0,45.0,45.0,45.0,45.5,45.5,45.5,45.5,45.5,46.0,46.0,46.5,47.0,47.5,48.0,48.0,48.0,48.0,47.5,47.0,46.5,45.5,45.0,44.5,44.5,44.5,44.5,45.0,45.0,45.5,46.0,46.0,46.5,46.5,46.5,46.5,46.0,46.0,46.0,45.5,45.0,44.5,44.0,43.5,43.5,43.5,44.0,44.0,44.0,44.0,44.5,44.5,45.0,45.0,45.5,45.5,45.5,45.0,44.5,44.5,44.0,44.0,43.5,43.0,43.0,43.0,43.0,43.5,44.0,44.0,44.5,45.0,45.5,46.0,46.0,46.0,46.0,45.5,45.5,45.0,44.5,44.0,43.5,43.5,43.5,43.5,43.5,43.5,43.5,44.0,44.5,44.5,45.0,45.5,45.5,45.5,45.5,45.0,45.0,44.5,44.5,45.0,45.0,45.0,45.0,45.0,45.0,45.5,46.0,46.5,47.0,47.0,47.0,47.0,47.0,46.5,46.5,46.5,46.5,46.0,46.0,45.5,45.5,45.0,44.5,44.5,45.0,45.0,45.5,46.0,46.0,46.5,46.5,47.0,47.0,47.0,46.5,46.5,46.0,45.5,45.5,45.0,45.0,45.0,45.0,45.5,45.5,45.5,45.5,46.0,46.0,46.0,46.5,46.5,47.0,47.0,47.0,46.5,46.5,46.0,46.0,45.5,45.5,45.5,45.5,45.5,46.0,46.0,46.5,47.0,47.5,47.5,48.0,48.0,48.5,48.5,48.0,48.0,47.5,47.0,46.5,46.5,46.0,46.0,46.0,46.0,46.5,46.5,47.0,47.0,47.5,47.5,47.5,47.5,48.0,47.5,47.5,47.0,47.0,46.5,46.0,46.0,45.5,45.5,45.5,45.5,45.5,46.0,46.5,47.0,47.5,48.0,48.0,47.5,47.5,47.5,47.0,47.0,46.5,46.5,46.0,46.0,46.0,46.0,46.0,46.0,46.5,46.5,46.5,46.5,46.5,47.0,47.5,47.5,47.5,47.5,47.5,47.0,46.5,46.5,46.0,45.5,45.0,44.5,44.5,44.5,44.5,45.0,45.0,45.5,46.0,46.5,47.0,47.5,48.0,48.0,48.0,47.5,47.0,46.5,46.0,45.5,45.5,45.5,45.5,45.5,46.0,46.5,47.0,47.5,48.0,48.5,49.0,49.0,49.0,49.0,48.5,48.0,48.0,47.5,47.0,46.5,46.0,45.5,45.5,45.0,45.0,45.5,45.5,46.0,46.5,47.0,0.0,0.0
32.0,32.0,31.5,31.5,31.5,31.5,31.0,31.0,31.0,31.0,31.5,31.5,32.0,32.0,32.5,33.0,33.0,33.0,33.0,33.0,32.5,32.5,32.0,31.5,31.0,31.0,30.5,30.5,30.5,30.5,31.0,31.0,31.5,32.0,32.0,32.0,32.0,32.0,31.5,31.0,30.5,29.5,29.0,28.0,27.0,26.0,25.5,25.5,25.5,26.0,27.0,28.0,29.5,30.5,32.0,33.0,34.0,35.0,35.5,35.5,35.5,35.5,35.0,34.5,34.0,33.5,33.0,32.5,32.5,32.0,32.0,32.0,32.5,32.5,32.5,32.5,32.5,32.5,32.0,32.0,31.5,31.5,31.0,30.5,30.0,30.0,30.0,30.5,31.0,31.5,32.5,33.0,33.5,34.0,34.0,34.0,34.0,33.5,33.5,33.0,32.5,32.5,32.5,32.0,32.0,32.5,32.5,32.5,32.5,32.5,32.5,33.0,33.5,34.0,34.0,34.0,34.0,33.5,33.5,33.0,32.5,32.0,31.5,31.0,31.0,30.5,30.0,29.5,29.5,29.5,30.0,30.0,30.5,31.0,31.5,31.5,32.0,32.0,31.5,31.0,31.0,30.5,30.5,30.0,30.0,29.5,29.5,29.5,29.5,29.5,30.0,30.0,30.5,31.0,31.5,31.5,32.0,32.0,31.5,31.5,31.0,30.5,29.5,29.0,28.5,28.0,28.0,28.0,28.5,28.5,29.0,29.5,30.0,30.0,30.5,30.5,31.0,31.0,31.0,31.0,30.5,30.5,30.0,30.0,29.5,29.0,29.0,29.0,29.5,30.0,30.5,31.0,31.5,32.0,32.5,32.5,33.0,33.0,33.0,32.5,32.5,32.5,32.0,32.0,32.0,32.0,32.0,32.0,32.5,32.5,33.0,33.5,34.0,34.5,34.5,35.0,35.0,34.5,34.5,34.0,33.5,33.0,32.5,32.0,31.5,31.5,31.5,31.5,31.5,32.0,32.5,32.5,33.0,33.5,34.0,34.0,34.0,34.0,34.0,33.5,33.5,33.0,33.0,32.5,32.0,32.0,32.0,32.0,32.0,32.5,32.5,33.0,33.0,33.5,34.0,34.0,34.5,34.5,34.5,34.5,34.5,34.0,34.0,33.5,33.5,33.0,33.0,33.0,33.5,33.5,34.0,34.5,34.5,35.0,35.5,35.5,35.5,35.5,35.0,35.0,34.5,34.0,34.0,34.0,34.0,34.0,34.0,34.0,34.0,34.5,34.5,35.0,35.5,36.0,36.5,36.5,36.5,36.5,36.5,36.0,36.0,36.0,35.5,35.0,35.0,34.5,34.5,34.5,35.0,35.0,35.5,35.5,36.0,36.5,37.0,37.0,37.0,37.0,36.5,36.5,0.0,0.0
45.5,46.0,47.0,48.0,49.0,50.0,51.5,52.5,53.5,54.5,55.5,56.0,56.5,57.0,57.0,57.0,56.5,56.0,55.0,54.0,53.0,52.5,52.0,51.5,51.0,51.0,51.5,51.5,52.0,52.5,53.0,53.5,54.0,54.0,54.0,54.0,54.0,53.5,53.5,53.0,52.5,51.5,51.0,50.5,50.5,50.5,50.5,51.0,51.5,52.0,52.5,53.0,53.0,53.5,53.5,53.5,53.5,53.5,53.5,53.5,53.5,53.0,53.0,53.0,53.0,53.5,53.5,53.5,53.5,54.0,54.5,55.0,55.5,55.5,55.5,55.5,55.5,55.0,54.5,54.5,54.0,54.0,54.0,53.5,53.5,53.5,53.5,53.5,53.5,53.5,53.5,53.5,53.5,54.0,54.0,53.5,53.5,53.5,53.0,53.0,53.0,52.5,52.0,52.0,52.0,52.0,52.0,52.5,53.0,53.5,54.0,54.5,55.0,55.5,55.5,55.5,55.5,55.0,55.0,54.5,54.0,53.5,53.5,53.0,53.0,53.5,53.5,53.5,54.0,54.5,54.5,55.0,55.0,55.0,55.5,55.5,55.0,54.5,54.5,54.0,54.0,53.5,53.5,53.5,53.0,53.0,53.0,53.0,53.5,54.0,54.5,55.0,55.5,56.0,56.5,57.0,57.0,57.0,57.0,56.5,56.5,56.0,56.0,55.5,55.5,55.5,56.0,56.0,56.0,56.0,56.0,56.5,56.5,56.5,56.5,56.5,56.5,56.5,56.5,56.0,56.0,55.5,55.5,55.0,54.5,54.5,54.5,54.5,55.0,55.5,56.0,56.5,57.0,57.5,57.5,58.0,58.0,58.0,57.5,57.5,57.0,57.0,57.0,57.0,57.0,57.0,57.0,57.0,57.5,57.5,57.5,57.5,57.0,57.0,57.0,57.0,57.0,57.0,56.5,56.0,56.0,55.5,55.5,55.0,55.0,54.5,54.5,54.0,54.0,54.0,54.5,54.5,55.0,55.0,55.0,55.0,54.5,54.5,54.5,54.5,54.5,54.0,54.0,54.0,54.0,54.5,55.0,55.5,56.0,56.0,56.5,57.0,57.5,58.5,59.0,60.0,60.0,60.0,60.0,59.5,59.0,58.5,58.5,58.0,58.0,57.5,57.5,57.5,57.5,57.5,58.0,58.0,58.5,58.5,58.5,58.5,58.5,58.0,58.0,58.0,58.0,58.0,58.0,58.0,58.0,58.0,58.0,58.0,58.5,59.0,59.5,60.0,60.5,60.5,60.5,60.5,60.5,60.0,60.0,59.5,59.5,59.5,59.5,59.0,59.0,59.0,59.0,59.5,59.5,60.0,60.5,61.0,61.0,61.5,61.5,61.5,62.0,61.5,61.5,61.0,0.0,0.0
71.5,71.5,71.5,71.5,71.5,71.0,71.0,70.5,70.5,70.5,70.0,70.0,69.5,69.5,69.5,69.5,70.0,71.0,71.5,72.0,72.0,72.0,72.0,72.0,71.5,71.0,70.5,70.5,70.0,69.5,69.0,69.0,69.0,69.0,69.5,70.0,71.0,71.0,71.5,72.0,72.5,73.0,73.5,73.5,74.0,73.5,73.5,73.0,72.5,72.0,72.0,72.0,71.5,72.0,72.0,72.5,72.5,73.0,73.5,73.5,73.5,74.0,74.0,73.5,73.5,73.5,73.5,73.0,72.5,72.0,71.5,71.0,71.0,71.0,71.0,71.5,72.0,72.5,73.0,73.0,73.0,73.5,73.5,73.5,73.0,73.0,72.5,72.5,72.5,72.5,72.5,72.5,72.5,72.5,72.5,73.0,73.5,73.5,74.0,74.0,74.5,74.0,74.0,73.5,73.5,73.5,73.0,73.0,72.5,72.5,72.5,72.0,72.0,71.5,71.5,71.5,71.5,72.0,72.5,72.5,73.0,73.0,73.0,73.0,73.0,72.5,72.5,72.0,72.0,72.0,72.0,72.0,72.0,72.5,73.0,73.0,73.5,74.0,74.0,74.0,74.5,74.5,74.5,74.5,74.5,74.0,74.0,74.0,74.0,74.0,74.5,74.5,75.0,75.5,75.5,76.0,76.5,76.5,77.0,77.5,78.0,78.0,78.0,78.0,78.0,77.5,77.5,77.0,76.5,76.5,76.0,75.5,75.0,75.0,75.0,75.0,75.5,76.0,76.5,76.5,77.0,77.0,77.0,76.5,76.5,76.0,75.5,75.0,75.0,74.5,74.5,74.5,74.5,75.0,75.0,75.5,75.5,76.0,76.5,77.0,77.0,77.0,76.5,76.5,76.5,76.5,76.0,76.0,76.0,75.5,75.5,75.5,75.5,75.5,75.5,75.5,76.0,76.0,76.5,77.0,77.0,77.5,77.5,77.0,77.0,76.5,76.0,76.0,75.5,75.5,75.5,75.0,75.0,75.5,76.0,76.5,77.0,77.5,78.0,78.5,78.5,78.5,78.5,78.5,78.5,78.5,78.0,78.0,78.0,77.5,77.5,77.0,77.0,77.0,77.0,77.0,77.5,77.5,78.0,78.0,78.5,78.5,78.5,78.5,78.5,78.5,78.0,77.5,77.5,77.0,77.0,76.5,76.5,76.5,76.5,77.0,77.0,77.5,77.5,78.0,78.0,78.5,79.0,79.0,78.5,78.5,78.0,78.0,77.5,77.5,77.0,77.0,77.0,77.0,77.0,77.0,77.5,77.5,77.5,77.5,77.5,77.5,77.5,77.5,77.5,77.0,76.5,76.5,76.0,76.0,75.5,75.5,75.5,75.5,75.5,75.5,75.5,76.0,76.0,76.5,0.0,0.0
11.0,11.0,11.0,11.0,11.0,10.5,10.5,10.0,9.5,9.0,8.5,8.5,8.5,8.5,8.5,8.5,9.0,9.5,9.5,10.0,10.5,10.5,10.0,9.5,9.0,9.0,8.5,8.0,8.0,7.5,7.5,7.5,7.5,7.5,7.5,7.5,7.5,7.5,7.5,7.5,8.0,8.0,8.0,7.5,7.0,6.5,5.5,4.5,3.0,1.0,-1.0,-3.0,-5.0,-6.5,-8.5,-10.0,-11.0,-11.5,-12.0,-12.5,-12.5,-12.5,-12.0,-11.0,-9.0,-6.5,-3.0,1.0,6.0,11.5,17.5,24.0,30.5,37.5,43.5,50.0,55.5,61.5,66.5,71.5,75.0,78.0,79.0,80.0,80.0,79.5,79.0,77.5,76.0,73.0,69.5,65.0,60.5,55.5,51.0,46.0,41.5,37.0,33.0,29.0,25.5,22.0,18.5,15.0,12.0,9.5,7.5,6.0,5.0,4.0,3.5,3.5,3.5,4.0,4.0,4.0,4.5,4.5,4.0,4.0,3.5,3.0,2.5,2.0,1.5,1.0,1.0,0.5,0.0,0.0,0.0,0.0,0.0,0.5,1.0,2.0,2.5,2.5,2.5,2.5,2.5,2.0,1.5,1.0,0.5,0.0,-0.5,-0.5,-1.0,-1.0,-0.5,-0.5,-0.5,-0.5,-0.5,0.0,0.0,-0.5,-0.5,-0.5,-0.5,-1.0,-1.5,-2.0,-2.5,-3.5,-4.0,-4.0,-4.5,-4.5,-4.5,-4.5,-4.5,-4.0,-3.5,-3.0,-2.5,-2.0,-1.5,-1.0,-0.5,-0.5,-0.5,-1.0,-1.5,-2.5,-3.0,-3.0,-3.0,-3.0,-3.0,-3.0,-3.0,-3.0,-2.5,-2.5,-2.0,-1.5,-1.5,-1.5,-1.5,-1.5,-2.0,-2.0,-2.5,-3.0,-3.5,-4.0,-4.0,-4.5,-4.5,-4.5,-4.5,-4.5,-4.0,-4.0,-3.5,-3.0,-3.0,-2.5,-2.5,-2.5,-2.5,-3.0,-3.5,-3.5,-4.0,-4.5,-4.5,-5.0,-5.0,-5.0,-5.0,-4.5,-4.5,-4.0,-4.0,-3.5,-3.0,-3.0,-2.5,-2.5,-3.0,-3.0,-3.5,-4.0,-4.5,-4.5,-5.0,-5.5,-6.0,-6.0,-6.0,-5.5,-5.0,-4.5,-4.0,-4.0,-3.5,-3.5,-3.5,-3.5,-4.0,-4.0,-4.5,-5.0,-5.5,-6.0,-6.0,-6.0,-6.0,-6.0,-6.0,-6.5,-6.5,-6.5,-6.5,-6.5,-6.0,-6.0,-6.0,-5.5,-5.5,-5.0,-5.0,-5.5,-5.5,-6.0,-6.5,-6.5,-6.5,-6.5,-6.0,-5.5,-5.0,-4.5,-4.0,-3.5,-3.5,-3.5,-3.5,-3.5,-4.0,-4.0,-4.5,-5.0,-5.0,-5.5,-5.5,-5.5,-5.5,-5.5,-5.5,-5.5,-5.0,-4.5,-4.5,-4.0,-4.0,-3.5,0.0,0.0
-9.5,-10.0,-10.0,-10.5,-11.0,-11.5,-12.0,-12.5,-12.5,-13.0,-13.0,-13.0,-12.5,-12.5,-12.0,-11.5,-11.5,-11.0,-11.0,-10.5,-10.5,-10.5,-10.0,-10.0,-10.5,-10.5,-11.0,-11.5,-12.0,-12.5,-13.0,-13.0,-13.0,-12.5,-12.5,-12.5,-12.5,-12.5,-12.0,-12.0,-11.5,-11.5,-11.5,-11.5,-12.0,-13.0,-13.5,-14.5,-15.0,-15.5,-16.0,-16.0,-15.5,-15.0,-14.5,-14.0,-13.0,-12.0,-11.5,-11.0,-11.0,-11.0,-11.0,-11.5,-12.0,-13.0,-14.0,-14.5,-15.0,-15.5,-15.5,-15.5,-15.5,-15.5,-15.5,-15.0,-15.0,-15.0,-14.5,-14.0,-14.0,-13.5,-14.0,-14.0,-14.0,-14.5,-14.5,-15.0,-15.0,-15.0,-15.0,-15.0,-15.0,-14.5,-14.5,-14.0,-14.0,-13.5,-13.5,-13.5,-13.5,-13.5,-14.0,-14.5,-14.5,-15.0,-15.5,-15.5,-15.5,-15.5,-15.5,-15.5,-15.5,-15.5,-15.0,-15.0,-15.5,-15.5,-15.5,-15.5,-15.5,-16.0,-16.0,-16.5,-17.0,-18.0,-18.5,-19.0,-19.5,-20.0,-20.5,-21.0,-21.0,-20.5,-20.0,-19.0,-18.5,-18.0,-18.0,-17.5,-17.0,-16.5,-16.0,-15.5,-15.5,-15.5,-15.5,-16.0,-16.5,-16.5,-16.5,-16.5,-16.5,-16.0,-16.0,-15.5,-15.0,-15.0,-15.0,-14.5,-14.5,-14.5,-15.0,-15.0,-15.0,-15.5,-15.5,-15.5,-16.0,-16.0,-16.5,-16.5,-17.0,-17.0,-17.0,-16.5,-16.0,-15.5,-15.0,-14.5,-14.5,-14.0,-14.0,-14.0,-14.5,-14.5,-15.0,-15.5,-15.5,-16.0,-16.0,-16.0,-16.0,-16.0,-16.0,-15.5,-15.5,-15.0,-15.0,-15.0,-15.0,-15.0,-15.0,-15.5,-16.0,-16.0,-16.5,-17.0,-17.0,-17.5,-17.5,-17.5,-17.0,-17.0,-17.0,-17.0,-16.5,-16.0,-15.5,-15.0,-15.0,-15.0,-15.0,-15.5,-16.5,-18.0,-19.5,-21.5,-24.0,-26.0,-28.5,-30.5,-32.5,-34.0,-35.0,-35.5,-35.5,-35.5,-35.0,-34.5,-33.0,-30.5,-27.5,-23.5,-19.0,-14.0,-8.5,-2.5,4.5,11.0,17.0,23.0,29.0,34.5,40.5,46.0,51.5,56.0,59.5,61.5,63.0,63.5,64.0,63.5,62.0,59.5,56.5,52.5,48.0,43.0,38.0,33.0,28.0,23.5,19.0,15.0,11.0,7.5,4.0,1.0,-2.0,-4.5,-6.5,-8.0,-9.5,-10.5,-11.0,-11.5,-12.0,-12.5,-13.0,-13.0,-13.5,-13.5,-13.0,-13.0,-12.5,-12.5,-12.5,-12.5,-12.5,-12.5,-12.5,-12.5,-12.5,-13.0,-13.0,-13.5,-13.5,-14.0,-14.0,-14.0,-14.5,-14.5,-14.5,-14.0,-13.5,-13.0,-12.5,-12.0,0.0,0.0
64.0,64.0,63.5,63.5,63.5,63.5,63.5,63.5,64.0,64.0,64.0,64.0,63.5,63.5,63.0,62.5,62.0,61.5,61.0,61.0,60.5,60.5,60.0,60.0,60.5,60.5,61.0,61.0,61.5,62.0,62.0,62.0,62.5,62.5,62.5,62.5,62.5,62.0,62.0,61.5,61.5,61.0,61.0,60.5,60.5,61.0,61.0,61.5,62.0,62.0,62.0,62.0,62.0,62.0,62.0,62.0,62.0,61.5,61.5,61.5,61.5,61.5,61.5,61.5,61.5,61.5,62.0,62.5,63.0,63.5,64.0,64.5,65.0,65.0,65.5,65.0,65.0,64.5,64.0,63.5,63.0,63.0,63.0,63.0,63.5,63.5,64.0,64.5,65.0,65.0,65.5,65.0,65.0,65.0,64.5,64.5,64.0,64.0,64.0,63.5,63.5,63.5,63.0,63.5,63.5,64.0,64.5,65.0,65.5,66.5,67.0,67.5,67.5,68.0,68.0,68.0,67.5,67.0,67.0,67.0,66.5,66.5,66.0,66.0,66.0,66.0,65.5,65.5,65.5,65.5,66.0,66.0,66.0,66.0,66.0,66.0,66.0,65.5,65.5,65.0,65.0,64.5,64.5,64.5,64.5,64.5,65.0,65.5,66.0,66.5,67.0,67.0,67.0,67.0,67.0,67.0,66.5,66.0,66.0,65.5,65.0,65.0,65.0,64.5,65.0,65.0,65.0,65.5,66.0,66.5,66.5,66.5,66.5,66.5,66.5,66.0,65.5,65.0,64.5,64.5,64.0,63.5,63.5,63.5,64.0,64.0,64.5,64.5,64.5,64.5,65.0,65.0,65.0,65.5,65.5,65.5,65.5,65.5,65.0,64.5,64.5,64.5,64.5,64.5,64.0,64.0,64.0,64.5,64.5,64.5,64.5,64.5,64.5,64.5,64.5,64.5,64.5,64.0,64.0,63.5,63.5,63.5,63.5,63.5,64.0,64.0,64.5,65.0,65.0,65.0,65.0,65.0,65.0,65.0,65.0,65.0,64.5,64.5,64.0,63.5,63.5,63.5,63.5,63.0,63.5,63.5,63.5,63.5,64.0,64.0,64.0,64.5,64.5,64.5,64.5,64.5,64.0,64.0,63.5,63.0,63.0,63.0,63.0,63.0,63.0,63.5,63.5,64.0,64.5,65.0,65.0,65.5,65.5,66.0,66.0,66.0,65.5,65.0,64.5,64.0,63.5,63.5,63.0,63.0,63.0,63.0,63.5,64.0,64.5,65.0,65.0,65.5,65.5,65.5,65.5,65.5,65.0,65.0,65.0,64.5,64.5,64.5,64.5,65.0,65.5,65.5,66.0,66.5,67.0,67.5,67.5,68.0,68.0,68.0,67.5,67.0,66.5,66.0,65.5,65.0,0.0,0.0
51.0,51.0,50.5,50.5,50.0,50.0,50.0,49.5,49.5,50.0,50.0,50.0,50.0,50.5,50.5,50.5,50.5,50.5,50.5,50.5,50.0,49.5,49.0,48.0,47.0,46.0,45.0,44.0,43.5,43.5,44.0,45.0,46.5,48.0,49.5,51.0,52.5,53.0,53.5,53.5,53.5,53.0,53.0,52.5,52.0,51.5,51.0,50.0,49.5,49.0,49.0,48.5,48.5,48.5,48.5,48.5,48.5,48.5,49.0,48.5,48.5,48.5,48.5,48.5,48.5,48.5,48.0,47.5,47.0,47.0,46.5,46.5,47.0,47.0,47.5,48.0,48.0,48.5,48.5,49.0,49.0,49.0,49.0,49.0,48.5,48.0,48.0,47.5,47.5,47.0,47.0,47.0,47.0,47.5,47.5,48.0,48.5,48.5,49.0,49.0,49.0,49.0,48.5,48.5,48.0,47.5,47.0,47.0,47.0,46.5,47.0,47.0,47.0,47.5,48.0,48.5,49.0,49.0,49.5,49.5,50.0,50.0,49.5,49.5,50.0,50.0,50.0,50.0,50.0,50.0,50.0,50.0,50.0,50.5,50.5,51.0,51.0,51.5,51.5,51.5,51.5,51.5,51.5,51.0,51.0,50.5,50.5,50.0,50.0,50.0,50.0,50.0,50.5,50.5,50.5,51.0,51.5,51.5,51.5,52.0,52.0,52.0,52.0,52.0,51.5,51.0,50.5,50.0,49.5,49.0,49.0,49.0,49.5,50.0,50.5,51.0,51.0,51.5,51.5,51.5,51.5,51.5,51.5,51.5,51.0,50.5,50.5,50.0,49.5,49.0,49.0,49.0,49.5,49.5,50.0,50.0,50.5,51.0,51.5,51.5,51.5,51.5,51.5,51.5,51.5,51.0,51.0,50.5,50.0,49.5,49.5,49.5,49.5,49.5,50.0,50.0,50.0,50.5,50.5,50.5,51.0,51.0,50.5,50.5,50.5,50.5,50.5,50.5,50.5,50.5,50.5,50.5,50.5,50.5,50.5,50.5,51.0,51.5,52.0,52.5,52.5,53.0,53.0,53.0,53.0,52.5,52.5,52.0,52.0,52.0,52.5,52.5,52.5,52.5,52.5,52.5,53.0,53.0,53.5,54.0,54.0,54.0,54.0,53.5,53.5,53.5,53.0,53.0,52.5,52.5,52.5,52.5,53.0,53.5,53.5,54.0,54.0,54.5,54.5,54.5,54.5,54.5,54.5,54.5,54.5,54.5,54.0,54.0,53.5,53.0,52.5,52.0,52.0,52.0,52.0,52.5,52.5,52.5,53.0,53.0,53.0,53.0,52.5,52.5,52.0,52.0,52.0,51.5,51.5,51.5,51.5,52.0,52.5,52.5,53.0,53.5,53.5,54.0,54.0,54.5,0.0,0.0
29.5,29.0,28.0,27.5,26.5,26.0,25.5,25.0,25.0,24.5,24.5,24.5,24.5,25.0,25.0,25.5,25.5,26.0,26.0,26.0,26.5,26.5,26.0,26.0,25.5,25.0,24.5,24.0,24.0,23.5,23.5,23.5,23.5,24.0,24.0,24.0,24.0,24.0,24.0,24.5,24.5,24.5,24.5,24.0,23.5,23.0,22.5,22.0,21.5,21.0,20.5,20.5,20.5,21.0,21.0,21.0,21.0,21.0,21.0,21.5,21.5,21.5,21.5,22.0,22.0,22.0,22.0,22.0,22.5,23.0,23.5,24.0,24.5,25.0,25.5,25.5,25.5,26.0,26.0,26.0,26.0,26.0,26.0,26.0,25.5,25.0,24.5,24.0,23.5,23.0,22.5,22.0,22.0,22.0,22.0,22.5,22.5,23.0,23.0,23.0,22.5,22.5,22.0,22.0,21.5,21.5,21.0,20.5,20.5,20.0,20.0,19.5,19.5,19.5,20.0,20.0,20.5,21.0,21.5,21.5,22.0,22.0,22.0,21.5,21.5,20.5,20.0,19.5,19.0,19.0,19.0,19.0,19.0,19.0,19.0,19.5,19.5,20.0,20.0,20.5,20.5,21.0,21.0,21.0,20.5,20.5,20.0,19.5,19.0,19.0,18.5,18.0,17.5,17.0,16.0,15.0,13.5,12.0,10.0,8.5,6.5,5.0,4.0,2.5,2.0,1.5,1.5,2.0,3.5,5.5,8.0,11.5,16.5,21.5,28.0,35.0,42.5,50.0,57.5,64.0,71.0,77.0,83.5,89.5,95.0,99.5,102.5,104.5,105.5,105.5,105.5,105.0,103.5,101.5,98.5,95.0,91.0,86.5,82.0,77.0,71.5,66.5,61.0,55.5,50.5,45.5,41.0,37.5,34.0,31.0,29.0,27.0,26.0,25.0,25.0,24.5,25.0,25.0,25.0,25.5,25.5,25.5,25.5,25.0,25.0,24.5,24.5,24.0,23.5,23.0,22.5,22.5,22.5,22.5,23.0,23.0,23.5,23.5,24.0,23.5,23.5,23.0,23.0,22.5,22.0,21.5,21.0,20.5,20.5,20.0,20.0,20.0,20.0,20.0,20.0,20.5,20.5,21.0,21.0,21.5,21.5,21.5,21.5,21.5,21.5,21.0,20.5,20.5,20.5,20.5,20.5,20.5,20.5,21.0,21.0,21.5,21.5,22.0,22.0,22.0,22.5,22.5,22.5,22.0,21.5,21.0,20.5,20.0,19.5,19.0,18.5,18.5,18.5,19.0,19.0,19.5,20.0,20.5,21.0,21.0,21.5,22.0,22.0,22.0,21.5,21.5,21.0,20.5,20.5,20.0,20.0,20.0,20.0,20.5,20.5,21.0,21.0,21.5,22.0,22.5,0.0,0.0
64.5,65.0,65.0,65.0,65.0,64.5,64.0,63.5,63.5,63.0,63.5,63.5,63.5,64.0,64.5,64.5,64.5,64.5,65.0,65.0,65.5,65.5,65.5,65.5,65.0,64.5,64.0,63.5,63.0,62.5,62.0,62.0,61.5,61.5,61.5,61.5,61.5,61.5,61.5,61.5,61.5,61.5,61.5,61.5,61.0,61.0,60.5,60.0,60.0,60.0,60.0,60.0,60.0,60.5,60.5,61.0,61.5,61.5,62.0,62.0,62.5,62.5,62.5,62.5,62.5,62.0,61.5,61.0,61.0,60.5,60.5,60.0,60.0,60.0,60.0,60.0,60.0,60.0,60.0,60.5,60.5,60.5,60.5,60.0,60.0,59.5,59.5,59.0,59.0,59.0,59.0,59.0,59.0,59.5,59.5,60.0,60.0,60.5,61.0,61.5,62.0,62.5,62.5,62.5,62.5,62.0,61.5,61.0,60.5,60.0,60.0,60.0,60.5,61.0,61.0,61.5,62.0,62.0,62.5,62.5,63.0,63.0,63.0,63.0,62.5,62.5,62.0,61.5,61.0,60.5,60.5,60.5,60.5,60.5,61.0,61.0,61.5,62.0,62.0,62.5,62.5,62.5,62.0,61.5,61.0,60.5,60.0,59.5,59.5,59.0,59.0,59.0,59.0,59.0,59.5,60.0,60.5,61.0,61.0,61.5,61.5,61.5,61.5,61.5,61.5,61.0,60.5,60.0,59.5,59.5,59.0,59.0,59.0,59.5,59.5,60.0,60.0,60.5,61.0,61.0,61.5,62.0,62.0,62.0,62.0,62.0,62.0,62.0,61.5,61.5,61.0,61.0,61.0,61.0,61.5,61.5,61.5,62.0,62.0,62.0,62.0,62.0,62.0,62.0,61.5,61.5,61.0,61.0,60.5,60.0,60.0,59.5,60.0,60.0,60.5,61.0,61.5,62.0,62.0,62.5,62.5,63.0,63.0,63.0,63.0,62.5,62.0,61.5,61.0,61.0,60.5,60.0,60.0,59.5,60.0,60.0,60.5,60.5,61.0,61.5,62.0,62.0,62.0,62.0,62.0,61.5,61.0,60.5,60.0,60.0,60.0,60.0,60.5,60.5,60.5,61.0,61.5,62.0,62.5,62.5,62.5,62.5,62.5,62.5,62.0,61.5,61.0,60.5,60.5,60.0,59.5,59.5,59.5,59.5,59.5,59.5,59.5,59.5,60.0,60.5,61.0,61.5,61.5,62.0,62.0,61.5,61.5,61.0,60.5,60.5,60.0,59.5,59.5,59.5,60.0,60.5,61.0,62.0,62.5,62.5,63.0,63.0,63.0,63.5,63.5,63.0,62.5,62.0,61.5,61.0,60.5,60.5,60.5,60.5,61.0,61.5,62.0,62.0,62.5,63.0,0.0,0.0
33.5,33.5,33.5,33.5,33.5,34.0,34.0,34.5,35.0,35.0,35.0,35.0,35.0,35.0,34.5,34.5,34.0,33.5,33.0,32.5,32.0,31.5,31.5,31.5,32.0,32.0,33.0,33.5,34.0,34.5,35.0,35.0,35.5,35.5,35.0,35.0,35.0,35.0,34.5,34.5,34.0,34.0,33.5,33.5,33.5,34.0,34.0,34.5,35.0,35.5,36.0,36.5,36.5,36.5,36.5,36.5,36.0,35.0,34.5,34.0,33.5,33.5,33.5,33.5,33.5,34.0,34.5,35.0,35.5,35.5,35.5,35.5,36.0,35.5,35.5,35.5,35.5,35.5,35.0,34.5,34.0,34.0,33.5,33.5,34.0,34.0,34.0,34.5,34.5,34.5,35.0,35.0,35.5,35.0,35.0,35.0,34.5,34.5,34.0,33.5,33.0,32.5,32.5,32.5,32.5,33.5,34.0,35.0,36.0,37.0,37.5,38.5,38.5,39.0,39.0,39.0,39.0,38.5,38.5,38.5,38.5,38.5,38.5,38.5,38.5,39.0,39.0,39.5,39.5,40.0,40.0,40.0,39.5,39.5,39.0,38.5,38.0,38.0,38.0,37.5,37.5,37.5,37.5,38.0,38.5,39.0,39.5,40.5,41.0,41.5,42.0,42.0,42.5,42.5,43.0,43.0,42.5,42.5,42.0,41.5,41.0,41.0,40.5,40.5,40.5,41.0,41.0,41.5,41.5,42.0,42.5,42.5,42.5,43.0,43.0,43.0,43.0,42.5,42.5,42.5,42.0,42.0,42.0,42.0,42.0,42.0,42.5,43.0,43.5,44.0,44.5,45.0,45.5,45.5,45.0,44.5,43.5,42.0,40.5,39.0,37.5,35.5,33.5,31.5,29.0,27.5,25.5,24.5,23.5,22.5,22.5,22.5,23.5,24.5,26.5,29.0,32.0,36.5,41.5,47.0,53.5,60.0,67.0,74.0,80.5,87.0,93.5,100.0,106.0,112.0,117.0,121.0,123.5,125.0,125.5,125.5,125.0,123.0,121.0,117.5,113.5,109.0,104.5,99.5,94.5,89.5,84.0,79.5,75.0,71.0,67.0,63.5,60.0,57.0,54.5,52.0,50.0,48.5,47.0,46.5,46.0,46.0,46.0,46.5,47.0,48.0,48.5,49.0,49.5,49.5,49.5,49.5,49.5,49.0,49.0,48.5,47.5,47.0,46.5,46.0,46.0,45.5,45.5,45.5,45.0,45.5,45.5,46.0,46.5,46.5,47.0,47.0,47.0,47.0,47.0,46.5,46.5,46.0,45.5,45.0,45.0,44.5,44.5,44.5,44.5,45.0,46.0,46.5,47.0,47.5,48.0,48.0,48.0,48.5,48.0,47.5,47.0,46.5,46.5,46.0,0.0,0.0
25.0,25.5,25.5,25.5,25.5,25.5,25.5,25.5,25.0,25.0,25.0,24.5,24.0,24.0,24.0,24.0,24.5,24.5,25.0,25.5,26.0,26.5,26.5,27.0,27.0,27.0,26.5,26.5,26.0,25.5,25.0,25.0,25.0,24.5,24.5,25.0,25.5,26.0,26.5,27.0,27.0,27.5,27.5,27.5,27.0,26.5,26.0,26.0,25.5,25.0,24.5,24.5,24.0,24.0,24.0,24.5,24.5,25.0,25.5,25.5,26.0,26.0,26.5,26.5,26.5,26.5,26.5,26.5,26.5,26.0,26.0,25.5,25.5,25.5,25.5,26.0,26.0,26.0,26.0,26.5,26.5,27.0,27.0,27.0,27.0,27.0,26.5,26.0,26.0,25.5,25.5,25.0,25.0,24.5,24.5,24.5,24.5,24.5,24.5,25.0,25.5,25.5,25.5,26.0,26.0,26.0,25.5,25.5,25.0,25.0,24.5,24.5,24.5,24.5,25.0,25.5,26.0,26.0,26.5,27.0,27.5,27.5,28.0,28.0,28.0,28.0,27.5,27.5,27.0,26.5,26.5,26.5,26.5,26.5,26.0,26.5,26.5,27.0,27.0,27.5,28.0,28.0,28.5,28.5,28.5,28.0,28.0,27.5,27.0,26.5,26.5,26.0,26.0,26.0,26.0,26.5,27.0,27.0,27.5,27.5,27.5,28.0,28.0,28.0,28.0,27.5,27.5,27.0,26.5,26.0,26.0,25.5,25.5,25.5,26.0,26.0,26.5,27.0,27.5,28.0,28.0,28.5,28.5,28.5,28.5,28.5,28.0,28.0,27.5,27.5,27.0,27.0,26.5,26.5,26.5,26.5,26.5,26.5,27.0,27.0,27.5,27.5,28.0,28.0,28.0,27.5,27.5,27.0,26.5,26.5,26.0,25.5,25.5,25.0,25.0,25.5,26.0,26.5,27.0,27.5,27.5,27.5,27.5,27.5,27.0,27.0,26.5,26.0,26.0,26.0,26.0,26.0,26.0,25.5,25.5,25.5,25.5,25.5,25.5,25.5,25.5,25.5,25.5,25.5,25.5,25.5,25.5,25.5,25.0,24.5,24.5,24.0,24.0,24.0,24.0,24.0,24.5,24.5,25.0,25.5,26.0,26.0,26.5,26.5,26.5,26.5,26.0,25.5,25.5,25.0,24.5,24.0,24.0,23.5,23.5,23.5,23.5,23.5,24.0,24.0,24.0,24.0,24.0,24.0,24.0,24.0,24.0,23.5,23.5,23.5,23.0,23.0,23.0,23.0,23.0,23.0,23.0,23.0,22.5,22.5,22.5,22.0,22.0,21.5,21.5,21.5,21.5,21.5,22.5,23.0,24.0,25.0,26.0,27.0,28.0,28.5,29.5,30.0,30.0,30.5,0.0,0.0
26.5,26.0,25.5,25.0,24.0,23.0,22.0,21.0,20.0,19.0,18.5,18.5,19.0,20.0,21.0,23.0,24.5,26.0,27.0,28.0,28.5,29.0,29.0,28.5,28.5,28.0,27.5,27.0,26.0,25.0,24.5,24.0,23.5,23.5,23.5,24.0,24.0,24.5,25.0,25.0,25.5,25.5,25.5,25.0,25.0,24.5,24.0,24.0,23.5,23.5,23.0,23.0,23.0,23.5,23.5,24.0,24.5,25.0,25.0,25.0,24.5,24.5,24.0,23.5,23.5,23.0,22.5,22.5,22.0,22.0,22.0,22.0,22.0,22.5,22.5,23.0,23.5,24.0,24.0,24.0,24.5,24.5,24.5,24.5,24.5,24.5,24.0,24.0,23.5,23.5,23.5,24.0,24.0,24.0,24.5,24.5,25.0,25.0,25.0,25.5,25.5,25.5,25.0,25.0,24.5,24.0,24.0,23.5,23.5,23.0,23.0,23.0,23.5,23.5,24.0,24.5,25.0,25.5,26.0,26.5,26.5,26.5,26.5,26.5,26.0,26.0,25.5,25.5,25.5,25.5,25.5,26.0,26.0,26.5,26.5,27.0,27.0,27.5,27.5,27.5,27.5,27.0,27.0,26.5,26.5,26.0,25.5,25.0,24.5,24.5,24.5,24.5,24.5,25.0,26.0,26.5,27.0,27.5,27.5,28.0,28.0,27.5,27.5,27.0,26.5,26.0,25.5,25.0,25.0,25.0,25.0,25.5,26.0,27.0,27.5,28.0,28.5,28.5,29.0,29.0,29.0,28.5,28.5,28.0,27.5,27.0,27.0,26.5,26.0,26.0,25.5,26.0,26.0,26.0,26.0,26.5,26.5,27.0,27.0,27.0,27.0,27.0,26.5,26.5,26.0,26.0,26.0,26.0,26.0,26.0,25.5,25.5,26.0,26.5,26.5,27.0,27.5,28.0,28.5,28.5,29.0,29.0,29.0,28.5,28.5,28.0,28.0,27.5,27.5,27.0,27.0,27.0,27.0,27.5,27.5,28.0,28.0,28.5,28.5,29.0,29.0,29.5,29.5,29.5,29.5,29.5,29.5,29.5,29.0,29.0,29.0,29.0,29.0,29.5,29.5,30.0,30.5,31.0,31.0,31.0,31.0,31.0,30.5,30.5,30.5,30.5,30.5,30.5,30.0,29.5,29.0,28.5,28.0,28.0,28.0,28.0,28.0,28.0,28.5,28.5,28.5,28.0,28.0,27.5,27.0,26.5,26.0,26.0,26.0,26.0,26.0,26.0,26.0,26.0,26.0,26.0,26.5,26.5,26.5,26.5,27.0,27.0,27.5,28.0,28.0,28.0,27.5,27.5,27.5,27.5,27.5,27.5,28.0,28.5,29.0,29.5,30.0,30.5,31.0,31.5,0.0,0.0
53.5,55.0,55.5,56.0,56.0,55.5,55.0,54.5,53.5,53.0,52.5,51.5,51.5,51.0,51.0,51.5,51.5,52.0,52.5,53.0,53.5,53.5,53.5,53.0,53.0,52.5,52.0,51.5,51.5,51.0,50.5,50.5,50.5,51.0,51.5,52.0,52.5,53.0,53.5,54.5,55.0,55.0,55.5,55.0,55.0,54.5,54.0,53.5,53.0,53.0,53.0,53.0,53.0,53.0,53.0,53.0,53.0,53.5,53.5,54.0,54.0,54.0,54.5,54.5,54.5,54.5,54.0,53.5,53.0,52.5,52.5,52.5,52.5,52.5,52.5,52.5,53.0,53.0,53.5,54.0,54.5,55.0,55.0,55.5,55.5,55.5,55.0,55.0,54.5,54.0,54.0,54.0,54.5,54.5,55.0,55.5,56.0,56.5,56.5,56.5,56.5,56.5,56.5,56.5,56.0,55.5,55.5,55.0,55.0,55.0,55.0,55.0,55.5,56.0,56.5,57.0,57.0,57.5,58.0,58.5,59.0,59.0,59.5,59.0,59.0,58.5,58.0,58.0,57.5,57.5,57.5,57.5,57.5,57.5,58.0,58.5,59.5,60.0,60.5,61.0,61.0,61.0,61.0,60.5,60.0,59.5,58.5,58.5,58.0,58.0,58.0,58.0,58.0,58.5,58.5,59.0,59.0,59.0,59.5,59.5,60.0,60.0,60.0,60.0,60.0,60.0,60.0,60.0,60.0,60.0,60.5,60.5,61.0,61.0,61.5,62.0,62.5,62.5,62.5,62.5,62.5,62.5,62.5,62.0,61.0,60.5,60.0,60.0,60.0,59.5,59.5,59.5,59.5,60.0,60.0,60.5,61.0,61.5,62.0,62.5,63.5,63.5,64.0,64.0,64.0,64.0,64.0,64.0,63.5,63.5,63.5,64.0,64.0,64.5,64.5,65.0,65.0,65.5,65.5,66.0,66.0,66.0,66.0,66.0,65.5,65.5,65.0,65.0,64.5,64.5,64.5,64.0,64.0,64.5,64.5,65.0,65.5,66.0,66.0,66.5,66.5,66.5,66.0,66.0,65.5,65.0,64.5,64.5,64.5,64.5,64.5,64.5,64.5,65.0,65.5,66.0,66.5,67.0,67.0,67.0,67.5,67.5,67.0,67.0,66.5,66.0,66.0,65.5,65.0,64.5,64.5,64.5,64.5,65.0,65.5,66.5,67.0,67.5,67.5,67.5,67.5,67.5,67.0,66.5,66.0,66.0,65.5,65.0,64.5,64.0,63.5,63.0,63.0,62.5,63.0,63.0,63.0,63.5,63.5,63.5,64.0,64.0,64.0,64.0,64.0,64.0,63.5,63.5,63.5,63.5,63.5,64.0,64.0,64.5,65.0,65.5,66.0,67.0,68.0,69.0,0.0,0.0
53.0,53.0,53.0,53.0,53.5,54.0,54.5,55.0,55.5,56.0,56.0,56.0,56.0,56.0,55.5,55.5,55.0,55.0,55.0,54.5,54.5,54.5,55.0,55.0,55.5,56.0,56.0,56.0,56.0,56.5,56.5,56.5,56.5,56.5,56.0,55.5,55.0,54.0,53.5,53.0,52.5,52.5,52.5,52.0,52.5,52.5,53.0,53.5,54.0,54.0,54.5,54.5,55.0,55.0,54.5,54.5,54.5,54.0,54.0,54.0,54.5,54.5,55.0,56.0,56.5,57.5,58.5,59.5,60.0,61.0,61.0,61.5,61.5,61.0,60.5,60.0,59.5,59.0,59.0,58.5,58.0,58.0,58.0,58.0,58.5,58.5,58.5,59.0,59.5,59.5,60.0,60.5,60.5,61.0,60.5,60.5,60.0,59.5,59.5,59.0,59.0,59.0,59.5,59.5,60.0,60.5,61.0,61.5,62.0,62.0,62.5,62.5,62.5,62.5,62.0,61.5,61.0,60.5,60.5,60.0,60.0,60.0,60.5,60.5,60.5,60.5,60.5,61.0,60.5,60.5,60.5,60.5,60.5,60.0,60.0,59.5,59.5,59.5,59.0,59.5,59.0,59.0,58.5,58.0,57.5,57.0,56.0,54.5,53.0,51.0,49.0,47.5,46.0,44.5,43.5,42.0,41.5,41.0,41.5,43.0,45.0,48.0,52.0,57.0,63.0,69.5,77.0,85.0,92.5,99.5,106.5,112.5,119.0,125.0,131.0,136.0,140.5,143.0,145.0,146.0,146.0,146.0,145.0,143.0,140.5,137.0,133.0,128.0,123.5,118.0,113.0,107.5,102.5,97.5,92.5,88.0,84.0,80.0,76.5,73.5,71.0,68.5,67.0,66.0,65.5,65.5,65.5,66.0,66.0,66.0,66.0,65.5,65.5,65.0,64.5,63.5,63.0,62.5,62.0,61.0,61.0,60.5,60.0,60.0,60.0,60.0,60.0,60.0,60.5,60.5,60.5,60.5,60.5,60.5,60.5,60.0,60.0,59.5,59.0,58.5,58.5,58.5,58.5,59.0,59.0,59.5,59.5,60.0,60.5,60.5,61.0,61.0,61.0,61.0,60.5,60.5,60.5,60.5,60.0,60.0,60.0,60.0,59.5,59.5,59.0,58.0,57.5,57.0,57.0,56.5,56.5,56.5,56.5,56.5,57.0,57.5,58.5,59.0,59.5,60.5,61.0,61.5,62.0,62.5,63.0,63.5,63.5,63.5,63.0,62.5,62.5,62.0,61.5,61.0,60.5,60.0,59.5,59.5,59.0,59.0,59.0,59.0,59.0,59.0,59.0,59.5,59.5,60.0,60.5,60.5,61.0,61.0,60.5,60.5,60.0,60.0,59.5,59.5,59.5,59.0,0.0,0.0
63.0,63.0,63.5,64.5,65.5,67.0,68.0,69.0,70.0,70.5,70.5,70.5,70.5,70.5,70.0,70.0,69.5,69.5,69.5,69.5,69.0,69.0,68.5,68.5,68.0,68.0,68.0,68.0,67.5,67.5,67.5,67.0,67.0,67.0,67.0,67.0,67.0,67.0,67.5,67.5,68.0,68.0,68.5,68.5,69.0,68.5,68.5,68.5,68.0,67.5,67.5,67.0,66.5,66.5,66.0,66.0,66.0,66.0,66.5,67.0,67.5,68.0,68.0,68.5,68.5,68.5,68.5,68.0,67.5,67.0,67.0,66.5,66.5,66.5,66.5,67.0,67.0,67.5,68.0,68.0,68.0,68.0,67.5,67.5,67.5,67.5,67.5,67.0,67.0,66.5,66.5,66.0,65.5,65.5,65.5,65.5,66.0,66.5,67.0,67.0,67.5,68.0,68.0,68.0,68.0,68.0,68.0,67.5,67.5,67.0,67.0,67.0,66.5,66.5,66.5,66.5,67.0,67.0,67.5,68.0,68.5,68.5,68.5,68.5,68.5,68.5,68.5,68.0,68.0,67.5,67.5,67.5,67.0,67.0,66.5,66.5,66.5,67.0,67.0,67.5,68.0,68.0,68.5,68.5,68.5,68.0,68.0,68.0,67.5,67.5,67.0,66.5,66.5,66.5,66.5,66.5,67.0,67.0,67.5,68.0,68.5,69.0,69.5,69.5,70.0,70.0,69.5,69.0,69.0,68.5,68.0,67.5,67.0,66.5,66.5,66.5,66.5,67.0,67.0,67.5,67.5,67.5,67.5,67.5,67.5,67.0,66.5,66.5,66.0,65.5,65.5,65.0,64.5,64.0,64.0,64.0,64.0,64.0,64.5,64.5,65.0,65.5,65.5,65.5,65.5,65.5,65.0,64.5,64.0,63.5,63.0,62.5,62.0,61.5,61.0,60.5,60.0,60.5,61.0,62.0,63.0,64.0,65.0,66.0,67.0,67.5,68.0,68.5,68.5,68.5,68.5,68.5,69.0,69.0,69.0,69.5,69.5,69.5,69.5,70.0,70.5,71.0,71.0,71.5,71.0,70.5,70.0,69.5,68.5,67.5,67.0,66.5,66.0,66.0,66.0,66.5,67.0,67.5,68.0,68.0,68.5,69.0,69.5,69.5,69.5,69.5,69.5,69.0,68.5,68.5,68.0,68.0,67.5,67.5,67.5,67.5,67.5,68.0,68.0,68.5,69.0,69.0,69.5,69.5,69.5,69.5,69.0,68.5,68.0,67.5,67.5,67.0,67.0,67.0,67.0,67.0,67.0,67.0,67.5,67.5,68.0,68.0,68.5,68.0,68.0,67.5,67.0,66.5,65.5,64.5,63.0,61.0,58.5,56.0,54.0,52.0,50.0,49.0,48.5,48.0,0.0,0.0
36.5,36.0,36.0,36.0,36.5,36.5,36.5,36.5,36.5,36.5,37.0,37.0,36.5,36.5,36.0,36.0,35.5,35.0,35.0,34.5,34.5,34.5,35.0,35.5,36.0,36.0,36.5,36.5,36.5,36.5,37.0,37.0,37.0,37.5,37.5,37.5,37.5,37.5,37.5,37.0,37.0,37.0,37.0,37.0,37.5,37.5,38.0,38.5,38.5,38.5,38.5,38.5,38.5,38.0,38.0,37.5,37.0,36.5,36.5,36.5,36.5,37.0,37.0,36.5,36.5,35.5,35.0,33.5,32.0,30.5,28.5,26.5,24.5,22.5,21.0,19.5,18.0,16.5,15.5,15.0,15.5,16.5,19.0,22.5,27.0,32.5,38.5,45.5,52.5,60.0,67.5,74.5,81.0,86.5,92.0,97.5,102.5,107.5,112.0,116.0,119.0,121.0,122.5,123.5,124.0,123.0,121.0,118.0,114.0,109.0,104.0,99.0,93.5,88.0,82.5,77.0,72.0,67.0,62.5,58.5,55.0,52.0,49.0,46.5,45.0,43.5,42.5,42.0,41.5,41.5,41.5,41.5,41.0,41.0,40.5,40.0,40.0,40.0,39.5,39.5,39.5,39.0,39.0,39.0,39.5,39.5,39.5,39.5,39.5,39.0,39.0,38.5,38.5,38.0,38.0,37.5,37.5,37.5,37.0,37.0,37.5,37.5,38.0,38.5,39.0,39.0,39.5,40.0,40.0,40.0,40.5,40.5,40.5,40.0,40.0,39.5,39.5,39.0,38.5,38.5,38.0,38.0,38.5,39.0,39.5,40.0,40.5,41.0,41.0,41.0,41.0,41.0,41.0,41.0,40.5,40.0,40.0,39.5,39.5,39.5,39.5,40.0,40.5,41.5,42.0,42.0,42.5,43.0,43.0,43.5,43.5,43.0,43.0,42.5,42.5,42.0,42.0,41.5,41.5,41.5,41.5,41.5,41.5,42.0,42.0,42.5,43.0,43.5,43.5,43.5,43.0,43.0,42.5,42.5,42.0,42.0,41.5,41.5,41.5,41.5,42.0,42.0,42.5,43.0,43.0,43.5,43.5,44.0,44.0,44.5,44.5,44.5,44.5,44.5,44.0,44.0,43.5,43.0,43.0,42.5,42.5,43.0,43.5,43.5,44.0,44.5,45.0,45.5,46.0,46.0,46.0,46.0,45.5,45.0,44.0,43.5,43.5,43.0,43.0,43.0,42.5,42.5,42.5,43.0,43.5,44.0,44.5,45.0,45.5,46.0,46.0,46.5,46.0,46.0,45.5,45.0,45.0,45.0,45.5,45.5,46.0,46.0,46.5,46.5,47.0,47.0,47.5,48.0,48.0,48.5,48.5,48.5,48.5,48.5,48.0,48.0,47.5,47.5,47.5,47.0,0.0,0.0
44.5,45.0,45.0,45.0,45.0,44.5,44.0,44.0,43.5,43.5,43.0,43.0,43.0,43.0,43.0,43.0,43.0,43.5,43.5,43.5,44.0,44.5,44.5,45.0,44.5,44.5,44.0,43.5,43.0,43.0,43.0,43.0,43.0,43.0,43.0,43.5,43.5,43.5,43.5,43.5,43.5,43.5,43.5,43.5,44.0,44.0,44.0,44.0,44.0,43.5,43.5,43.5,44.0,44.5,45.0,45.5,45.5,45.5,45.0,45.0,44.5,44.0,44.0,44.0,44.0,44.0,44.0,44.0,43.5,43.0,42.5,42.0,42.0,41.5,41.5,41.5,42.0,42.5,42.5,42.5,43.0,43.0,43.5,43.5,43.5,43.0,43.0,42.5,42.5,42.0,42.0,41.5,41.5,41.5,41.5,41.5,42.0,42.0,42.5,43.0,43.5,44.0,44.0,44.0,43.5,43.0,42.0,41.0,40.0,39.5,38.5,38.0,38.0,38.0,38.0,38.0,38.5,39.0,39.5,40.0,40.5,41.0,41.0,41.0,41.0,40.5,39.5,39.0,38.5,38.0,38.5,38.5,39.5,40.0,41.0,41.5,42.0,42.5,42.5,42.5,42.5,42.5,42.0,41.5,41.0,40.0,39.5,38.5,38.0,37.5,37.0,36.5,36.5,36.5,36.5,36.5,36.5,37.0,37.5,37.5,38.0,38.0,38.0,38.0,38.0,38.0,38.0,37.5,37.5,37.0,36.5,36.5,36.0,35.5,35.0,34.5,34.5,34.5,34.5,35.0,35.5,36.5,37.0,37.0,37.0,37.0,36.5,36.0,35.5,35.5,36.0,36.0,36.5,37.0,37.5,38.0,39.0,39.5,40.0,40.0,40.0,40.0,40.0,39.5,39.0,38.5,38.0,37.5,37.0,36.5,36.5,36.5,36.5,36.5,36.5,37.0,37.0,37.0,37.0,37.5,37.5,38.0,38.0,38.0,37.5,37.5,37.0,36.0,36.0,35.5,35.5,35.5,35.5,35.5,36.0,36.0,35.5,35.5,35.0,35.0,35.0,35.5,36.0,36.0,36.5,36.5,36.5,36.0,35.5,35.5,35.0,35.0,34.5,34.5,34.0,34.5,34.5,35.0,35.5,36.0,36.0,36.5,36.5,36.0,36.0,35.5,34.5,34.0,33.5,33.5,33.0,33.0,33.0,33.0,33.0,32.5,32.0,31.0,29.5,28.0,26.0,24.0,22.5,20.5,19.5,18.5,17.5,16.5,16.0,16.0,16.0,17.0,19.0,22.5,26.5,31.5,37.5,43.5,50.5,57.5,65.0,72.5,79.0,85.0,90.5,94.5,98.5,102.0,104.5,107.0,108.5,108.5,108.5,107.5,106.5,105.0,103.5,101.0,98.5,95.0,0.0,0.0
21.0,21.5,22.5,23.5,24.5,25.5,26.5,27.0,27.5,27.5,28.0,28.0,28.0,28.0,28.0,27.5,27.0,26.5,26.0,25.0,24.5,24.0,23.5,23.5,23.0,22.5,22.5,22.0,21.5,21.5,21.5,21.5,22.0,22.5,22.5,23.0,23.0,23.0,23.0,23.0,22.5,22.0,21.5,21.5,21.5,21.5,21.5,21.5,22.0,22.0,22.5,22.5,23.0,23.5,23.5,24.0,24.0,24.5,24.5,24.0,24.0,23.5,23.5,23.5,23.0,22.5,22.5,22.5,22.5,22.5,23.0,23.5,24.0,24.0,24.5,24.5,24.5,24.5,24.5,24.5,24.0,23.5,23.5,23.0,23.0,22.5,22.5,22.5,22.5,23.0,23.5,23.5,24.0,24.0,24.0,24.0,24.0,24.0,24.0,24.0,24.0,24.0,23.5,23.5,23.5,23.5,23.5,23.5,23.5,23.5,23.5,23.5,24.0,24.0,24.0,24.5,24.5,24.5,24.5,24.0,23.5,23.0,22.5,22.0,22.0,22.0,22.0,22.0,22.5,22.5,23.0,23.5,24.0,25.0,25.0,25.5,25.5,26.0,26.0,25.5,25.5,25.0,25.0,24.5,24.0,24.0,24.0,24.0,24.5,24.5,25.0,25.0,25.5,25.5,26.0,26.0,26.0,26.0,25.5,25.5,25.0,24.5,24.0,23.5,23.0,23.0,23.0,23.0,23.0,23.5,24.0,24.5,25.0,25.5,26.0,26.0,26.0,26.0,26.0,25.5,25.5,25.0,25.0,25.0,25.0,25.5,25.5,26.0,26.5,27.0,27.0,27.5,28.0,28.0,28.5,28.5,29.0,29.0,28.5,28.5,28.0,27.5,26.5,26.5,26.0,25.5,25.5,25.5,25.5,25.5,26.0,26.5,27.0,27.0,27.5,28.0,28.0,28.5,28.5,28.5,28.5,28.0,27.5,27.0,26.5,26.0,25.5,25.5,25.5,26.0,26.5,27.0,27.5,28.0,28.0,28.5,28.0,28.0,27.5,27.5,27.0,27.0,27.0,26.5,26.5,26.0,26.0,25.5,25.0,25.0,25.0,25.0,25.0,25.0,25.0,25.0,25.0,24.5,24.5,24.5,24.0,24.0,24.0,24.0,24.0,24.0,24.0,24.0,24.5,25.5,26.5,27.5,28.5,29.5,30.0,30.5,30.5,30.5,30.5,30.0,29.5,29.0,28.5,28.0,27.5,27.5,27.5,27.5,27.5,27.5,28.0,28.5,29.0,29.0,29.5,29.5,29.5,29.5,29.0,28.5,28.0,28.0,27.5,27.5,27.5,27.5,27.5,27.5,27.5,27.5,27.5,28.0,28.5,28.5,29.0,29.5,30.0,30.5,30.0,30.0,0.0,0.0
17.5,17.5,17.5,17.5,17.5,17.5,17.0,17.0,17.0,17.0,17.0,17.0,16.5,16.5,17.0,17.0,17.5,18.0,18.5,19.5,20.0,20.5,20.5,21.0,21.0,21.0,20.5,20.0,19.5,19.5,19.0,19.0,19.0,19.0,19.0,19.5,20.0,20.0,20.5,21.0,21.0,21.0,21.5,21.5,21.5,21.0,21.0,21.0,21.0,20.5,20.5,20.0,20.0,20.0,20.0,20.0,20.0,20.5,21.5,22.0,22.5,23.0,23.5,24.0,24.0,24.0,24.0,23.5,23.0,22.5,22.0,21.5,21.5,21.5,21.5,21.5,21.5,22.0,22.0,22.5,22.5,23.0,23.5,23.5,24.0,24.0,24.0,24.0,24.0,23.5,23.0,22.5,22.0,22.0,22.0,22.0,22.5,23.0,23.0,23.5,24.0,24.0,24.0,24.0,24.0,23.5,23.0,22.5,22.0,21.5,21.0,20.5,20.0,20.0,20.0,20.0,20.5,21.0,22.0,22.5,23.5,24.0,24.5,25.0,25.0,24.5,24.5,24.0,23.5,23.0,23.0,22.5,22.5,22.5,22.5,22.5,23.0,23.5,24.0,24.5,25.5,26.0,26.0,26.0,26.0,26.0,25.5,25.5,25.0,25.0,24.0,23.5,23.0,22.5,22.5,23.0,23.5,23.5,24.0,24.0,24.5,25.0,25.5,25.5,26.0,26.0,25.5,25.5,25.0,25.0,25.0,25.0,25.0,25.0,25.0,25.0,25.0,25.5,26.0,26.5,27.0,27.5,27.5,28.0,28.0,28.0,28.0,28.0,27.5,27.5,27.0,26.5,26.0,25.5,26.0,26.0,27.0,27.5,28.5,29.0,29.5,29.5,30.0,29.5,29.5,29.0,28.5,27.5,27.0,26.0,25.0,23.5,22.0,20.5,19.0,17.0,15.5,13.5,12.0,11.0,10.5,10.0,10.0,10.0,10.5,11.5,13.0,15.0,17.5,21.0,25.0,30.5,36.5,43.5,50.5,58.0,64.5,71.5,78.0,84.5,90.5,96.5,102.0,106.0,109.5,111.5,112.5,113.0,113.0,111.5,109.5,106.0,102.0,97.5,92.0,87.0,82.0,77.0,72.0,67.0,62.5,58.0,54.0,50.0,46.5,43.5,40.0,37.5,35.5,33.5,32.5,31.5,31.0,30.5,30.5,30.0,30.5,30.5,31.0,31.0,31.5,31.5,31.5,31.5,31.5,31.0,30.5,30.0,29.0,28.5,28.0,27.0,27.0,26.5,26.5,26.5,26.5,27.0,27.5,28.0,28.0,28.5,28.5,28.5,28.5,28.5,28.5,28.0,28.0,27.5,27.0,26.5,26.5,26.0,26.0,26.0,26.5,27.0,27.5,28.0,0.0,0.0
54.0,54.0,54.0,53.5,53.5,53.5,53.0,53.0,53.0,52.5,52.5,52.5,52.5,53.0,53.5,53.5,54.0,54.5,55.0,55.5,55.5,55.5,55.5,55.5,55.5,55.0,55.0,54.5,54.5,54.0,53.5,53.0,53.0,53.5,54.0,54.5,55.0,55.0,55.5,56.0,56.0,56.0,56.0,55.5,55.0,54.5,54.0,53.5,53.0,53.0,52.5,52.5,52.5,52.5,52.5,53.0,53.5,54.0,54.5,54.5,54.5,54.5,54.5,54.5,54.5,54.5,54.5,54.5,54.0,54.0,54.0,54.0,54.0,54.0,54.5,54.5,54.5,54.5,55.0,55.0,55.5,55.5,55.0,55.0,54.5,54.0,54.0,53.5,53.0,53.0,53.0,53.0,53.0,53.0,53.5,54.0,54.5,55.0,55.5,56.0,56.0,56.0,56.0,56.0,55.5,55.5,55.0,55.0,55.0,54.5,54.5,54.5,55.0,55.0,55.5,56.0,56.0,56.0,56.0,56.5,56.5,56.5,56.5,56.5,56.0,55.5,55.0,54.0,53.5,53.0,52.5,52.5,52.5,52.0,52.5,52.5,53.0,53.5,54.0,54.0,54.5,54.5,55.0,55.0,54.5,54.5,54.5,54.0,54.0,54.0,54.5,54.5,55.0,56.0,56.5,57.5,58.5,59.5,60.0,61.0,61.0,61.5,61.5,61.0,60.5,60.0,59.5,59.0,59.0,58.5,58.0,58.0,58.0,58.0,58.5,58.5,58.5,59.0,59.5,59.5,60.0,60.5,60.5,61.0,60.5,60.5,60.0,59.5,59.5,59.0,59.0,59.0,59.5,59.5,60.0,60.5,61.0,61.5,62.0,62.0,62.5,62.5,62.5,62.5,62.0,61.5,61.0,60.5,60.5,60.0,60.0,60.0,60.5,60.5,60.5,60.5,60.5,61.0,60.5,60.5,60.5,60.5,60.5,60.0,60.0,59.5,59.5,59.5,59.0,59.5,59.0,59.0,58.5,58.0,57.5,57.0,56.0,54.5,53.0,51.0,49.0,47.5,46.0,44.5,43.5,42.0,41.5,41.0,41.5,43.0,45.0,48.0,52.0,57.0,63.0,69.5,77.0,85.0,92.5,99.5,106.5,112.5,119.0,125.0,131.0,136.0,140.5,143.0,145.0,146.0,146.0,146.0,145.0,143.0,140.5,137.0,133.0,128.0,123.5,118.0,113.0,107.5,102.5,97.5,92.5,88.0,84.0,80.0,76.5,73.5,71.0,68.5,67.0,66.0,65.5,65.5,65.5,66.0,66.0,66.0,66.0,65.5,65.5,65.0,64.5,63.5,63.0,62.5,62.0,61.0,61.0,60.5,60.0,60.0,60.0,60.0,60.0,60.0,60.5,60.5,0.0,0.0
25.5,25.0,24.5,24.0,23.5,22.5,21.5,20.5,19.5,19.0,18.5,18.5,19.0,20.0,21.5,23.0,25.0,26.5,27.5,28.5,29.5,30.0,30.5,30.5,30.5,30.0,30.0,29.5,29.0,28.5,28.0,27.5,27.0,27.0,27.5,27.5,27.5,27.5,27.5,27.5,27.0,27.0,26.5,26.0,25.0,24.5,24.0,23.5,23.0,23.0,22.5,22.5,22.5,22.5,22.5,22.5,22.5,23.0,23.5,24.0,24.5,24.5,24.5,24.5,24.5,24.0,23.5,23.5,23.5,24.0,24.0,24.5,24.5,25.0,25.5,25.5,25.5,26.0,26.0,26.0,26.0,26.0,26.0,26.0,25.5,25.5,25.5,25.5,25.5,25.5,25.5,25.5,26.0,26.0,26.5,26.5,27.0,27.0,27.5,27.5,27.5,27.5,27.5,27.5,27.0,26.5,26.0,26.0,25.5,25.5,26.0,26.0,26.5,27.0,27.5,28.0,28.5,29.0,29.0,29.0,29.0,29.0,29.0,28.5,28.5,28.5,28.0,28.0,27.5,27.5,27.5,28.0,28.5,29.0,29.5,30.0,30.5,31.0,31.5,32.0,32.0,32.0,31.5,31.5,31.0,31.0,30.5,30.0,29.5,30.0,30.0,30.5,31.0,31.0,31.5,31.5,32.0,32.0,32.5,32.5,32.5,32.5,32.0,32.0,32.0,31.5,31.5,31.5,32.0,32.0,32.5,32.5,33.0,33.5,33.5,33.5,34.0,34.0,34.0,34.0,34.5,34.5,34.5,34.0,33.5,33.0,33.0,32.5,32.5,33.0,33.5,33.5,34.0,34.5,34.5,35.0,35.0,35.0,35.5,35.5,36.0,36.0,35.5,35.5,35.0,34.5,34.0,34.0,33.5,33.5,33.5,34.0,34.0,34.5,35.0,35.5,35.5,36.0,36.5,37.0,37.0,36.5,36.0,36.0,35.5,35.0,35.0,35.5,35.5,36.0,36.0,36.5,36.5,37.0,37.0,37.5,38.5,39.0,39.5,39.5,40.0,40.0,40.0,40.0,39.5,39.0,38.5,38.0,37.5,37.5,38.0,38.0,38.5,38.5,39.0,39.5,40.0,40.0,40.0,40.0,40.0,40.0,40.0,40.0,39.5,39.0,39.0,38.5,38.5,38.5,38.5,38.5,38.5,39.0,39.0,39.5,39.5,39.5,40.0,40.0,40.0,40.0,40.0,40.0,40.0,39.5,39.5,39.5,39.0,39.0,39.5,39.5,40.0,40.0,40.0,40.0,40.0,40.0,40.0,40.0,39.5,39.5,39.0,39.0,38.5,38.0,38.0,37.5,37.5,37.5,37.5,37.5,38.0,38.0,38.5,39.0,39.5,40.0,40.0,40.5,0.0,0.0
44.0,44.5,44.5,45.0,45.5,45.5,45.5,46.0,46.0,46.0,45.5,45.0,45.0,44.5,44.0,43.5,43.0,43.0,42.5,42.0,42.0,42.0,42.0,42.0,42.0,42.0,42.5,42.5,42.5,43.0,43.0,43.0,43.0,42.5,42.5,42.5,42.0,42.0,42.0,41.5,41.5,42.0,42.0,42.5,43.0,43.0,43.5,44.0,44.0,44.0,44.5,44.5,44.5,44.5,44.0,43.5,43.0,42.5,42.0,42.0,41.5,41.5,41.5,41.5,41.5,42.0,42.0,42.5,42.5,43.0,43.0,43.0,43.0,43.0,42.5,42.0,41.5,41.0,41.0,40.5,40.5,40.5,40.5,40.5,41.0,41.5,42.0,42.5,43.0,43.5,44.0,44.0,44.0,44.0,43.5,43.0,42.5,42.0,42.0,42.0,42.0,42.0,42.0,42.0,42.5,42.5,43.0,43.5,44.0,44.5,45.0,45.5,46.0,46.0,46.0,45.5,45.5,45.0,44.0,43.5,43.0,42.5,42.0,42.0,42.0,42.0,42.5,43.0,43.0,43.5,43.5,43.0,43.0,42.5,42.5,42.0,41.5,41.0,40.5,40.5,40.0,40.0,40.0,40.5,40.5,41.5,42.0,42.5,42.5,42.5,42.5,42.5,42.0,42.0,41.5,41.5,41.5,41.5,41.5,42.0,42.5,42.5,42.5,43.0,43.0,43.5,44.0,44.0,44.5,45.0,45.0,45.0,45.0,44.5,44.0,43.5,43.5,43.0,43.0,42.5,42.0,42.0,41.5,41.5,41.5,42.0,42.5,43.0,43.5,43.5,43.5,43.5,43.5,43.5,43.0,43.0,42.5,42.5,42.5,42.5,42.5,42.5,42.5,43.0,43.0,43.5,44.0,44.5,44.5,45.0,45.0,45.0,45.0,45.0,44.5,44.0,44.0,43.5,43.0,42.5,42.5,42.0,42.0,42.0,42.5,43.0,43.5,43.5,44.0,44.0,44.0,43.5,43.5,43.5,43.5,43.5,43.0,43.0,42.5,42.0,42.0,42.0,42.5,42.5,43.0,43.0,43.5,43.5,44.0,44.5,45.0,45.5,46.0,46.0,45.5,45.0,44.5,44.5,44.0,43.5,43.5,43.5,43.5,43.5,43.5,43.5,43.5,43.5,43.5,43.5,44.0,44.0,44.0,44.0,43.5,43.5,43.0,43.0,42.5,42.5,42.0,42.0,42.0,42.5,42.5,43.0,43.5,43.5,44.0,44.0,44.0,43.5,43.5,43.0,42.5,42.0,41.5,41.5,41.0,41.0,41.5,41.5,41.5,42.0,42.0,42.5,43.0,43.0,43.0,43.5,43.5,43.5,43.5,43.5,43.0,43.0,42.5,42.5,42.0,41.5,0.0,0.0
33.5,32.0,31.5,31.0,31.5,32.5,34.5,37.5,41.5,46.5,52.0,58.0,65.0,72.0,79.0,86.0,92.5,98.5,103.5,108.5,113.0,117.0,120.5,123.5,126.0,127.5,129.0,130.0,130.0,130.0,129.0,127.0,124.5,121.5,117.5,113.0,108.0,103.0,97.5,92.0,87.0,82.0,77.5,73.5,70.0,67.0,64.5,62.5,61.5,60.5,59.5,59.0,58.5,58.0,58.0,57.5,57.5,57.0,56.5,56.0,55.5,55.5,55.0,55.0,55.0,55.5,56.0,56.5,57.0,57.0,57.5,57.5,57.0,57.0,56.5,56.0,55.5,55.0,54.5,54.0,53.5,53.0,52.5,52.5,52.5,53.0,53.0,53.5,54.0,54.0,54.5,54.5,54.5,54.0,54.0,53.5,53.0,52.5,52.5,52.5,52.0,52.0,52.0,52.5,52.5,52.5,53.0,53.0,53.5,54.0,54.5,55.0,55.5,56.0,56.0,56.0,55.5,55.0,54.0,53.5,52.5,52.0,51.5,51.0,51.0,51.5,52.0,52.5,53.0,53.5,53.5,54.0,54.0,54.5,54.0,54.0,53.5,53.5,53.0,53.0,52.5,52.5,52.0,52.0,52.0,52.5,52.5,53.0,53.5,54.0,54.0,54.0,54.0,54.0,53.5,53.5,53.0,53.0,52.5,52.0,52.0,51.5,51.5,51.0,51.0,51.0,51.5,51.5,52.0,52.5,52.5,53.0,53.5,53.5,54.0,54.0,53.5,53.5,53.0,53.0,53.0,53.0,53.0,53.0,53.5,53.5,53.5,54.0,54.5,54.5,55.0,55.0,55.0,55.0,55.0,55.0,54.5,54.0,53.5,53.0,52.5,52.0,52.0,52.0,52.5,53.0,54.0,54.5,55.5,56.0,56.5,57.0,57.5,58.0,58.0,58.0,57.5,57.5,57.0,56.5,55.5,55.0,54.5,54.5,54.5,55.0,55.5,56.0,56.5,57.0,57.5,58.0,58.0,58.5,58.0,58.0,58.0,57.5,57.5,57.0,57.0,57.0,56.5,56.5,56.5,57.0,57.5,58.0,58.5,59.0,59.5,60.0,60.5,60.5,60.5,60.5,60.0,59.5,59.0,58.5,58.0,57.0,56.5,56.5,56.0,56.0,56.0,56.5,56.5,56.5,56.5,57.0,57.5,57.5,57.5,57.5,57.0,56.5,56.0,56.0,55.5,55.5,55.5,55.5,56.0,56.5,57.0,57.5,58.5,59.5,60.0,61.0,61.0,61.0,61.0,60.5,60.0,59.5,59.0,58.5,58.0,57.5,57.0,57.0,57.0,57.0,57.5,57.5,58.0,58.5,58.5,59.0,59.0,59.0,59.0,59.0,59.0,58.5,58.5,58.5,0.0,0.0
33.5,33.5,33.5,33.5,33.5,34.0,34.5,35.0,35.5,35.5,35.5,35.5,36.0,35.5,35.5,35.5,35.5,35.5,35.0,34.5,34.0,34.0,33.5,33.5,34.0,34.0,34.0,34.5,34.5,34.5,35.0,35.0,35.5,35.0,35.0,35.0,34.5,34.5,34.0,33.5,33.0,32.5,32.5,32.5,32.5,33.5,34.0,35.0,36.0,37.0,37.5,38.5,38.5,39.0,39.0,39.0,39.0,38.5,38.5,38.5,38.5,38.5,38.5,38.5,38.5,39.0,39.0,39.5,39.5,40.0,40.0,40.0,39.5,39.5,39.0,38.5,38.0,38.0,38.0,37.5,37.5,37.5,37.5,38.0,38.5,39.0,39.5,40.5,41.0,41.5,42.0,42.0,42.5,42.5,43.0,43.0,42.5,42.5,42.0,41.5,41.0,41.0,40.5,40.5,40.5,41.0,41.0,41.5,41.5,42.0,42.5,42.5,42.5,43.0,43.0,43.0,43.0,42.5,42.5,42.5,42.0,42.0,42.0,42.0,42.0,42.0,42.5,43.0,43.5,44.0,44.5,45.0,45.5,45.5,45.0,44.5,43.5,42.0,40.5,39.0,37.5,35.5,33.5,31.5,29.0,27.5,25.5,24.5,23.5,22.5,22.5,22.5,23.5,24.5,26.5,29.0,32.0,36.5,41.5,47.0,53.5,60.0,67.0,74.0,80.5,87.0,93.5,100.0,106.0,112.0,117.0,121.0,123.5,125.0,125.5,125.5,125.0,123.0,121.0,117.5,113.5,109.0,104.5,99.5,94.5,89.5,84.0,79.5,75.0,71.0,67.0,63.5,60.0,57.0,54.5,52.0,50.0,48.5,47.0,46.5,46.0,46.0,46.0,46.5,47.0,48.0,48.5,49.0,49.5,49.5,49.5,49.5,49.5,49.0,49.0,48.5,47.5,47.0,46.5,46.0,46.0,45.5,45.5,45.5,45.0,45.5,45.5,46.0,46.5,46.5,47.0,47.0,47.0,47.0,47.0,46.5,46.5,46.0,45.5,45.0,45.0,44.5,44.5,44.5,44.5,45.0,46.0,46.5,47.0,47.5,48.0,48.0,48.0,48.5,48.0,47.5,47.0,46.5,46.5,46.0,46.0,46.0,46.0,46.5,46.5,46.5,47.0,47.0,47.0,47.0,47.0,47.0,46.5,46.0,45.5,44.5,44.0,43.0,42.5,42.0,42.0,42.5,43.5,44.5,46.0,47.5,49.0,50.5,52.0,53.0,53.5,53.5,53.5,53.0,52.5,51.5,50.5,49.5,48.5,47.5,46.5,46.0,45.5,45.0,45.0,45.0,45.0,45.5,45.5,46.0,46.5,47.0,47.0,47.0,46.5,46.0,45.5,45.5,45.0,45.0,0.0,0.0
49.5,48.0,47.0,46.0,45.0,44.0,43.5,43.5,43.5,44.5,45.5,46.5,47.5,49.0,50.5,51.5,52.0,52.5,52.5,52.5,52.0,51.5,51.0,50.5,49.5,49.0,48.0,47.5,47.0,46.5,46.5,46.5,46.5,47.0,47.0,47.5,47.5,47.5,47.5,47.0,46.5,46.5,46.0,45.0,45.0,44.5,44.5,44.5,44.0,44.0,44.0,44.0,44.5,45.0,45.5,45.5,46.0,46.5,46.5,46.0,46.0,46.0,45.5,45.0,44.5,44.5,44.0,44.0,44.0,44.0,44.5,45.0,45.0,45.5,46.0,46.5,46.5,47.0,47.0,47.0,46.5,46.5,46.0,45.5,45.0,44.5,44.5,44.5,44.5,44.5,44.5,45.0,45.0,45.5,46.0,46.5,46.5,47.0,47.0,47.0,47.0,47.0,46.5,46.0,45.5,45.5,45.0,45.0,44.5,44.5,45.0,45.0,45.5,45.5,46.0,46.5,46.5,47.0,47.0,47.0,47.0,46.5,46.5,46.5,46.0,46.0,46.0,46.0,46.0,46.0,46.5,46.5,46.5,47.0,47.0,47.5,47.5,48.0,48.0,48.0,48.0,48.0,48.0,48.0,47.5,47.5,47.0,46.5,46.5,46.5,46.5,46.5,47.0,47.5,48.0,48.0,48.5,48.5,48.5,49.0,49.0,48.5,48.5,48.5,48.0,48.0,48.0,48.0,48.0,48.0,48.5,48.5,49.0,50.0,50.5,51.0,51.5,52.0,52.0,52.0,52.0,52.0,52.0,51.5,52.0,51.5,51.5,51.5,51.5,51.5,51.5,51.5,51.5,52.0,52.0,52.5,52.5,53.0,53.0,53.0,53.0,52.5,52.0,52.0,51.5,51.0,50.5,50.0,49.5,49.5,49.5,49.5,50.0,50.0,50.5,50.5,50.5,50.5,51.0,50.5,50.5,50.0,50.0,49.5,49.0,48.5,48.0,48.0,47.5,48.0,48.0,48.0,48.5,48.5,49.0,49.0,49.5,49.5,50.0,50.0,50.0,49.5,49.5,49.0,48.5,48.5,48.0,48.0,48.0,48.0,48.0,48.5,49.0,49.5,50.0,50.5,50.5,51.0,51.0,51.0,51.0,50.5,50.5,50.0,50.0,49.5,49.5,49.5,49.5,49.5,49.5,49.5,50.0,50.0,50.0,50.5,50.5,51.0,51.0,51.0,51.0,51.0,50.5,50.0,50.0,49.5,49.5,49.5,49.5,50.0,50.0,50.5,50.5,51.0,51.0,51.5,51.5,52.0,52.0,52.0,52.0,52.0,52.0,52.0,52.0,52.0,51.5,51.5,51.5,51.5,51.5,51.5,52.0,52.0,52.5,52.5,53.0,53.5,53.5,54.0,0.0,0.0
39.0,39.5,39.5,40.0,40.5,41.0,41.0,41.5,42.0,42.0,42.0,42.0,41.5,41.5,41.0,40.5,40.5,40.0,40.0,40.0,40.0,40.0,40.5,40.5,41.0,41.5,41.5,42.0,42.0,42.0,41.5,41.5,41.0,40.5,40.0,40.0,39.5,39.5,39.5,39.5,40.0,40.0,40.5,41.5,42.0,42.5,43.0,43.5,43.5,44.0,44.0,44.0,44.0,43.5,43.5,43.5,43.0,43.0,42.5,42.5,42.5,42.5,43.0,43.0,43.5,44.0,44.0,44.5,44.5,44.5,44.0,44.0,43.5,43.5,43.0,42.5,41.5,41.0,40.5,40.5,41.0,41.0,41.5,42.0,42.0,42.5,43.0,43.0,43.5,43.5,43.5,43.0,43.0,43.0,43.0,43.0,43.0,43.0,43.0,43.5,43.5,43.5,43.5,44.0,44.5,45.0,45.5,46.0,46.0,46.0,46.0,46.0,46.0,46.0,46.0,45.5,45.5,45.0,44.5,44.5,44.5,44.5,44.5,44.5,45.0,45.5,46.0,46.0,46.5,46.5,47.0,47.0,46.5,46.5,46.5,46.5,46.0,46.0,46.0,46.0,46.5,46.5,47.0,47.0,47.0,47.5,47.5,47.5,48.0,48.0,48.0,47.5,47.5,47.5,47.0,46.5,46.5,46.0,46.0,46.0,46.0,46.0,46.0,46.5,47.0,47.5,48.0,48.5,48.5,48.5,48.5,48.0,47.5,47.5,47.0,47.0,47.0,47.0,47.0,47.0,47.0,47.5,47.5,48.0,48.0,48.5,49.0,49.0,49.5,49.5,49.5,49.5,49.5,49.0,48.5,48.5,48.0,47.5,47.0,47.0,47.0,47.0,47.5,47.5,48.0,48.0,48.5,48.5,48.5,49.0,49.0,49.0,48.5,48.5,48.0,48.0,47.5,47.5,47.5,47.5,48.0,48.0,48.5,48.5,49.0,49.0,49.5,50.0,50.0,50.0,50.0,49.5,49.0,49.0,48.5,48.5,48.5,48.5,48.0,48.0,48.0,48.0,48.0,48.0,48.0,48.0,48.0,48.0,47.5,47.5,47.5,47.0,47.0,47.0,47.0,48.0,49.0,50.0,51.0,52.0,52.5,53.5,54.0,54.5,55.0,55.5,55.5,55.5,55.5,55.0,54.5,53.5,52.5,52.0,51.0,50.5,50.0,50.0,49.5,49.5,49.5,49.5,50.0,50.0,50.5,50.5,51.0,51.5,52.0,52.5,52.5,52.5,52.5,52.5,52.5,52.0,51.5,51.5,51.0,51.0,51.0,51.0,51.0,51.5,51.5,52.0,52.0,52.0,52.0,52.0,52.0,51.5,51.5,51.0,51.0,50.5,50.5,50.0,50.0,50.0,0.0,0.0
70.0,70.0,70.0,69.5,69.5,69.5,70.0,70.5,70.5,71.0,71.0,71.5,71.0,71.0,70.5,70.0,69.5,69.5,69.0,69.0,68.5,68.5,68.5,69.0,69.0,69.5,69.5,70.0,71.0,71.5,71.5,72.0,72.0,72.0,71.5,71.5,71.0,71.0,70.5,70.0,69.5,69.5,69.5,70.0,71.0,72.0,72.5,73.0,73.5,74.0,74.0,74.0,74.5,74.0,74.0,73.5,73.0,72.5,72.5,72.0,72.0,71.5,71.5,72.0,72.0,72.5,72.5,72.5,72.5,72.5,72.5,73.0,73.0,73.0,73.0,73.0,73.0,72.5,72.0,71.5,71.5,71.5,71.5,72.0,72.5,73.0,73.5,74.5,75.0,75.5,76.0,76.0,76.0,75.5,75.0,74.5,73.5,73.0,73.0,73.0,73.0,73.0,73.5,73.5,73.5,74.0,74.5,74.5,75.0,75.5,75.5,75.5,75.5,75.0,75.0,75.0,74.5,74.5,74.0,74.0,73.5,73.5,73.5,73.5,74.0,74.0,74.5,74.5,74.5,74.5,74.5,75.0,75.0,75.0,75.0,74.5,74.5,74.0,74.0,73.5,73.5,73.5,74.0,74.0,75.0,75.5,76.0,76.5,77.0,77.5,77.5,77.5,77.0,76.5,76.0,76.0,75.5,75.5,75.0,75.0,75.0,74.5,74.5,74.5,74.5,74.5,74.5,75.0,75.0,75.0,75.0,75.0,74.5,74.0,73.5,73.0,73.0,72.5,72.5,72.5,72.5,72.5,72.5,72.5,73.0,74.0,75.0,76.0,77.0,78.0,78.5,78.5,78.0,78.0,77.5,77.0,77.0,76.5,76.0,75.0,74.5,74.0,74.0,74.0,74.0,74.5,74.5,74.5,74.5,74.5,74.5,74.0,74.0,73.5,73.0,72.5,72.0,72.0,71.5,71.5,71.5,71.5,72.0,72.0,72.5,73.0,73.5,74.5,74.5,75.0,75.0,74.5,74.5,74.0,73.5,73.5,73.5,73.5,73.5,73.5,73.5,73.5,73.5,74.0,74.5,75.0,75.5,75.5,76.0,76.0,75.5,75.5,75.5,75.0,74.5,74.0,73.5,73.0,72.5,72.5,72.0,72.0,72.0,71.5,71.0,70.5,69.5,68.5,67.0,65.5,64.0,62.0,59.5,57.5,55.5,54.0,52.5,52.0,51.5,51.5,52.0,53.5,55.5,59.0,63.0,68.0,73.5,80.0,87.0,94.5,102.0,109.0,115.0,120.5,126.0,131.0,135.5,140.0,143.0,145.5,147.0,147.5,147.5,147.5,147.0,145.5,143.5,140.0,136.0,131.0,125.5,120.0,115.0,109.5,104.5,100.0,96.5,93.0,90.0,87.0,0.0,0.0
34.0,35.5,37.0,38.0,39.0,40.0,41.0,41.0,41.0,41.0,40.5,39.5,39.0,38.5,38.0,37.0,36.5,36.0,35.5,35.0,35.0,34.5,35.0,35.0,35.0,35.0,35.0,35.0,35.0,35.0,35.0,35.0,35.0,35.0,35.5,35.5,36.0,36.0,35.5,35.5,35.5,35.5,35.5,35.5,35.5,36.0,36.0,36.5,36.5,37.0,37.0,36.5,36.5,36.0,35.5,35.0,35.0,34.5,34.5,34.5,35.0,35.5,36.0,36.5,37.5,38.0,38.5,38.5,38.5,38.0,38.0,37.5,37.5,37.0,37.0,37.0,36.5,36.5,36.5,36.0,36.0,36.0,36.0,36.0,36.0,36.5,36.5,37.0,37.0,37.0,37.0,36.5,36.5,36.0,35.5,35.0,34.5,34.0,33.5,33.5,34.0,34.5,35.5,36.0,36.5,37.0,37.5,37.5,38.0,38.0,38.0,37.5,37.5,37.0,37.0,36.5,36.5,36.0,35.5,35.0,34.5,34.0,34.0,33.5,33.5,33.5,33.5,33.5,34.0,34.0,34.0,34.5,34.5,34.5,34.0,33.5,33.5,33.0,32.5,32.0,32.0,31.5,31.5,31.5,31.5,31.5,31.5,32.0,32.0,32.0,32.0,32.0,32.0,32.0,32.0,32.0,32.0,32.5,32.5,32.5,32.5,32.5,33.0,33.0,33.5,33.5,34.0,34.5,34.5,35.0,35.5,35.5,36.0,36.0,36.0,35.5,35.0,34.5,34.0,33.5,33.0,33.0,32.5,32.5,32.0,32.5,32.5,32.5,33.0,33.0,33.5,33.5,33.5,33.5,33.5,33.5,33.0,33.0,32.5,32.5,32.0,31.5,31.5,31.5,31.5,31.5,31.5,32.0,32.5,33.0,33.5,33.5,34.0,34.0,34.0,34.0,33.5,33.5,33.0,32.5,32.5,32.5,32.5,32.5,32.5,32.5,33.0,33.5,34.0,34.5,35.0,35.0,35.5,35.5,35.5,35.0,34.5,34.0,33.0,32.0,30.5,29.5,28.0,26.5,25.0,23.0,21.5,19.5,17.5,16.0,14.5,13.5,13.0,12.5,12.5,13.0,14.0,15.5,18.5,22.0,26.5,32.0,38.0,45.5,53.0,60.5,67.5,74.5,80.5,87.0,92.5,97.5,102.5,106.0,109.0,110.5,111.5,111.5,111.5,110.5,108.5,106.0,103.0,99.0,94.5,90.5,86.0,81.5,77.0,72.5,68.0,63.5,59.5,55.5,51.5,47.5,44.0,41.0,38.5,36.5,35.5,34.5,34.0,34.0,34.0,34.0,34.5,34.5,34.5,34.5,34.5,34.5,34.0,33.5,33.0,32.5,32.0,31.5,31.0,30.5,0.0,0.0
39.5,39.5,39.0,39.0,39.5,39.5,40.0,40.5,41.0,41.0,41.5,42.0,42.0,42.0,42.0,41.5,41.5,41.0,40.5,40.5,40.0,40.0,40.0,40.0,40.0,40.5,40.5,41.0,41.5,41.5,42.0,42.0,42.0,41.5,41.5,41.0,40.5,40.0,40.0,39.5,39.5,39.5,39.5,40.0,40.0,40.5,41.5,42.0,42.5,43.0,43.5,43.5,44.0,44.0,44.0,44.0,43.5,43.5,43.5,43.0,43.0,42.5,42.5,42.5,42.5,43.0,43.0,43.5,44.0,44.0,44.5,44.5,44.5,44.0,44.0,43.5,43.5,43.0,42.5,41.5,41.0,40.5,40.5,41.0,41.0,41.5,42.0,42.0,42.5,43.0,43.0,43.5,43.5,43.5,43.0,43.0,43.0,43.0,43.0,43.0,43.0,43.0,43.5,43.5,43.5,43.5,44.0,44.5,45.0,45.5,46.0,46.0,46.0,46.0,46.0,46.0,46.0,46.0,45.5,45.5,45.0,44.5,44.5,44.5,44.5,44.5,44.5,45.0,45.5,46.0,46.0,46.5,46.5,47.0,47.0,46.5,46.5,46.5,46.5,46.0,46.0,46.0,46.0,46.5,46.5,47.0,47.0,47.0,47.5,47.5,47.5,48.0,48.0,48.0,47.5,47.5,47.5,47.0,46.5,46.5,46.0,46.0,46.0,46.0,46.0,46.0,46.5,47.0,47.5,48.0,48.5,48.5,48.5,48.5,48.0,47.5,47.5,47.0,47.0,47.0,47.0,47.0,47.0,47.0,47.5,47.5,48.0,48.0,48.5,49.0,49.0,49.5,49.5,49.5,49.5,49.5,49.0,48.5,48.5,48.0,47.5,47.0,47.0,47.0,47.0,47.5,47.5,48.0,48.0,48.5,48.5,48.5,49.0,49.0,49.0,48.5,48.5,48.0,48.0,47.5,47.5,47.5,47.5,48.0,48.0,48.5,48.5,49.0,49.0,49.5,50.0,50.0,50.0,50.0,49.5,49.0,49.0,48.5,48.5,48.5,48.5,48.0,48.0,48.0,48.0,48.0,48.0,48.0,48.0,48.0,48.0,47.5,47.5,47.5,47.0,47.0,47.0,47.0,48.0,49.0,50.0,51.0,52.0,52.5,53.5,54.0,54.5,55.0,55.5,55.5,55.5,55.5,55.0,54.5,53.5,52.5,52.0,51.0,50.5,50.0,50.0,49.5,49.5,49.5,49.5,50.0,50.0,50.5,50.5,51.0,51.5,52.0,52.5,52.5,52.5,52.5,52.5,52.5,52.0,51.5,51.5,51.0,51.0,51.0,51.0,51.0,51.5,51.5,52.0,52.0,52.0,52.0,52.0,52.0,51.5,51.5,51.0,51.0,50.5,50.5,0.0,0.0
3.5,3.0,3.0,3.0,2.5,2.0,1.5,1.5,1.0,0.5,0.5,1.0,1.0,1.5,2.0,2.0,2.5,2.5,2.5,2.5,2.5,2.0,2.0,1.5,1.0,0.5,-0.5,-1.5,-2.0,-2.5,-3.0,-3.0,-3.0,-3.0,-2.5,-2.5,-2.0,-2.0,-2.0,-2.0,-2.0,-2.5,-2.5,-3.0,-3.5,-4.0,-5.0,-5.5,-6.0,-7.0,-7.0,-7.5,-7.5,-7.0,-6.0,-5.0,-4.0,-3.0,-2.5,-2.0,-2.0,-1.5,-1.5,-1.5,-2.0,-2.0,-1.5,-1.5,-1.0,-1.0,-0.5,-0.5,-0.5,-0.5,0.0,0.5,1.0,1.5,2.0,2.0,1.5,1.0,0.0,-1.5,-2.5,-3.0,-3.5,-4.0,-3.5,-3.5,-3.5,-3.0,-3.0,-2.5,-2.0,-1.5,-1.5,-1.0,-1.5,-1.5,-1.5,-2.0,-2.0,-2.5,-2.5,-3.0,-3.0,-3.5,-3.5,-3.5,-3.5,-3.5,-3.0,-3.0,-2.5,-2.0,-1.5,-1.0,-1.0,-0.5,-0.5,-1.0,-1.0,-2.0,-2.5,-3.0,-3.5,-3.5,-4.0,-4.0,-4.0,-4.0,-3.5,-3.5,-3.0,-2.5,-2.0,-1.5,-1.0,-1.0,-1.0,-1.0,-1.5,-2.5,-3.5,-5.0,-7.0,-9.0,-11.0,-13.0,-15.5,-17.5,-19.0,-20.5,-21.5,-22.0,-21.5,-21.0,-20.5,-19.5,-18.0,-16.5,-14.0,-11.0,-7.0,-2.5,3.0,8.5,15.0,22.0,29.0,36.0,42.5,48.5,54.5,60.0,65.5,69.5,72.5,74.5,75.5,75.0,74.5,73.5,71.5,69.5,67.0,64.0,60.5,57.0,53.5,49.5,45.0,40.5,36.0,31.5,27.0,23.0,19.0,15.5,12.5,9.0,6.5,4.0,2.0,1.0,0.0,-0.5,-0.5,-0.5,-1.0,-1.5,-1.5,-2.0,-2.0,-2.5,-2.5,-3.0,-4.0,-4.5,-4.5,-5.0,-5.5,-6.0,-6.0,-6.5,-7.0,-7.0,-7.0,-7.0,-6.5,-6.5,-6.0,-5.5,-5.0,-5.0,-4.5,-4.5,-4.5,-4.5,-4.5,-4.5,-4.5,-4.5,-4.5,-5.0,-5.5,-6.0,-6.5,-7.0,-7.0,-7.0,-6.5,-6.0,-5.5,-5.0,-4.5,-4.5,-4.0,-4.0,-4.5,-4.5,-5.0,-5.5,-6.0,-6.5,-7.0,-7.5,-7.5,-7.5,-7.0,-6.5,-6.5,-6.0,-6.0,-6.0,-5.5,-5.5,-5.5,-5.0,-5.0,-5.0,-5.5,-5.5,-6.0,-6.5,-7.5,-8.0,-9.0,-9.5,-10.0,-10.0,-9.5,-9.0,-8.5,-8.0,-7.5,-7.5,-7.5,-7.5,-7.5,-8.0,-8.0,-8.0,-8.0,-8.0,-8.0,-8.0,-8.0,-7.5,-7.5,-7.5,-7.5,-7.5,-7.5,-7.0,-7.0,-7.0,-6.5,-6.5,0.0,0.0
30.5,37.5,43.5,50.0,55.5,61.5,66.5,71.5,75.0,78.0,79.0,80.0,80.0,79.5,79.0,77.5,76.0,73.0,69.5,65.0,60.5,55.5,51.0,46.0,41.5,37.0,33.0,29.0,25.5,22.0,18.5,15.0,12.0,9.5,7.5,6.0,5.0,4.0,3.5,3.5,3.5,4.0,4.0,4.0,4.5,4.5,4.0,4.0,3.5,3.0,2.5,2.0,1.5,1.0,1.0,0.5,0.0,0.0,0.0,0.0,0.0,0.5,1.0,2.0,2.5,2.5,2.5,2.5,2.5,2.0,1.5,1.0,0.5,0.0,-0.5,-0.5,-1.0,-1.0,-0.5,-0.5,-0.5,-0.5,-0.5,0.0,0.0,-0.5,-0.5,-0.5,-0.5,-1.0,-1.5,-2.0,-2.5,-3.5,-4.0,-4.0,-4.5,-4.5,-4.5,-4.5,-4.5,-4.0,-3.5,-3.0,-2.5,-2.0,-1.5,-1.0,-0.5,-0.5,-0.5,-1.0,-1.5,-2.5,-3.0,-3.0,-3.0,-3.0,-3.0,-3.0,-3.0,-3.0,-2.5,-2.5,-2.0,-1.5,-1.5,-1.5,-1.5,-1.5,-2.0,-2.0,-2.5,-3.0,-3.5,-4.0,-4.0,-4.5,-4.5,-4.5,-4.5,-4.5,-4.0,-4.0,-3.5,-3.0,-3.0,-2.5,-2.5,-2.5,-2.5,-3.0,-3.5,-3.5,-4.0,-4.5,-4.5,-5.0,-5.0,-5.0,-5.0,-4.5,-4.5,-4.0,-4.0,-3.5,-3.0,-3.0,-2.5,-2.5,-3.0,-3.0,-3.5,-4.0,-4.5,-4.5,-5.0,-5.5,-6.0,-6.0,-6.0,-5.5,-5.0,-4.5,-4.0,-4.0,-3.5,-3.5,-3.5,-3.5,-4.0,-4.0,-4.5,-5.0,-5.5,-6.0,-6.0,-6.0,-6.0,-6.0,-6.0,-6.5,-6.5,-6.5,-6.5,-6.5,-6.0,-6.0,-6.0,-5.5,-5.5,-5.0,-5.0,-5.5,-5.5,-6.0,-6.5,-6.5,-6.5,-6.5,-6.0,-5.5,-5.0,-4.5,-4.0,-3.5,-3.5,-3.5,-3.5,-3.5,-4.0,-4.0,-4.5,-5.0,-5.0,-5.5,-5.5,-5.5,-5.5,-5.5,-5.5,-5.5,-5.0,-4.5,-4.5,-4.0,-4.0,-3.5,-4.0,-4.0,-4.5,-5.5,-6.0,-7.0,-7.5,-8.5,-9.0,-9.5,-9.5,-9.5,-9.0,-8.5,-8.0,-8.0,-7.5,-7.5,-7.0,-7.0,-7.0,-7.0,-7.0,-7.0,-7.0,-7.0,-7.0,-7.0,-7.5,-8.0,-8.0,-8.5,-8.5,-8.5,-8.0,-7.5,-7.0,-6.5,-6.5,-6.0,-6.0,-6.0,-6.5,-6.5,-7.0,-7.5,-8.0,-9.0,-9.5,-10.5,-11.0,-12.0,-12.5,-12.5,-12.5,-12.0,-11.0,-10.0,-8.5,-7.0,-5.5,-4.5,-4.0,-4.0,-4.0,-4.5,-5.0,-5.5,-6.0,-6.0,-6.5,-7.0,0.0,0.0
79.0,77.5,76.0,74.0,72.0,69.5,67.5,65.5,63.5,62.0,61.0,60.0,60.0,61.0,62.5,64.5,68.0,72.0,76.5,81.5,87.5,94.0,101.0,108.0,115.0,121.0,127.0,132.0,137.0,142.0,146.5,150.0,153.0,155.0,156.5,157.5,158.0,158.5,157.5,156.0,153.5,150.5,146.5,142.5,137.5,133.0,128.0,123.0,118.0,113.0,108.5,104.5,100.5,97.0,93.5,91.0,88.5,87.0,86.0,85.0,84.5,84.5,84.5,84.0,84.0,83.5,83.0,82.5,81.5,81.0,80.5,80.0,79.5,79.5,79.5,79.5,79.5,80.0,80.5,80.5,81.0,81.0,81.0,81.0,81.0,80.5,80.0,79.5,79.0,79.0,79.0,79.0,79.0,79.5,79.5,79.5,79.5,80.0,80.0,80.0,80.0,80.5,80.5,80.5,81.0,81.0,81.0,80.5,80.0,79.5,79.0,78.5,78.0,77.5,77.5,77.5,77.0,77.0,77.0,77.0,77.5,77.5,77.5,77.5,77.5,77.5,77.5,77.0,77.0,77.0,76.5,76.5,77.0,77.0,77.0,77.0,77.0,77.0,77.0,77.0,77.0,77.0,77.0,77.0,77.0,76.5,76.5,76.0,76.0,75.5,75.0,74.5,74.0,74.0,74.0,74.0,74.0,74.5,74.5,75.0,75.0,75.0,75.0,75.0,74.5,74.5,74.0,74.0,73.5,73.0,72.5,72.5,72.0,71.5,71.5,71.5,71.5,72.0,72.0,72.5,72.5,72.5,72.5,72.5,72.5,72.5,72.5,72.0,72.0,71.5,71.5,71.0,70.5,70.5,70.0,70.0,70.5,71.0,71.5,71.5,72.0,72.5,72.5,72.5,72.5,72.5,72.0,72.0,71.5,71.5,71.5,72.0,72.0,72.5,73.0,73.5,74.0,74.0,74.5,74.5,74.5,74.5,74.5,74.5,74.5,74.0,74.0,73.5,73.0,72.5,72.5,72.5,72.5,72.5,72.0,72.0,72.0,72.5,72.5,72.5,72.5,73.0,73.5,73.5,74.0,74.5,74.0,74.0,73.5,73.0,72.5,72.0,72.0,72.0,72.0,72.5,73.0,73.5,74.5,75.0,75.5,75.5,76.0,76.0,76.0,76.0,75.5,75.0,74.0,73.0,72.0,70.5,69.5,68.5,67.5,67.5,67.5,68.0,69.0,70.0,71.5,72.5,74.0,75.0,76.0,76.5,76.5,76.5,76.5,76.0,75.5,75.0,74.5,74.5,74.0,73.5,73.5,73.0,73.0,73.0,73.0,73.0,73.0,73.0,72.5,72.0,72.0,71.5,71.5,71.0,71.0,71.0,71.0,71.5,71.5,71.5,71.5,71.5,71.5,72.0,0.0,0.0
90.0,90.5,91.0,91.5,92.0,92.5,93.0,93.5,93.5,94.0,94.0,93.5,93.5,93.0,92.5,92.0,92.0,91.5,91.5,91.5,91.5,91.5,92.0,92.0,92.5,93.0,93.0,93.5,93.5,93.5,93.5,93.0,93.0,92.5,92.5,92.5,92.5,92.0,92.0,92.0,92.0,92.5,92.5,93.0,93.5,93.5,93.0,92.5,91.5,90.5,89.5,88.5,88.0,87.0,86.0,86.0,86.0,86.5,87.5,89.0,90.5,92.0,93.5,95.0,96.0,97.0,97.5,98.0,98.0,98.0,98.0,98.0,97.5,97.5,97.5,97.0,96.5,96.0,95.5,95.0,95.0,95.0,95.0,95.0,95.5,95.5,95.5,96.0,96.0,96.5,96.5,96.0,96.0,96.0,95.5,95.5,95.0,94.5,94.5,94.5,94.5,95.0,95.5,96.0,96.5,96.5,97.0,97.0,97.0,97.0,96.5,96.5,96.0,96.0,95.5,95.5,95.0,95.0,95.0,95.0,95.0,95.5,96.0,96.5,97.0,97.5,98.0,98.5,98.5,98.5,98.5,98.5,98.5,98.0,97.5,97.0,97.0,96.5,96.5,96.5,96.5,96.5,96.5,97.0,97.0,97.5,97.5,97.5,97.5,97.0,96.5,95.0,93.5,91.5,89.0,86.0,83.5,81.0,79.0,78.0,77.0,77.0,77.0,77.5,78.0,79.5,81.0,83.0,86.5,90.5,95.0,101.0,107.0,113.5,120.5,127.5,134.0,140.0,146.0,152.5,159.0,165.5,171.5,176.5,180.5,183.0,185.0,186.0,186.5,186.0,184.0,181.0,176.5,172.0,166.5,161.0,155.5,149.5,144.0,138.5,133.5,128.5,124.0,120.0,116.5,113.5,111.0,109.0,107.0,105.5,104.5,103.5,102.5,102.0,101.5,101.0,100.5,100.0,99.5,99.0,99.0,98.5,99.0,99.0,99.0,99.5,100.0,100.0,100.0,100.0,100.0,99.5,99.0,98.5,98.0,97.5,97.0,97.0,97.0,97.0,97.0,97.0,97.0,97.0,97.5,98.0,98.0,98.0,98.5,99.0,99.0,99.0,99.0,98.5,98.0,97.5,97.0,96.5,96.5,96.5,97.0,97.0,97.0,97.5,98.0,98.0,98.5,98.5,99.0,99.0,98.5,98.5,98.0,97.5,97.0,96.5,96.5,96.0,96.5,96.5,97.0,97.0,97.5,97.5,98.0,98.0,98.5,98.5,98.5,98.5,98.5,98.0,98.0,97.5,97.5,97.0,97.0,96.5,96.5,96.5,96.5,96.5,96.5,97.0,97.5,97.5,98.0,98.5,98.5,99.0,99.0,99.0,99.0,98.5,98.0,98.0,97.5,97.5,97.5,97.0,0.0,0.0
23.0,23.0,23.0,23.0,22.5,22.0,21.5,21.0,20.5,20.5,20.5,20.5,21.0,21.5,22.5,23.0,23.5,24.0,24.0,24.0,24.0,24.0,23.5,23.5,23.0,22.5,22.0,22.0,22.0,22.0,22.0,21.5,21.5,22.0,22.5,23.0,24.0,24.5,25.0,25.5,25.5,25.5,25.0,24.5,24.0,23.5,22.5,21.5,20.5,19.5,19.0,18.5,18.5,19.0,20.0,21.5,23.0,25.0,26.5,27.5,28.5,29.5,30.0,30.5,30.5,30.5,30.0,30.0,29.5,29.0,28.5,28.0,27.5,27.0,27.0,27.5,27.5,27.5,27.5,27.5,27.5,27.0,27.0,26.5,26.0,25.0,24.5,24.0,23.5,23.0,23.0,22.5,22.5,22.5,22.5,22.5,22.5,22.5,23.0,23.5,24.0,24.5,24.5,24.5,24.5,24.5,24.0,23.5,23.5,23.5,24.0,24.0,24.5,24.5,25.0,25.5,25.5,25.5,26.0,26.0,26.0,26.0,26.0,26.0,26.0,25.5,25.5,25.5,25.5,25.5,25.5,25.5,25.5,26.0,26.0,26.5,26.5,27.0,27.0,27.5,27.5,27.5,27.5,27.5,27.5,27.0,26.5,26.0,26.0,25.5,25.5,26.0,26.0,26.5,27.0,27.5,28.0,28.5,29.0,29.0,29.0,29.0,29.0,29.0,28.5,28.5,28.5,28.0,28.0,27.5,27.5,27.5,28.0,28.5,29.0,29.5,30.0,30.5,31.0,31.5,32.0,32.0,32.0,31.5,31.5,31.0,31.0,30.5,30.0,29.5,30.0,30.0,30.5,31.0,31.0,31.5,31.5,32.0,32.0,32.5,32.5,32.5,32.5,32.0,32.0,32.0,31.5,31.5,31.5,32.0,32.0,32.5,32.5,33.0,33.5,33.5,33.5,34.0,34.0,34.0,34.0,34.5,34.5,34.5,34.0,33.5,33.0,33.0,32.5,32.5,33.0,33.5,33.5,34.0,34.5,34.5,35.0,35.0,35.0,35.5,35.5,36.0,36.0,35.5,35.5,35.0,34.5,34.0,34.0,33.5,33.5,33.5,34.0,34.0,34.5,35.0,35.5,35.5,36.0,36.5,37.0,37.0,36.5,36.0,36.0,35.5,35.0,35.0,35.5,35.5,36.0,36.0,36.5,36.5,37.0,37.0,37.5,38.5,39.0,39.5,39.5,40.0,40.0,40.0,40.0,39.5,39.0,38.5,38.0,37.5,37.5,38.0,38.0,38.5,38.5,39.0,39.5,40.0,40.0,40.0,40.0,40.0,40.0,40.0,40.0,39.5,39.0,39.0,38.5,38.5,38.5,38.5,38.5,38.5,39.0,39.0,39.5,39.5,39.5,40.0,0.0,0.0
49.0,49.0,49.0,49.0,48.5,48.5,48.0,47.5,47.5,47.0,47.0,47.0,47.5,47.0,47.5,47.5,47.5,48.0,48.5,49.0,49.0,49.5,49.5,49.5,49.0,48.5,48.0,47.5,47.0,47.0,47.0,46.5,46.5,46.5,46.5,47.0,47.5,47.5,48.0,48.5,48.5,49.0,49.0,49.0,49.0,49.0,49.0,49.0,48.5,48.5,48.0,48.0,47.5,47.5,48.0,48.0,48.5,49.0,50.0,50.5,51.0,51.5,51.5,51.5,51.5,51.0,50.5,50.0,50.0,50.0,49.5,49.5,49.5,49.5,50.0,50.0,50.5,50.5,51.0,51.5,52.0,52.0,52.0,52.0,52.0,52.0,52.0,52.0,52.0,52.0,52.0,52.0,52.0,52.0,52.0,52.5,52.5,53.0,53.0,53.5,53.5,54.0,54.0,54.0,54.0,54.0,53.5,53.0,52.5,52.0,51.5,51.5,51.5,51.5,52.0,52.5,53.0,53.5,54.0,54.5,54.5,55.0,55.0,55.0,55.0,54.5,54.5,54.5,54.5,54.5,54.0,54.0,54.0,54.5,55.0,55.5,56.0,56.5,56.5,57.0,57.0,57.0,57.0,57.0,57.0,57.0,57.0,56.5,56.5,56.0,55.5,55.5,55.0,55.5,55.5,56.0,56.0,56.0,56.0,56.5,56.5,56.5,56.5,57.0,57.0,56.5,56.5,56.5,56.0,56.0,55.5,55.5,55.5,55.5,56.0,56.5,57.0,58.0,58.5,59.0,59.0,59.5,59.5,59.5,59.5,59.5,59.5,59.5,59.0,58.5,58.0,57.5,57.5,57.0,57.0,57.5,57.5,58.0,59.0,59.5,59.5,60.0,59.5,59.5,59.0,59.0,58.5,58.0,57.5,57.5,57.0,57.0,57.0,57.0,57.0,57.5,58.0,58.0,58.5,58.5,58.5,58.5,58.0,58.0,57.5,57.5,57.0,56.5,56.0,55.5,55.5,55.0,55.0,55.0,55.5,55.5,56.0,56.0,56.0,56.0,55.5,55.5,55.5,55.0,55.0,54.5,54.5,54.5,54.5,54.5,55.0,55.5,56.0,56.5,57.0,58.0,58.5,59.0,59.5,60.0,60.5,61.0,61.5,61.5,61.5,61.5,61.5,61.0,61.0,61.0,61.0,60.5,60.5,60.5,60.5,60.0,60.0,60.0,60.0,60.0,60.5,60.5,60.5,60.5,60.5,60.0,60.0,59.5,59.0,58.5,58.0,58.0,58.0,58.0,58.0,58.5,58.5,58.5,59.0,59.0,59.5,60.0,60.0,60.0,60.5,60.5,60.5,60.0,60.0,59.5,59.0,59.0,58.5,58.5,59.0,59.0,59.5,59.5,60.0,60.0,0.0,0.0
55.0,55.0,55.5,55.5,55.0,55.0,54.5,54.0,54.0,53.5,53.5,53.0,53.0,53.0,53.0,53.0,53.5,54.0,54.0,54.5,54.0,54.0,53.0,52.5,52.0,51.0,50.0,49.5,48.5,48.5,48.5,49.0,50.0,51.0,52.5,54.0,55.5,57.0,57.5,58.5,58.5,59.0,58.5,58.5,58.0,57.5,56.5,55.5,55.0,54.5,54.0,53.5,53.0,52.5,52.5,52.5,52.5,53.0,53.0,53.5,54.0,54.0,54.0,54.0,54.0,53.5,53.5,53.0,52.5,52.0,51.5,51.0,51.0,50.5,50.5,51.0,51.0,51.0,51.0,51.0,51.0,51.0,51.0,51.0,50.5,50.5,50.0,50.0,49.5,49.0,49.0,48.5,48.5,49.0,49.0,49.0,49.0,49.5,49.5,50.0,50.5,50.5,50.5,50.5,50.5,50.0,49.5,49.0,48.0,47.5,47.0,46.0,45.5,45.5,45.0,45.0,45.0,45.5,46.0,46.5,47.0,48.0,48.5,49.5,49.5,50.0,50.0,50.0,50.0,50.0,50.0,50.0,50.5,50.5,50.5,51.0,51.0,51.5,51.5,52.0,52.0,52.5,53.0,53.0,53.0,52.5,51.5,51.0,50.5,50.0,49.5,49.0,49.0,49.0,49.5,49.5,50.0,50.0,50.0,50.0,50.0,50.5,50.5,50.5,50.5,50.0,49.5,49.0,48.5,48.5,48.5,48.0,48.0,48.5,48.5,49.0,49.5,50.0,50.5,51.0,51.5,51.5,51.5,51.5,51.5,51.0,51.0,50.5,50.5,50.5,50.5,50.0,50.0,50.0,50.0,50.5,50.5,51.0,51.0,51.0,51.0,51.0,51.0,50.5,50.0,49.5,49.0,48.5,48.0,47.5,47.0,46.5,45.5,44.5,43.0,41.5,40.0,38.5,37.0,36.0,34.5,33.5,33.0,32.5,32.5,32.5,33.0,34.5,36.5,39.5,43.0,47.0,52.0,57.5,64.0,71.0,78.5,85.5,92.5,99.0,105.0,111.0,116.5,121.5,125.5,128.0,129.5,130.0,130.0,129.5,129.0,127.5,125.5,123.0,119.5,115.5,111.5,107.0,102.0,97.0,92.5,88.0,83.5,79.0,75.0,70.5,66.5,63.0,60.0,57.0,54.5,52.5,51.5,51.0,51.0,51.0,51.5,51.5,51.5,51.5,52.0,52.0,52.0,51.5,51.0,51.0,50.0,49.5,49.0,48.5,48.0,47.5,47.0,47.0,47.0,47.0,47.0,47.5,47.5,48.0,48.0,48.0,48.0,48.0,47.5,47.0,46.5,46.0,45.5,45.0,45.0,45.0,45.0,45.0,45.0,45.5,45.5,45.5,46.0,46.5,0.0,0.0
4.0,3.5,3.5,3.0,3.0,3.0,3.0,3.0,3.5,4.0,4.5,5.0,5.0,5.5,5.0,5.0,4.5,4.0,3.5,3.0,2.0,1.0,0.0,-0.5,-1.0,-1.0,-0.5,0.5,2.0,4.0,5.5,7.5,8.5,9.5,10.0,10.5,10.0,10.0,9.5,9.0,8.5,8.0,7.0,6.0,5.5,4.5,4.0,4.0,4.0,4.0,4.5,5.0,5.0,5.5,6.0,6.0,6.0,6.0,6.0,5.5,5.5,5.0,4.5,4.0,4.0,4.0,4.5,4.5,5.0,5.5,5.5,5.5,6.0,6.0,6.0,6.0,6.0,6.0,5.5,5.5,5.0,5.0,4.5,4.0,4.0,3.5,4.0,4.0,4.5,5.0,5.0,5.5,5.5,5.5,5.5,5.5,5.5,5.0,5.0,4.5,4.5,4.0,4.0,4.5,4.5,4.5,4.5,4.5,5.0,5.0,5.0,5.5,5.5,5.5,5.5,5.5,5.5,5.0,5.0,4.5,4.0,3.5,3.0,3.0,2.5,2.5,2.5,2.5,2.5,2.5,3.0,3.5,4.0,4.0,4.5,4.5,5.0,4.5,4.5,4.0,3.5,3.0,2.5,2.5,2.0,2.0,2.0,2.0,2.0,2.5,3.0,3.0,3.0,3.5,3.5,3.5,3.0,3.0,2.5,2.5,2.0,2.0,1.5,1.0,1.0,1.0,1.0,1.0,1.5,1.5,2.0,2.0,2.5,3.0,3.0,3.0,3.0,2.5,2.0,2.0,1.5,1.0,1.0,1.0,0.5,0.5,1.0,1.0,1.5,1.5,1.5,2.0,2.0,2.5,2.5,3.0,3.0,3.0,2.5,2.0,1.5,1.0,0.0,-0.5,-1.0,-1.0,-1.5,-1.5,-1.5,-1.5,-1.0,-1.0,-1.0,-1.0,-1.0,-1.0,-1.0,-1.0,-1.5,-1.5,-2.0,-2.0,-2.5,-2.5,-2.5,-3.0,-3.0,-3.0,-3.0,-2.5,-2.0,-1.5,-0.5,0.0,0.5,1.0,1.5,1.5,1.5,1.5,1.5,1.5,1.5,1.5,2.0,2.5,3.0,3.5,4.0,4.0,4.0,4.5,4.5,4.5,4.5,5.0,5.0,5.0,4.5,4.0,3.5,3.0,2.5,2.0,1.5,1.5,1.0,1.0,1.5,1.5,2.0,2.5,2.5,3.0,3.0,3.0,3.0,2.5,2.5,2.5,2.0,1.5,1.0,0.5,0.5,0.5,0.5,1.0,1.0,1.5,2.0,2.5,3.0,3.0,3.0,2.5,2.5,2.5,2.5,2.0,2.0,1.5,1.5,1.0,1.0,0.5,0.5,0.5,1.0,1.0,1.5,2.0,2.5,3.0,3.5,3.5,3.5,3.5,3.5,3.0,0.0,0.0
-14.5,-14.0,-14.0,-13.5,-13.0,-13.0,-12.5,-12.5,-12.5,-13.0,-13.0,-13.5,-13.5,-14.0,-14.5,-14.5,-15.0,-15.0,-15.0,-14.5,-14.5,-14.0,-14.0,-13.5,-13.5,-13.5,-13.0,-13.0,-13.0,-13.5,-13.5,-13.5,-13.5,-14.0,-14.0,-14.0,-14.0,-14.0,-14.0,-14.0,-13.5,-13.0,-13.0,-12.5,-12.5,-12.0,-11.5,-11.5,-11.0,-11.0,-11.5,-12.0,-12.5,-13.0,-13.0,-13.5,-14.0,-14.0,-14.0,-14.0,-13.5,-13.0,-12.5,-12.0,-12.0,-11.5,-12.0,-12.0,-12.0,-12.0,-12.5,-13.0,-13.0,-13.5,-13.5,-14.0,-14.0,-14.0,-13.5,-13.0,-12.5,-12.0,-11.0,-10.5,-10.0,-10.0,-9.5,-9.5,-9.0,-9.0,-9.5,-9.5,-9.5,-10.0,-10.0,-10.5,-11.0,-11.5,-11.5,-12.0,-12.0,-12.0,-11.5,-11.0,-10.5,-10.5,-10.0,-9.5,-9.5,-10.0,-10.0,-10.5,-11.0,-11.5,-11.5,-12.0,-12.0,-12.0,-12.0,-12.0,-11.5,-11.0,-10.5,-10.5,-10.0,-10.0,-10.0,-10.0,-10.0,-10.0,-10.0,-10.0,-10.5,-10.5,-10.5,-10.5,-10.5,-10.0,-10.0,-10.0,-9.5,-9.0,-9.0,-8.5,-8.0,-8.0,-8.0,-8.0,-8.5,-8.5,-9.0,-9.0,-9.0,-9.5,-9.5,-9.5,-10.0,-10.0,-10.0,-9.5,-9.5,-9.0,-8.5,-8.0,-8.0,-8.0,-8.0,-7.5,-7.5,-7.5,-7.5,-8.0,-8.0,-8.0,-8.0,-8.0,-8.0,-8.0,-8.0,-7.5,-7.5,-7.0,-6.5,-6.0,-6.0,-5.5,-5.5,-5.5,-5.5,-5.5,-5.5,-6.0,-6.0,-6.5,-6.5,-6.5,-6.5,-6.5,-6.5,-6.0,-6.0,-5.5,-5.5,-5.0,-5.0,-4.5,-4.5,-4.5,-5.0,-5.0,-5.5,-6.0,-6.0,-6.5,-6.5,-7.0,-7.0,-7.0,-6.5,-6.5,-6.0,-5.5,-5.5,-5.0,-4.5,-4.5,-4.5,-4.5,-4.5,-4.5,-5.0,-5.0,-5.5,-5.5,-6.0,-6.0,-6.0,-6.0,-5.5,-5.0,-5.0,-5.0,-4.5,-4.5,-4.0,-4.0,-4.0,-4.0,-4.0,-4.5,-4.5,-5.0,-5.0,-5.5,-5.5,-6.0,-6.0,-6.0,-6.0,-6.0,-5.5,-5.0,-5.0,-4.5,-4.0,-3.5,-3.0,-3.0,-3.0,-3.0,-3.5,-4.0,-4.5,-5.0,-5.0,-5.5,-5.5,-5.0,-5.0,-4.5,-4.0,-3.5,-3.0,-2.5,-2.5,-2.0,-2.0,-2.0,-2.0,-2.5,-3.0,-3.0,-3.5,-4.0,-4.0,-4.5,-4.5,-4.5,-4.5,-4.5,-4.0,-3.5,-2.5,-2.0,-1.0,-0.5,-0.5,0.0,-0.5,-0.5,-1.0,-1.5,-1.5,-2.0,-2.5,-2.5,-2.5,-3.0,-3.0,-3.0,0.0,0.0
74.5,69.5,64.5,60.5,56.5,53.5,51.0,48.5,47.0,46.0,45.5,45.0,45.0,45.0,45.5,46.0,46.0,46.0,45.5,44.5,44.0,43.5,43.0,42.5,42.5,42.0,42.0,42.0,42.0,42.0,42.0,42.0,42.0,42.5,43.0,43.0,43.5,43.5,43.5,43.0,43.0,42.5,42.0,41.5,41.0,41.0,40.5,40.5,40.5,40.5,40.5,41.0,41.5,41.5,42.0,42.5,42.5,43.0,43.0,43.0,42.5,42.5,42.0,41.5,41.0,40.5,40.0,40.0,39.5,40.0,40.0,40.5,41.0,41.5,42.0,42.0,42.0,42.0,42.0,42.0,41.5,41.5,41.0,40.5,40.0,39.5,39.0,39.0,39.0,39.0,39.0,39.5,40.0,40.0,40.5,40.5,41.0,41.5,41.5,41.5,41.0,40.5,40.0,39.5,38.5,38.0,38.0,37.5,37.5,38.0,38.0,38.5,38.5,39.0,39.5,40.0,40.5,41.0,41.5,41.5,41.5,41.5,41.5,41.0,40.5,40.5,40.0,40.0,40.0,40.0,40.5,40.5,41.0,41.0,41.5,41.5,41.0,41.0,41.0,41.0,40.5,40.5,40.0,40.0,40.0,39.5,39.5,39.5,39.0,39.0,39.5,39.5,40.0,40.5,41.0,41.0,41.5,42.0,42.0,42.0,42.0,41.5,41.5,41.0,40.5,40.5,40.0,40.0,40.0,40.0,40.0,40.5,40.5,41.0,41.5,41.5,42.0,42.0,42.0,41.5,41.5,41.0,40.5,40.0,40.0,39.5,39.5,39.5,39.5,40.0,40.0,40.5,41.5,42.0,42.5,43.0,43.5,43.5,44.0,44.0,44.0,44.0,43.5,43.5,43.5,43.0,43.0,42.5,42.5,42.5,42.5,43.0,43.0,43.5,44.0,44.0,44.5,44.5,44.5,44.0,44.0,43.5,43.5,43.0,42.5,41.5,41.0,40.5,40.5,41.0,41.0,41.5,42.0,42.0,42.5,43.0,43.0,43.5,43.5,43.5,43.0,43.0,43.0,43.0,43.0,43.0,43.0,43.0,43.5,43.5,43.5,43.5,44.0,44.5,45.0,45.5,46.0,46.0,46.0,46.0,46.0,46.0,46.0,46.0,45.5,45.5,45.0,44.5,44.5,44.5,44.5,44.5,44.5,45.0,45.5,46.0,46.0,46.5,46.5,47.0,47.0,46.5,46.5,46.5,46.5,46.0,46.0,46.0,46.0,46.5,46.5,47.0,47.0,47.0,47.5,47.5,47.5,48.0,48.0,48.0,47.5,47.5,47.5,47.0,46.5,46.5,46.0,46.0,46.0,46.0,46.0,46.0,46.5,47.0,47.5,48.0,48.5,48.5,48.5,48.5,0.0,0.0
96.0,95.5,95.5,95.5,96.0,96.0,96.0,96.0,95.5,95.0,94.5,94.0,94.0,93.5,93.0,92.5,92.5,92.0,92.0,92.0,91.5,91.5,91.5,92.0,92.0,92.0,92.0,92.0,92.0,92.0,92.0,92.0,92.0,91.5,91.5,91.0,91.0,90.5,90.0,90.0,90.0,90.0,90.5,91.0,91.0,91.5,91.5,92.0,92.0,92.5,92.5,92.0,92.0,91.5,91.5,91.0,91.0,91.0,90.5,90.5,91.0,91.0,91.0,91.5,91.5,92.0,92.0,92.5,92.5,92.5,92.0,91.5,91.5,91.0,90.5,90.0,89.5,89.5,89.5,89.5,89.5,90.0,90.5,91.0,91.5,92.0,92.5,93.0,93.0,93.0,92.5,92.0,91.5,91.0,91.0,90.5,90.0,89.5,89.5,89.5,89.5,89.5,90.0,90.5,91.0,91.0,91.5,91.5,91.5,91.5,91.0,91.0,90.5,90.0,90.0,90.0,89.5,89.5,89.5,89.5,89.5,89.5,90.0,90.0,90.5,90.5,90.5,91.0,91.0,91.0,90.5,90.5,90.5,90.0,89.5,89.0,89.0,88.5,88.5,88.5,89.0,89.0,89.5,90.0,90.0,90.5,90.5,90.5,91.0,91.0,91.0,90.5,90.5,90.0,89.5,89.5,89.5,89.5,89.5,90.0,90.0,90.5,91.0,91.0,91.5,91.5,92.0,92.5,92.5,92.5,92.0,91.5,91.0,91.0,90.5,90.5,90.5,90.5,90.5,90.5,90.5,90.5,91.0,91.0,91.0,91.5,92.0,92.0,92.5,92.5,92.5,92.0,91.5,91.0,91.0,90.5,90.5,90.5,91.0,91.0,91.0,91.5,91.5,92.0,92.0,92.5,92.5,92.5,93.0,93.0,93.0,92.5,92.5,92.0,91.5,91.0,90.5,90.0,89.5,89.5,89.5,89.5,90.0,90.0,90.0,90.0,90.0,90.0,90.0,90.0,90.0,89.5,89.5,89.0,88.5,88.5,88.0,88.0,87.5,88.0,88.0,88.5,89.5,90.0,90.5,91.0,91.5,91.5,91.5,91.5,91.5,91.0,90.5,90.0,89.5,89.0,88.5,88.0,88.0,88.0,88.0,88.0,88.5,88.5,89.0,89.5,90.0,90.5,90.5,91.0,90.5,90.5,89.5,89.0,88.5,88.0,87.5,87.0,86.5,86.5,86.5,87.0,87.5,88.0,88.5,89.5,90.0,91.0,91.0,91.5,91.0,91.0,90.0,89.5,89.0,88.5,88.0,88.0,88.0,88.0,88.0,88.5,88.5,89.0,89.5,89.5,90.0,90.0,90.0,90.0,89.5,89.0,88.5,88.0,88.0,87.5,87.0,86.5,86.0,86.0,0.0,0.0
59.0,58.5,58.5,58.0,58.0,58.0,57.5,57.5,57.5,58.0,58.0,58.5,59.0,59.0,59.0,58.5,58.5,58.0,57.5,57.0,56.5,56.0,55.5,55.0,54.5,54.5,54.5,55.0,55.5,56.0,56.0,56.5,56.5,56.5,57.0,57.0,57.0,57.0,57.0,57.0,57.0,56.5,56.0,56.0,56.0,56.0,56.0,56.5,57.0,57.5,58.0,58.0,58.0,58.0,58.0,58.0,57.5,57.5,57.5,57.5,57.0,57.0,57.0,56.5,56.5,56.0,56.0,56.5,56.5,57.0,57.0,57.0,57.5,57.5,57.5,57.5,57.5,57.0,56.5,56.0,56.0,56.0,56.0,56.0,56.0,55.5,55.5,55.5,56.0,56.0,56.5,56.5,56.5,56.5,56.5,56.5,56.5,56.5,56.0,56.0,55.5,55.0,55.0,54.5,54.5,54.0,54.0,54.0,54.0,54.0,54.0,54.5,55.0,55.0,55.5,55.5,55.5,56.0,56.0,56.5,56.5,56.5,56.5,56.0,56.0,56.0,56.0,56.0,56.0,56.0,56.5,57.0,57.0,57.0,57.5,57.5,57.5,57.0,56.5,56.0,55.0,54.5,54.0,54.0,54.0,54.5,55.0,55.5,56.0,56.5,56.5,57.0,57.0,57.0,57.0,57.0,57.0,57.0,57.0,56.5,56.5,56.0,56.0,56.0,55.5,55.5,55.5,55.5,55.5,55.5,55.5,56.0,56.0,56.5,57.0,57.5,57.5,57.5,57.5,57.0,57.0,56.5,56.5,56.0,55.5,55.0,55.0,55.0,55.0,55.0,55.5,55.5,56.0,56.5,56.5,57.0,57.0,57.0,57.0,56.5,56.5,56.5,56.5,56.5,56.5,56.5,56.5,57.0,57.0,57.5,58.0,58.0,58.0,58.0,57.5,57.5,57.0,56.5,56.0,56.0,55.5,55.0,55.0,54.5,54.5,54.5,54.5,54.5,55.0,55.5,56.0,56.0,56.5,57.0,57.0,57.0,57.5,57.5,57.0,57.0,56.5,56.5,56.0,55.5,55.0,55.0,55.0,55.0,55.5,56.0,57.0,57.5,58.5,59.0,59.0,59.0,59.0,59.0,58.5,58.0,57.5,56.5,56.0,55.5,55.5,55.5,56.0,56.5,57.0,57.5,58.0,58.5,58.5,58.5,58.5,58.5,58.0,58.0,58.0,57.5,57.5,57.5,57.5,57.5,57.0,57.0,57.5,57.5,58.0,58.0,59.0,59.5,60.0,60.0,60.0,59.5,59.0,59.0,58.5,58.0,58.0,57.5,57.0,56.5,56.0,56.0,55.5,55.5,55.5,55.0,55.0,54.5,54.5,54.0,54.0,54.0,53.5,53.5,53.5,53.0,0.0,0.0
6.0,5.5,5.5,5.5,5.5,6.0,7.5,8.5,10.0,11.0,12.0,13.0,13.0,13.5,13.5,13.5,13.0,13.0,13.0,13.5,13.5,13.5,13.5,13.0,12.5,11.5,11.0,10.0,9.5,9.5,9.0,9.0,9.0,9.0,9.0,9.0,9.5,10.0,10.0,10.0,10.5,10.5,11.0,11.0,11.0,11.0,11.0,10.5,10.5,10.0,9.5,9.0,8.5,8.5,8.5,8.5,8.5,8.5,9.0,9.5,9.5,10.0,10.5,10.5,10.0,9.5,9.0,9.0,8.5,8.0,8.0,7.5,7.5,7.5,7.5,7.5,7.5,7.5,7.5,7.5,7.5,7.5,8.0,8.0,8.0,7.5,7.0,6.5,5.5,4.5,3.0,1.0,-1.0,-3.0,-5.0,-6.5,-8.5,-10.0,-11.0,-11.5,-12.0,-12.5,-12.5,-12.5,-12.0,-11.0,-9.0,-6.5,-3.0,1.0,6.0,11.5,17.5,24.0,30.5,37.5,43.5,50.0,55.5,61.5,66.5,71.5,75.0,78.0,79.0,80.0,80.0,79.5,79.0,77.5,76.0,73.0,69.5,65.0,60.5,55.5,51.0,46.0,41.5,37.0,33.0,29.0,25.5,22.0,18.5,15.0,12.0,9.5,7.5,6.0,5.0,4.0,3.5,3.5,3.5,4.0,4.0,4.0,4.5,4.5,4.0,4.0,3.5,3.0,2.5,2.0,1.5,1.0,1.0,0.5,0.0,0.0,0.0,0.0,0.0,0.5,1.0,2.0,2.5,2.5,2.5,2.5,2.5,2.0,1.5,1.0,0.5,0.0,-0.5,-0.5,-1.0,-1.0,-0.5,-0.5,-0.5,-0.5,-0.5,0.0,0.0,-0.5,-0.5,-0.5,-0.5,-1.0,-1.5,-2.0,-2.5,-3.5,-4.0,-4.0,-4.5,-4.5,-4.5,-4.5,-4.5,-4.0,-3.5,-3.0,-2.5,-2.0,-1.5,-1.0,-0.5,-0.5,-0.5,-1.0,-1.5,-2.5,-3.0,-3.0,-3.0,-3.0,-3.0,-3.0,-3.0,-3.0,-2.5,-2.5,-2.0,-1.5,-1.5,-1.5,-1.5,-1.5,-2.0,-2.0,-2.5,-3.0,-3.5,-4.0,-4.0,-4.5,-4.5,-4.5,-4.5,-4.5,-4.0,-4.0,-3.5,-3.0,-3.0,-2.5,-2.5,-2.5,-2.5,-3.0,-3.5,-3.5,-4.0,-4.5,-4.5,-5.0,-5.0,-5.0,-5.0,-4.5,-4.5,-4.0,-4.0,-3.5,-3.0,-3.0,-2.5,-2.5,-3.0,-3.0,-3.5,-4.0,-4.5,-4.5,-5.0,-5.5,-6.0,-6.0,-6.0,-5.5,-5.0,-4.5,-4.0,-4.0,-3.5,-3.5,-3.5,-3.5,-4.0,-4.0,-4.5,-5.0,-5.5,-6.0,-6.0,-6.0,-6.0,-6.0,-6.0,-6.5,-6.5,-6.5,-6.5,-6.5,0.0,0.0
40.5,39.0,38.0,37.0,36.5,36.5,36.5,37.0,38.5,40.0,42.0,44.0,45.5,47.0,48.0,48.5,49.0,49.0,48.5,48.5,47.5,47.0,46.5,46.0,45.5,44.5,44.5,44.0,44.0,44.0,44.0,44.5,45.0,45.5,45.5,45.5,45.5,45.0,45.0,45.0,44.5,44.0,44.0,43.5,43.5,43.5,43.5,43.5,43.5,44.0,44.5,45.0,45.5,46.0,46.5,47.0,47.0,46.5,46.5,46.5,46.0,46.0,45.5,45.5,45.5,45.5,45.5,46.0,46.0,46.5,47.0,47.5,47.5,48.0,48.0,48.0,48.0,47.5,47.5,47.0,46.5,46.0,45.5,45.0,44.5,44.5,45.0,45.0,45.5,46.0,46.5,46.5,47.0,47.0,47.0,47.0,47.0,46.5,46.5,46.0,46.0,45.5,45.0,45.0,45.0,45.0,45.0,45.5,46.0,46.0,46.5,47.0,47.0,47.0,47.5,47.5,47.5,47.0,47.0,46.5,46.5,46.0,45.5,45.0,45.0,44.5,44.5,44.5,45.0,45.0,45.5,46.0,46.5,47.0,47.0,47.5,47.5,47.5,47.5,47.5,47.0,46.5,46.0,46.0,46.0,46.0,46.0,46.0,46.5,47.0,47.5,48.0,48.0,48.5,48.5,48.5,48.0,48.0,47.5,47.0,46.5,46.0,46.0,45.5,45.0,45.0,45.0,45.5,46.0,46.5,47.5,48.0,48.5,48.5,48.5,49.0,49.0,49.0,49.0,49.0,49.0,48.5,48.0,47.5,47.5,47.0,47.0,47.0,47.0,47.0,47.0,47.5,48.0,48.5,48.5,49.0,49.5,49.5,49.0,49.0,48.5,47.5,47.0,46.5,46.5,46.0,46.0,46.0,46.5,46.5,47.0,47.0,47.5,47.5,47.5,47.5,47.5,47.5,47.0,46.5,46.0,46.0,45.5,45.0,45.0,45.0,44.5,44.5,44.5,45.0,45.0,45.5,45.5,46.0,46.0,46.0,46.0,45.5,45.5,45.0,44.5,44.0,43.5,43.0,43.0,42.5,43.0,43.0,43.5,44.0,44.5,45.0,45.5,46.0,47.0,47.5,48.0,48.5,48.5,48.5,49.0,49.0,49.0,49.0,49.0,49.0,49.5,49.5,49.5,50.0,50.5,51.0,51.5,51.5,51.5,51.0,51.0,51.0,50.5,49.5,49.0,48.5,48.0,47.5,47.5,47.5,47.0,47.0,47.0,47.0,47.5,47.5,48.0,48.0,48.0,48.5,48.5,48.5,48.0,47.5,47.0,47.0,46.5,46.5,46.0,46.0,46.5,46.5,46.5,47.0,47.0,47.5,47.5,48.0,48.0,48.5,48.5,49.0,49.0,49.0,0.0,0.0
26.5,26.0,26.0,26.0,26.5,27.0,27.5,28.0,28.0,28.5,29.0,29.0,29.0,29.0,29.0,29.0,29.0,28.5,28.5,28.0,28.0,28.0,28.0,28.5,28.5,29.0,29.5,29.5,29.5,29.5,29.0,29.0,28.5,27.5,27.0,26.5,26.5,26.5,27.0,27.5,28.5,29.5,30.5,32.0,33.0,34.5,35.0,35.5,36.0,36.0,36.0,36.0,36.0,35.5,35.0,34.5,33.0,32.0,31.0,30.5,30.0,29.5,29.5,29.5,29.5,30.0,30.5,31.0,31.0,31.5,31.5,32.0,32.0,32.0,32.0,32.0,31.5,31.5,31.5,31.0,31.0,31.0,31.0,31.0,31.5,32.0,32.0,32.5,33.0,33.5,33.5,33.5,33.5,33.5,33.0,33.0,32.5,32.0,32.0,31.5,31.5,31.5,31.5,31.5,32.0,32.0,32.5,32.5,33.0,33.0,33.5,34.0,34.0,34.0,34.0,33.5,33.0,33.0,32.5,32.5,32.5,32.5,32.5,33.0,33.5,34.0,34.5,34.5,35.0,35.0,35.0,35.0,35.5,35.5,35.5,35.5,35.0,35.0,35.0,35.0,35.0,35.0,35.0,35.0,35.0,35.0,35.5,36.0,36.0,36.5,37.0,37.0,37.0,37.0,37.0,36.5,36.5,36.5,36.0,36.0,36.0,35.5,35.5,35.5,35.5,36.0,36.5,37.0,37.5,37.5,38.0,37.5,37.5,37.5,37.5,37.0,37.5,37.5,37.5,37.5,37.5,37.5,37.5,37.5,37.5,38.0,38.0,39.0,39.5,40.0,40.5,40.5,40.5,40.5,40.5,40.5,40.0,40.0,39.5,39.0,39.0,38.5,38.5,38.5,38.5,38.5,38.5,39.0,39.0,39.5,40.0,40.0,40.5,40.5,40.5,40.0,40.0,39.5,39.5,39.0,39.0,39.5,39.5,40.0,40.5,41.0,41.5,42.5,43.0,43.5,44.0,44.5,44.5,44.0,44.0,43.5,43.0,43.0,42.5,42.5,43.0,43.0,43.5,43.5,43.5,43.5,44.0,44.5,45.0,45.5,45.5,46.0,45.5,45.5,45.0,44.5,44.0,44.0,43.5,43.5,43.0,43.0,43.5,44.0,44.0,44.5,45.0,45.5,46.0,46.5,47.0,47.0,47.0,46.5,46.5,46.5,46.0,46.0,46.0,45.5,46.0,46.0,46.0,46.5,46.5,47.0,47.0,47.5,47.5,48.0,48.0,48.0,48.5,48.0,48.0,47.5,47.0,47.0,46.5,46.0,46.0,45.5,45.5,46.0,46.0,46.5,47.0,48.0,48.5,49.0,49.5,49.5,49.5,49.5,49.5,49.0,49.0,48.5,48.5,48.5,0.0,0.0
64.0,63.5,63.0,62.5,62.0,61.5,61.0,61.0,61.5,62.5,64.0,65.0,66.0,67.0,67.5,68.0,68.0,68.0,68.0,68.0,67.5,67.5,67.0,67.0,67.0,67.0,66.5,66.0,66.0,65.5,65.5,65.0,64.5,64.0,63.5,63.0,62.5,62.0,61.0,60.5,59.5,58.5,57.0,55.5,54.0,52.5,50.5,49.0,47.5,46.5,46.0,45.5,45.5,46.0,46.5,47.5,49.0,51.5,55.0,59.0,64.0,69.5,76.0,83.5,91.0,98.5,105.5,112.0,119.0,125.5,132.0,138.0,143.0,146.5,149.0,150.5,151.0,151.0,150.0,148.5,145.5,142.0,138.0,133.5,128.5,123.5,118.5,113.0,108.0,102.5,97.5,92.5,88.0,83.5,79.5,76.0,73.0,70.0,68.0,66.5,65.5,65.0,65.0,64.5,64.5,64.5,65.0,65.0,65.5,66.0,66.0,66.0,66.0,66.0,65.5,65.0,64.5,63.5,62.5,62.0,61.5,61.5,61.5,61.5,62.0,62.0,62.5,62.5,62.5,62.5,62.5,62.5,62.5,62.5,62.0,62.0,61.5,61.5,61.5,61.0,60.5,60.5,60.5,60.5,60.5,60.5,61.0,61.0,61.5,62.0,62.5,62.5,62.5,62.5,62.5,62.5,62.0,62.0,61.5,61.0,61.0,60.5,60.5,60.5,60.5,61.0,61.0,61.5,62.0,62.0,62.0,62.0,62.0,62.0,62.0,62.0,61.5,61.5,61.0,61.0,60.5,61.0,61.0,61.0,61.5,62.0,62.0,62.0,62.0,62.5,62.5,62.5,62.0,62.0,62.0,61.5,61.0,60.5,60.0,59.5,59.5,59.5,60.0,60.0,60.5,60.5,61.0,61.0,61.0,60.5,60.5,60.5,60.5,60.5,60.5,60.5,60.0,60.0,59.5,59.5,59.0,59.0,59.0,59.0,59.5,59.5,60.0,60.0,60.5,60.5,61.0,61.0,60.5,60.5,60.0,60.0,59.5,59.0,58.5,58.0,57.5,57.5,57.5,57.0,57.0,57.5,57.5,58.0,58.5,59.0,59.5,59.5,59.5,59.5,59.0,58.0,57.5,57.0,56.5,56.0,56.0,55.5,55.5,55.5,55.5,55.5,56.0,56.5,57.0,57.5,58.0,58.0,58.0,58.0,57.5,57.0,56.5,56.0,56.0,55.5,55.0,55.0,55.5,55.5,56.0,57.0,57.5,58.0,58.5,58.5,59.0,59.0,59.0,59.0,59.0,58.5,58.5,58.5,58.0,58.0,57.5,57.5,58.0,58.0,58.5,58.5,59.0,59.0,59.5,60.0,59.5,59.5,59.0,59.0,58.5,58.5,58.0,58.0,58.0,57.5,0.0,0.0
10.5,10.0,10.0,10.5,10.5,11.0,11.5,11.5,12.0,12.0,12.0,12.0,11.5,11.5,11.5,11.0,11.0,10.5,10.5,10.5,10.5,10.5,11.0,11.0,11.0,11.0,11.0,11.5,11.5,12.0,12.0,12.5,13.0,13.0,13.0,12.5,12.5,12.0,11.5,11.5,11.0,11.0,11.0,11.0,11.0,11.5,11.5,12.0,12.0,12.5,12.5,12.5,12.5,12.0,11.5,11.0,10.5,10.0,9.5,9.5,9.0,9.0,9.5,9.5,10.0,10.5,11.0,11.5,12.0,13.0,13.5,14.0,14.0,14.0,14.0,13.5,13.0,12.0,11.5,11.0,11.0,11.0,11.0,11.5,12.0,12.0,12.5,12.5,12.5,12.5,12.5,12.5,12.5,12.0,12.0,12.0,12.0,11.5,11.5,11.5,11.5,11.0,11.5,11.5,12.0,12.5,13.0,13.5,14.0,14.5,15.0,15.0,15.0,15.0,14.5,14.5,14.0,13.5,13.0,12.5,12.0,12.0,12.0,12.5,13.0,13.5,14.0,14.5,14.5,14.5,14.5,14.0,14.0,14.0,13.5,13.5,13.0,13.0,12.5,12.5,12.5,12.5,12.5,13.0,13.0,13.5,14.0,14.5,14.5,15.0,15.0,15.0,15.5,15.5,15.5,15.0,15.0,15.0,15.0,14.5,14.5,14.5,15.0,15.0,15.5,16.0,16.5,16.5,17.0,17.5,17.5,17.5,17.5,17.5,17.0,17.0,16.5,16.0,15.5,15.0,15.0,14.5,14.5,14.5,14.5,14.5,15.0,15.5,16.0,16.0,16.0,16.0,16.0,15.5,15.5,15.0,15.0,14.5,14.5,14.5,14.5,14.5,14.5,14.5,14.5,15.0,15.5,16.0,16.5,17.0,17.0,17.5,17.5,17.5,17.5,17.0,16.5,16.0,16.0,16.0,16.0,16.0,16.0,16.0,16.5,16.5,16.5,17.0,17.0,17.5,18.0,18.0,18.0,18.0,18.0,17.5,16.5,16.0,16.0,15.5,15.5,15.5,16.0,16.0,16.5,17.0,17.5,18.0,18.5,19.0,19.5,20.0,20.0,19.5,19.0,19.0,18.5,18.0,18.0,18.0,18.0,18.0,18.0,18.0,18.5,18.5,18.5,19.0,19.0,19.0,19.0,19.0,19.0,18.5,18.5,18.5,18.0,18.0,18.0,17.5,17.5,17.5,17.5,18.0,18.5,19.0,19.5,20.0,20.5,21.0,21.0,21.5,21.5,21.5,21.5,21.5,21.0,21.0,21.0,20.5,20.5,20.5,20.0,20.0,20.0,20.0,20.0,20.0,20.5,20.5,21.0,21.0,21.0,21.0,20.5,20.0,19.5,19.5,19.0,19.0,0.0,0.0
62.5,62.5,63.0,63.5,63.5,63.5,64.0,64.0,64.0,64.0,63.5,63.5,63.0,63.0,62.5,62.0,62.0,62.0,62.5,62.5,62.5,63.0,63.0,63.5,63.5,64.0,64.5,64.5,64.5,65.0,64.5,64.5,64.5,64.0,63.5,63.0,63.0,62.5,62.5,63.0,63.0,63.5,64.0,64.5,65.0,65.5,65.5,65.5,65.5,65.0,65.0,64.5,64.0,63.5,63.5,63.5,63.5,63.5,63.5,63.5,63.5,63.5,63.5,64.0,64.0,64.5,64.5,64.5,64.5,64.5,64.0,64.0,63.5,63.0,62.5,62.5,62.5,62.5,62.5,62.5,63.0,63.5,63.5,63.5,63.5,64.0,63.5,63.5,63.5,63.0,63.0,62.5,62.0,62.0,61.5,61.5,61.0,61.0,61.0,61.0,61.0,61.5,61.5,62.0,62.0,62.0,62.5,62.5,62.0,62.0,61.5,61.0,60.5,60.0,59.0,59.0,58.5,58.5,58.5,58.5,58.5,58.5,59.0,59.0,59.0,59.0,59.0,59.0,58.5,58.0,57.5,57.0,56.0,55.5,55.0,55.0,55.0,55.0,55.5,56.0,57.0,57.5,58.5,59.5,60.5,61.0,61.5,62.0,62.0,62.5,62.0,62.0,62.0,61.5,61.0,60.5,60.5,60.0,60.0,60.0,60.0,60.5,61.0,61.5,61.5,61.0,61.0,60.5,60.5,60.0,60.0,59.5,59.5,59.0,59.0,59.0,59.0,59.5,59.5,59.5,60.0,60.0,60.5,60.5,61.0,61.5,62.0,62.0,61.5,61.5,61.0,60.5,60.0,60.0,59.5,59.0,58.5,58.5,58.5,58.5,58.5,59.0,59.0,59.5,60.0,60.0,60.5,61.0,61.0,61.0,61.0,61.0,60.5,60.0,60.0,59.5,59.0,59.0,59.0,59.0,59.0,59.0,59.0,59.0,59.0,59.0,58.5,57.5,56.5,55.0,53.0,51.0,48.5,46.5,44.5,42.5,41.0,40.0,39.5,39.5,40.0,41.0,42.5,45.0,48.0,52.0,56.5,62.0,67.5,74.0,81.0,88.0,94.5,101.0,107.0,112.5,118.0,123.0,128.5,132.5,136.0,138.0,139.0,139.5,139.5,139.0,137.5,135.5,133.0,130.0,126.0,121.5,117.0,112.0,106.5,101.0,95.0,90.0,85.0,80.5,76.5,73.0,70.5,68.0,66.0,64.0,63.0,62.0,61.5,61.0,60.5,60.0,59.5,59.0,59.0,58.5,58.5,58.5,58.5,58.5,58.5,58.5,58.0,57.5,57.5,57.0,56.5,55.5,55.0,54.0,53.5,53.0,53.0,53.0,53.5,54.0,54.5,55.0,55.5,56.5,0.0,0.0
55.0,55.5,56.5,57.5,58.5,59.5,60.0,60.5,61.0,61.0,60.5,60.5,60.0,59.5,59.5,59.5,59.5,60.0,60.0,60.5,60.5,61.0,61.0,61.0,61.0,61.0,61.0,60.5,60.0,60.0,59.0,58.5,57.5,57.0,57.0,57.0,57.0,57.0,57.5,57.5,58.0,58.0,58.5,59.0,59.0,59.0,58.5,58.5,57.5,57.0,56.5,56.0,55.5,55.5,55.5,55.0,54.5,54.0,53.5,53.5,53.5,54.0,54.5,55.5,56.0,56.0,55.5,55.5,55.0,54.5,54.0,54.0,54.0,54.0,54.0,54.5,54.5,55.0,55.5,56.0,57.0,58.0,58.5,59.5,60.0,60.0,60.0,60.0,59.0,58.5,58.0,58.0,57.5,57.5,57.5,57.5,58.0,58.5,59.0,59.0,59.5,59.5,59.5,60.0,60.0,60.0,60.0,60.0,59.5,59.0,59.0,58.5,58.5,58.0,58.0,57.5,57.5,57.5,57.5,57.5,58.0,58.0,58.5,59.0,59.0,59.5,59.5,59.5,59.0,59.0,58.5,58.0,57.5,57.0,56.5,56.5,56.5,56.5,57.0,57.0,57.5,57.5,57.5,57.5,57.5,57.5,57.0,57.0,56.5,56.0,55.5,55.5,55.0,55.0,54.5,53.5,53.0,52.0,50.5,49.5,48.0,46.5,44.5,43.0,41.0,39.5,38.5,38.0,37.5,37.5,38.0,39.0,41.0,43.5,47.5,52.5,58.0,64.0,71.0,78.0,85.0,91.5,97.5,103.5,109.0,114.5,119.5,124.0,128.0,131.0,133.0,134.0,134.5,134.5,134.0,132.5,130.5,127.5,124.0,120.0,116.0,111.5,107.0,102.5,97.5,93.0,88.0,83.0,78.5,74.0,70.0,66.0,63.0,60.5,58.5,57.5,56.5,56.5,56.0,56.5,56.5,57.0,57.5,57.5,57.5,57.5,57.5,57.5,57.5,57.0,57.0,56.5,56.0,55.5,54.5,54.0,53.5,53.0,53.0,53.5,53.5,54.0,54.0,54.5,54.5,55.0,55.0,54.5,54.5,54.0,53.5,53.0,52.5,52.0,52.0,51.5,51.5,51.5,51.5,52.0,52.5,52.5,53.0,53.0,53.0,53.0,52.5,52.5,52.5,52.0,52.0,51.5,51.5,51.0,51.0,51.0,51.0,51.5,52.0,52.5,53.0,53.5,53.5,53.5,53.5,53.5,53.5,53.0,53.0,53.0,52.5,52.0,52.0,51.5,51.0,51.0,51.0,51.0,51.0,51.5,51.5,52.0,52.5,52.5,53.0,53.5,53.0,53.0,52.5,51.5,51.5,51.0,50.5,50.5,50.5,50.5,50.5,51.0,51.5,52.0,0.0,0.0
50.5,52.0,53.5,55.0,55.5,56.0,56.0,55.5,55.0,54.5,53.5,53.0,52.5,51.5,51.5,51.0,51.0,51.5,51.5,52.0,52.5,53.0,53.5,53.5,53.5,53.0,53.0,52.5,52.0,51.5,51.5,51.0,50.5,50.5,50.5,51.0,51.5,52.0,52.5,53.0,53.5,54.5,55.0,55.0,55.5,55.0,55.0,54.5,54.0,53.5,53.0,53.0,53.0,53.0,53.0,53.0,53.0,53.0,53.0,53.5,53.5,54.0,54.0,54.0,54.5,54.5,54.5,54.5,54.0,53.5,53.0,52.5,52.5,52.5,52.5,52.5,52.5,52.5,53.0,53.0,53.5,54.0,54.5,55.0,55.0,55.5,55.5,55.5,55.0,55.0,54.5,54.0,54.0,54.0,54.5,54.5,55.0,55.5,56.0,56.5,56.5,56.5,56.5,56.5,56.5,56.5,56.0,55.5,55.5,55.0,55.0,55.0,55.0,55.0,55.5,56.0,56.5,57.0,57.0,57.5,58.0,58.5,59.0,59.0,59.5,59.0,59.0,58.5,58.0,58.0,57.5,57.5,57.5,57.5,57.5,57.5,58.0,58.5,59.5,60.0,60.5,61.0,61.0,61.0,61.0,60.5,60.0,59.5,58.5,58.5,58.0,58.0,58.0,58.0,58.0,58.5,58.5,59.0,59.0,59.0,59.5,59.5,60.0,60.0,60.0,60.0,60.0,60.0,60.0,60.0,60.0,60.0,60.5,60.5,61.0,61.0,61.5,62.0,62.5,62.5,62.5,62.5,62.5,62.5,62.5,62.0,61.0,60.5,60.0,60.0,60.0,59.5,59.5,59.5,59.5,60.0,60.0,60.5,61.0,61.5,62.0,62.5,63.5,63.5,64.0,64.0,64.0,64.0,64.0,64.0,63.5,63.5,63.5,64.0,64.0,64.5,64.5,65.0,65.0,65.5,65.5,66.0,66.0,66.0,66.0,66.0,65.5,65.5,65.0,65.0,64.5,64.5,64.5,64.0,64.0,64.5,64.5,65.0,65.5,66.0,66.0,66.5,66.5,66.5,66.0,66.0,65.5,65.0,64.5,64.5,64.5,64.5,64.5,64.5,64.5,65.0,65.5,66.0,66.5,67.0,67.0,67.0,67.5,67.5,67.0,67.0,66.5,66.0,66.0,65.5,65.0,64.5,64.5,64.5,64.5,65.0,65.5,66.5,67.0,67.5,67.5,67.5,67.5,67.5,67.0,66.5,66.0,66.0,65.5,65.0,64.5,64.0,63.5,63.0,63.0,62.5,63.0,63.0,63.0,63.5,63.5,63.5,64.0,64.0,64.0,64.0,64.0,64.0,63.5,63.5,63.5,63.5,63.5,64.0,64.0,64.5,65.0,65.5,66.0,67.0,0.0,0.0
73.0,72.5,72.5,72.0,72.0,72.0,72.5,72.5,72.5,72.5,72.5,71.5,71.0,70.0,69.0,67.5,65.5,63.5,61.0,59.0,57.0,55.5,54.5,54.0,54.0,54.0,54.5,56.0,57.5,60.0,63.5,67.5,72.5,77.5,83.5,90.5,97.0,103.5,110.0,116.0,121.5,127.5,133.5,139.0,144.0,148.5,151.5,154.0,156.0,157.0,157.5,156.5,155.0,152.0,148.0,143.5,138.0,132.5,127.0,121.0,115.5,110.0,104.5,100.0,95.5,91.5,88.5,85.5,83.0,81.0,79.5,78.0,77.0,76.0,75.5,75.0,74.5,74.5,74.0,73.5,73.0,72.0,71.5,71.0,70.5,70.5,70.5,70.5,70.5,70.5,71.0,71.0,71.0,71.0,71.0,70.5,70.5,70.0,69.5,69.5,69.0,68.5,68.5,68.5,68.5,68.5,68.5,69.0,69.5,70.0,70.0,70.5,70.5,70.5,71.0,70.5,70.5,69.5,69.0,68.5,68.5,68.0,68.0,68.0,67.5,67.5,68.0,68.0,68.5,69.0,69.5,69.5,69.5,69.5,69.5,69.5,69.5,69.5,69.5,69.0,68.5,68.5,68.0,68.0,68.0,68.0,68.0,68.0,68.5,69.0,69.5,70.0,70.5,70.5,70.5,70.0,69.5,69.5,69.0,69.0,68.5,68.0,68.0,68.0,68.5,68.5,69.0,69.0,69.5,70.0,70.5,71.0,71.0,71.0,71.0,71.0,71.0,71.5,71.0,71.0,70.5,70.5,70.0,70.0,70.0,70.0,70.0,70.5,70.5,71.0,71.5,71.5,71.5,71.0,71.0,70.5,70.5,70.5,70.0,70.0,70.0,70.0,69.5,69.5,69.5,69.5,69.5,69.5,70.0,70.0,70.5,71.0,71.0,71.0,71.0,70.5,70.0,70.0,69.5,69.0,69.0,68.5,68.5,68.5,68.5,68.5,69.0,69.0,69.0,69.5,69.5,70.0,70.0,70.5,70.5,70.5,70.0,70.0,70.0,70.0,69.5,69.5,69.0,69.0,69.0,69.5,69.5,70.5,71.0,71.5,71.5,72.0,72.0,72.0,72.0,71.5,71.0,70.0,69.5,68.5,67.5,67.0,66.0,66.0,65.5,66.0,66.5,67.5,69.0,70.5,72.0,74.0,75.0,76.0,77.0,77.0,77.5,77.0,76.5,76.0,75.5,75.0,74.5,74.0,73.0,72.5,72.0,72.0,71.5,71.5,72.0,72.0,72.5,72.5,72.5,72.5,72.5,72.0,71.5,71.0,70.5,70.0,69.5,69.5,69.0,69.5,69.5,69.5,70.0,70.0,70.5,70.5,71.0,71.0,71.0,71.0,71.0,71.0,71.0,70.5,0.0,0.0
51.0,52.0,52.5,52.5,53.0,53.0,53.0,53.0,53.0,53.5,53.5,53.5,53.5,53.5,53.0,52.5,52.5,52.0,51.5,51.5,52.0,52.0,52.5,52.5,53.0,53.5,53.5,54.0,54.5,55.0,55.5,55.5,55.5,55.5,55.0,54.5,54.5,54.0,54.0,53.5,53.5,53.5,54.0,54.0,54.5,54.5,55.0,55.0,55.0,55.0,55.0,54.5,54.5,54.0,54.0,53.5,53.5,53.0,53.0,53.5,53.5,53.5,54.0,54.5,55.0,55.5,55.5,56.0,56.0,56.0,56.0,55.5,55.0,54.5,53.5,52.5,51.0,49.0,47.0,44.5,42.5,40.5,38.5,37.0,36.0,35.5,35.5,36.0,36.5,37.5,39.0,41.5,44.5,48.0,52.5,57.5,63.5,70.0,77.0,83.5,90.0,96.5,102.5,109.0,115.0,121.0,126.5,131.0,134.0,136.0,137.5,138.0,137.5,136.5,134.0,131.0,126.5,121.5,116.5,111.0,106.0,100.5,95.5,90.5,86.0,81.5,77.5,73.5,70.5,67.5,65.0,63.0,61.0,59.0,57.5,56.5,55.5,54.5,54.0,54.0,53.5,53.5,53.0,53.0,53.0,53.0,53.0,53.0,53.0,53.0,53.0,52.5,52.0,51.5,51.0,51.0,50.5,50.0,50.0,50.0,50.0,50.0,50.0,50.5,51.0,51.0,51.5,51.5,52.0,51.5,51.5,51.0,50.5,50.0,49.0,48.5,48.0,48.0,47.5,47.5,47.5,47.5,47.5,48.0,48.5,48.5,49.0,49.0,49.5,49.5,50.0,50.0,50.0,50.0,49.5,49.5,49.0,48.5,48.0,48.0,47.5,47.5,47.5,48.0,48.0,48.0,48.0,48.0,48.0,48.0,48.0,47.5,47.5,47.0,46.5,46.0,46.0,45.5,45.5,45.5,45.5,46.0,46.0,46.5,47.0,47.5,48.5,49.0,49.0,49.5,49.5,49.0,49.0,48.5,48.0,47.5,47.0,46.5,46.0,46.0,46.0,45.5,45.5,46.0,46.0,46.5,47.0,47.0,47.5,47.5,47.5,47.5,47.5,47.0,47.0,47.0,46.5,46.5,46.5,46.5,46.5,46.5,46.5,47.0,47.5,47.5,48.0,47.5,47.5,47.0,46.5,46.0,46.0,45.0,44.5,44.0,43.5,43.5,43.5,43.5,43.5,44.0,44.5,45.0,46.0,46.5,46.5,46.5,47.0,47.0,47.0,47.0,46.5,46.5,46.0,45.5,44.5,43.5,42.5,41.5,40.5,39.5,39.5,40.0,41.0,42.0,44.0,45.5,47.0,48.5,50.0,51.0,51.5,51.5,51.5,51.0,50.5,50.0,49.5,49.5,0.0,0.0
52.0,52.0,52.0,52.0,51.5,51.5,51.0,51.0,50.5,50.5,50.0,50.0,50.0,50.0,50.0,50.5,50.5,51.0,51.0,51.0,51.5,51.5,52.0,52.0,51.5,51.0,51.0,50.5,50.0,50.0,49.5,49.5,49.5,49.5,49.5,50.0,50.5,50.5,51.0,51.0,51.0,51.0,51.5,51.5,51.5,51.5,51.0,50.5,50.0,49.5,49.0,48.5,48.0,48.0,47.5,47.5,48.0,48.0,48.5,49.0,49.0,49.0,49.0,49.0,48.5,48.5,48.0,47.5,47.0,47.0,46.5,46.5,46.5,46.5,46.5,47.0,47.5,48.0,49.0,49.5,50.0,50.5,51.0,51.5,51.5,51.5,51.5,51.5,51.0,51.0,51.0,51.0,51.0,51.5,51.5,51.5,52.0,52.5,52.5,53.0,53.0,53.0,53.0,52.5,52.0,51.5,51.0,50.5,50.5,50.0,50.0,49.5,49.0,49.0,48.5,48.5,49.0,49.5,49.5,50.0,50.5,50.5,50.5,50.5,50.5,50.0,50.0,49.5,49.0,48.5,48.5,48.0,48.0,48.0,48.0,48.5,48.5,49.0,49.5,49.5,50.0,50.0,50.0,50.0,50.0,50.0,50.0,49.5,49.5,49.5,49.5,49.5,50.0,50.0,50.5,50.5,51.0,51.0,51.5,51.5,51.5,51.5,51.5,51.5,51.5,51.0,50.0,49.0,47.5,45.5,44.0,41.5,39.5,37.5,35.5,34.0,33.0,32.0,32.0,32.0,32.5,33.5,35.0,36.5,38.5,41.5,45.5,50.0,55.0,61.0,68.0,75.0,82.0,88.5,95.0,101.5,108.0,114.5,120.5,125.5,129.5,132.5,134.0,134.5,134.0,133.5,131.5,129.0,126.0,122.0,117.5,113.0,108.0,103.0,98.0,93.0,88.0,83.0,78.5,74.5,70.5,67.0,64.0,61.5,59.0,56.5,55.0,53.5,52.5,51.5,51.0,51.0,51.0,51.0,51.0,51.0,51.0,51.0,51.0,51.0,51.0,51.0,50.5,50.0,49.5,49.0,48.5,48.5,48.0,48.0,47.5,47.0,47.0,47.0,47.0,47.5,47.5,48.0,48.5,48.5,49.0,49.0,49.5,49.5,49.0,49.0,48.5,48.0,47.5,47.0,46.5,46.0,46.0,46.0,46.5,46.5,47.0,47.0,47.5,47.5,48.0,48.0,48.0,48.0,48.0,48.0,47.5,47.5,47.0,47.0,46.5,46.5,46.5,46.5,46.5,46.5,47.0,47.0,47.5,48.0,48.0,48.5,48.5,49.0,49.0,49.0,49.0,48.5,48.5,48.0,48.0,48.0,48.0,48.0,48.0,48.0,48.0,48.0,48.5,48.5,0.0,0.0
95.0,92.0,89.0,87.0,85.0,84.0,83.0,82.5,82.5,82.5,82.0,82.0,82.0,81.5,81.0,80.0,79.5,79.0,79.0,78.5,78.5,78.5,78.5,78.5,79.0,79.0,79.0,79.0,79.0,79.0,79.0,79.0,78.5,78.5,78.5,78.5,78.5,78.5,78.5,78.5,78.5,78.5,78.0,78.0,77.5,77.0,77.0,76.5,76.0,76.0,76.0,76.0,76.5,77.0,77.5,78.0,79.0,80.0,81.0,82.0,83.0,83.5,83.5,83.5,83.5,83.5,83.5,83.5,83.5,83.0,83.0,82.0,81.5,81.0,80.0,79.5,79.0,79.0,78.5,78.5,78.5,78.5,78.5,78.5,79.0,79.0,79.5,79.5,79.5,79.0,79.0,79.0,78.5,78.5,78.0,77.5,77.5,77.0,77.0,77.0,77.0,77.0,77.5,78.0,78.5,79.0,79.5,80.0,80.5,80.5,80.5,80.5,80.0,79.5,79.5,79.0,79.0,79.0,78.5,78.5,78.5,79.0,79.0,79.0,79.0,79.0,79.5,79.5,79.5,79.5,79.5,80.0,80.0,79.5,79.5,79.0,79.0,78.5,78.5,78.5,79.0,79.0,79.5,80.0,80.5,81.0,81.5,81.5,81.5,81.5,81.5,81.0,81.0,81.0,80.5,80.5,80.0,79.5,79.0,79.0,78.5,78.0,78.0,78.5,78.5,79.0,79.5,79.5,80.0,80.0,80.0,80.0,80.0,79.5,79.5,79.0,79.0,78.5,78.5,79.0,79.0,79.0,79.5,79.5,80.0,80.5,81.5,81.5,82.0,82.0,82.0,82.0,81.5,81.5,81.5,81.0,81.0,81.0,81.0,81.0,81.0,81.0,81.5,81.5,82.0,82.5,83.0,83.5,83.5,83.5,83.5,83.5,83.5,83.5,83.5,83.0,83.0,82.5,82.5,82.5,82.5,82.5,83.0,83.0,83.5,83.5,84.0,84.5,84.5,85.0,85.0,85.0,84.5,84.5,84.0,83.5,83.0,82.5,82.5,82.0,82.0,82.0,82.0,82.5,82.5,83.0,83.5,84.0,84.5,84.5,85.0,85.0,84.5,84.0,83.5,83.5,83.0,83.0,83.0,83.0,83.5,84.0,84.5,84.5,85.0,85.5,86.0,86.0,86.5,86.5,87.0,87.0,86.5,86.5,86.5,86.0,86.0,86.0,85.5,85.5,85.0,85.5,85.5,85.5,85.5,85.5,85.5,86.0,86.0,86.5,86.5,86.5,86.5,86.0,85.5,85.0,85.0,84.5,85.0,85.0,85.0,85.5,85.5,86.0,86.0,86.5,87.0,87.5,88.0,88.0,88.0,88.0,88.0,88.0,88.0,88.0,87.5,87.5,87.5,87.0,0.0,0.0
62.0,60.0,57.5,55.0,53.5,52.0,51.0,50.0,50.0,50.0,51.0,52.5,55.0,58.0,61.5,66.5,71.5,77.0,83.5,90.5,97.0,103.5,110.0,116.0,122.0,128.0,134.0,140.0,145.0,149.0,152.0,153.5,155.0,155.5,155.5,154.5,152.5,149.5,145.5,141.0,136.0,130.5,125.0,119.0,113.5,108.0,103.0,98.5,94.5,90.5,87.0,84.0,81.5,79.5,78.0,76.5,76.0,75.5,75.0,75.0,74.5,74.0,73.5,73.0,73.0,72.5,72.5,72.5,72.5,72.5,72.5,72.5,72.5,72.5,72.5,72.5,72.5,72.5,72.5,72.5,72.0,71.5,71.0,70.5,70.5,70.0,70.0,70.0,70.0,70.0,70.0,70.0,70.0,70.0,70.0,70.0,70.0,70.0,70.0,69.5,69.0,69.0,68.5,68.0,68.0,68.0,68.0,68.0,68.5,68.5,68.5,69.0,69.0,69.5,70.0,70.0,70.0,70.0,70.0,69.5,69.5,69.5,69.0,69.0,69.0,69.0,69.0,69.0,69.0,69.5,69.5,70.0,70.0,70.0,70.0,70.0,70.0,70.0,70.0,70.0,69.5,69.0,68.5,68.5,68.0,68.0,67.5,67.5,67.5,67.5,68.0,68.0,68.5,68.5,69.0,69.0,69.0,69.0,69.0,68.5,68.5,68.0,68.0,68.0,67.5,67.5,67.0,67.0,67.0,67.0,67.0,67.5,67.5,68.0,68.5,69.0,69.0,69.0,69.0,69.0,68.5,68.0,68.0,67.5,67.5,67.0,66.5,66.5,66.5,66.5,67.0,67.5,67.5,68.0,68.5,69.0,69.5,69.5,69.5,69.5,69.0,68.5,68.5,68.0,68.0,67.5,67.5,67.0,67.0,67.5,67.5,67.5,68.0,68.0,68.0,68.0,68.0,68.0,68.0,67.5,67.5,67.0,67.0,67.0,66.5,66.5,66.5,66.5,66.5,66.5,66.5,66.5,67.0,67.0,67.0,67.5,67.5,68.0,68.0,68.0,68.0,67.5,67.0,67.0,66.5,66.5,66.5,66.5,67.0,67.0,67.5,68.0,68.0,68.5,69.0,69.0,69.0,69.0,69.0,69.0,69.0,68.5,68.0,67.5,67.0,66.5,66.5,66.5,66.5,66.5,67.0,67.0,67.5,67.5,67.5,67.5,67.5,67.0,66.5,66.0,65.0,64.5,63.5,62.0,61.0,60.5,60.0,60.0,60.5,62.0,63.0,64.5,66.0,67.0,68.0,69.0,69.5,69.5,69.5,69.5,69.0,68.0,67.5,66.5,66.0,65.0,64.5,64.0,63.5,63.5,63.5,63.5,64.0,64.0,64.0,64.5,64.5,64.5,64.5,64.5,0.0,0.0
67.5,68.0,68.0,68.5,68.5,68.5,68.5,68.5,68.5,68.0,67.5,67.0,66.5,66.0,65.5,65.5,65.0,65.0,64.5,64.5,64.0,64.5,64.5,65.5,66.5,67.5,69.0,70.0,71.0,71.5,72.5,73.0,73.0,73.0,73.0,73.0,73.5,73.5,73.5,73.0,73.0,72.5,72.5,72.0,71.5,71.0,70.5,70.0,70.0,69.5,69.5,69.0,69.0,68.5,68.5,68.5,68.5,68.5,69.0,69.0,69.0,69.5,70.0,70.0,70.0,70.0,70.0,69.5,69.5,69.0,68.5,68.5,68.0,68.0,68.0,68.0,68.0,68.0,68.5,69.0,69.5,70.0,70.0,70.5,70.0,70.0,70.0,69.5,69.5,69.5,69.0,69.0,68.5,68.5,68.5,69.0,69.0,69.5,69.5,70.0,70.5,71.0,71.5,71.5,71.0,71.0,70.5,70.5,70.0,69.5,69.0,69.0,68.5,68.5,68.5,69.0,69.5,69.5,70.0,70.0,70.5,70.5,71.0,71.5,72.0,72.0,72.0,72.0,72.0,71.5,71.5,71.0,70.5,70.0,70.0,70.0,69.5,69.5,69.5,70.0,70.5,70.5,71.0,71.0,71.5,71.0,71.0,70.5,70.0,69.5,69.5,69.0,69.0,68.5,68.5,68.5,69.0,69.0,69.5,69.5,70.0,71.0,71.5,71.5,72.0,72.0,72.0,71.5,71.5,71.0,71.0,70.5,70.0,69.5,69.5,69.5,70.0,71.0,72.0,72.5,73.0,73.5,74.0,74.0,74.0,74.5,74.0,74.0,73.5,73.0,72.5,72.5,72.0,72.0,71.5,71.5,72.0,72.0,72.5,72.5,72.5,72.5,72.5,72.5,73.0,73.0,73.0,73.0,73.0,73.0,72.5,72.0,71.5,71.5,71.5,71.5,72.0,72.5,73.0,73.5,74.5,75.0,75.5,76.0,76.0,76.0,75.5,75.0,74.5,73.5,73.0,73.0,73.0,73.0,73.0,73.5,73.5,73.5,74.0,74.5,74.5,75.0,75.5,75.5,75.5,75.5,75.0,75.0,75.0,74.5,74.5,74.0,74.0,73.5,73.5,73.5,73.5,74.0,74.0,74.5,74.5,74.5,74.5,74.5,75.0,75.0,75.0,75.0,74.5,74.5,74.0,74.0,73.5,73.5,73.5,74.0,74.0,75.0,75.5,76.0,76.5,77.0,77.5,77.5,77.5,77.0,76.5,76.0,76.0,75.5,75.5,75.0,75.0,75.0,74.5,74.5,74.5,74.5,74.5,74.5,75.0,75.0,75.0,75.0,75.0,74.5,74.0,73.5,73.0,73.0,72.5,72.5,72.5,72.5,72.5,72.5,72.5,73.0,74.0,75.0,0.0,0.0
65.5,65.0,65.0,65.5,65.5,66.0,66.0,66.5,66.0,66.0,66.0,66.0,66.0,66.0,65.5,65.5,65.0,64.5,64.5,64.0,64.0,64.0,64.0,64.5,65.0,65.0,65.5,65.5,65.5,65.5,65.0,65.0,64.5,64.0,63.0,62.5,62.0,62.0,62.0,62.5,62.5,63.0,63.5,64.0,64.5,65.0,65.0,65.0,65.0,65.0,64.5,64.0,63.5,63.0,62.5,62.0,61.5,61.0,60.5,60.5,60.5,61.0,61.5,61.5,62.5,63.0,63.0,63.5,63.5,63.5,63.5,63.0,62.5,61.5,61.0,60.0,59.5,59.5,59.0,58.5,58.5,58.5,58.5,59.0,59.5,60.0,60.5,61.0,61.0,61.0,61.0,61.0,61.0,60.5,60.0,60.0,59.5,59.5,59.5,60.0,60.5,60.5,61.0,61.5,62.0,62.5,63.0,63.5,63.5,63.5,64.0,63.5,63.5,63.0,63.0,63.0,62.5,62.5,63.0,63.0,63.0,63.0,63.0,63.0,63.0,63.5,64.0,64.5,64.5,64.5,64.5,64.0,63.5,63.0,62.5,62.5,62.5,62.0,62.0,62.0,62.0,62.0,62.5,62.5,63.0,63.0,63.5,63.5,63.5,63.5,63.0,62.5,62.0,61.0,60.5,60.0,60.0,59.5,59.5,59.0,59.0,58.5,58.5,59.0,59.0,59.5,59.5,60.0,59.5,59.5,59.0,59.0,58.5,58.0,57.5,57.5,57.0,56.5,56.5,56.5,57.0,57.5,58.5,59.0,59.5,59.5,60.0,60.0,60.5,60.0,60.0,60.5,60.5,60.5,61.0,61.0,60.5,60.5,60.0,59.5,59.5,59.0,59.0,59.5,59.5,60.0,60.0,60.0,60.5,60.5,60.0,60.0,59.5,59.0,59.0,58.5,58.5,58.0,57.5,57.5,57.5,57.5,57.5,58.0,58.5,59.0,59.0,59.5,59.0,59.0,59.0,59.0,59.0,58.5,58.0,57.5,57.0,56.5,56.0,56.0,56.5,56.5,57.0,57.0,57.5,57.5,57.0,57.0,57.0,57.0,57.0,57.0,56.5,56.5,56.0,56.0,55.5,55.0,55.0,55.0,55.0,55.5,56.0,56.5,57.0,57.0,57.5,57.5,57.5,57.5,57.5,57.0,56.5,56.5,56.5,56.5,56.5,56.0,56.5,56.5,56.5,56.5,56.5,57.0,57.0,57.5,57.5,57.5,57.0,56.5,55.5,55.0,54.0,53.0,52.0,51.0,50.0,50.0,50.0,50.5,51.5,53.0,54.5,56.0,57.5,58.5,59.5,60.0,60.5,60.5,60.5,60.0,59.5,59.0,58.0,57.0,56.0,55.5,55.0,54.5,0.0,0.0
22.5,22.5,22.0,21.5,21.0,20.5,20.0,19.5,19.5,19.0,19.5,20.0,20.5,22.0,23.0,24.5,25.5,27.0,28.0,29.0,29.5,30.0,30.0,30.0,29.5,29.5,28.5,28.0,27.0,26.0,25.0,24.5,24.0,23.5,23.5,23.5,23.5,24.0,24.0,24.5,25.0,25.5,26.0,26.0,26.5,26.5,26.5,26.5,26.0,26.0,25.5,25.0,25.0,24.5,24.0,24.0,23.5,24.0,24.0,24.5,25.0,25.0,25.0,25.0,25.0,24.5,24.5,24.0,23.5,23.0,22.5,22.5,22.0,21.5,21.0,21.0,21.0,21.5,21.5,22.0,22.5,23.0,23.5,23.5,23.5,23.5,23.0,22.5,22.0,21.5,21.5,21.0,21.0,21.0,21.5,22.0,22.5,23.0,23.5,23.5,24.0,24.0,24.5,25.0,25.0,25.0,25.0,24.5,24.0,23.5,23.0,22.5,22.0,21.5,21.5,21.5,21.5,22.0,22.5,23.0,23.5,24.0,24.0,24.0,24.0,24.0,24.0,23.5,23.5,23.5,23.0,23.0,22.5,22.5,22.5,22.5,23.0,23.0,23.5,23.5,24.0,24.0,24.5,24.5,24.5,24.5,24.5,24.5,24.5,24.0,23.5,23.5,23.0,23.0,23.0,23.0,23.0,23.5,24.0,24.5,24.5,25.0,25.5,25.5,25.5,25.5,25.5,25.0,25.0,25.0,24.5,24.5,24.5,24.0,23.5,23.5,23.5,24.0,24.0,24.5,25.0,25.5,26.0,26.5,27.0,27.0,26.5,26.0,26.0,25.5,24.5,24.0,24.0,23.5,23.5,23.5,23.5,24.0,24.5,25.0,25.5,26.0,26.5,27.0,27.0,26.5,26.5,26.0,26.0,26.0,25.5,25.5,25.5,25.5,25.5,25.5,25.5,25.5,26.0,26.5,27.0,27.0,27.0,27.0,27.5,27.5,27.5,27.5,28.0,28.0,28.0,27.5,27.0,27.0,26.5,26.5,27.0,27.0,27.5,28.0,28.5,28.5,29.0,29.5,29.5,29.5,29.5,29.5,29.5,29.5,29.0,29.0,29.0,29.0,29.0,29.0,29.0,29.5,29.5,30.0,30.5,31.0,31.0,31.0,31.0,31.0,30.5,30.5,30.0,30.0,29.5,29.0,28.5,28.0,27.5,27.5,27.5,27.5,27.5,28.0,28.0,28.0,28.5,28.5,28.5,28.0,28.0,27.5,27.0,27.0,26.5,26.0,26.0,25.5,25.5,25.5,25.5,26.0,26.5,26.5,26.5,27.0,27.0,27.0,26.5,26.5,26.5,26.0,25.5,25.0,24.0,23.5,23.0,22.0,21.5,21.5,21.0,21.5,21.5,22.0,0.0,0.0
142.5,141.0,139.0,136.0,132.5,128.5,124.0,119.0,114.0,108.5,103.0,97.5,92.5,88.0,83.5,79.5,76.0,73.5,71.0,69.5,68.0,67.5,67.5,67.0,67.0,67.0,67.0,67.0,66.5,66.0,65.5,65.0,64.5,64.5,64.0,63.5,63.0,63.0,63.0,63.0,63.0,63.5,63.5,64.0,64.0,64.5,64.5,65.0,64.5,64.5,64.0,63.5,63.0,62.5,62.0,61.5,61.5,61.5,61.5,62.0,62.5,63.0,63.0,63.5,64.0,64.0,64.0,64.0,64.0,63.5,63.0,62.5,61.5,61.0,60.5,60.5,60.5,61.0,61.5,61.5,62.0,62.5,63.0,63.0,63.5,64.0,64.0,64.0,63.5,63.0,63.0,62.5,62.5,62.5,62.5,62.5,62.5,63.0,63.0,63.5,63.5,64.0,64.0,64.0,64.0,64.5,64.5,64.5,64.0,64.0,63.5,63.0,62.5,62.5,62.0,62.0,62.0,62.0,62.5,62.5,62.5,63.0,63.0,63.5,63.5,64.0,64.0,64.0,64.5,64.0,64.0,64.0,63.5,63.5,63.0,63.0,63.0,63.0,63.0,63.0,63.5,64.0,64.5,64.5,65.0,65.0,65.0,65.0,64.5,64.5,64.0,63.5,63.5,63.0,63.0,63.0,63.0,63.5,63.5,63.5,64.0,65.0,65.5,66.0,66.5,67.0,67.0,67.0,67.0,66.5,66.0,65.5,65.0,64.5,64.5,64.0,64.0,64.0,64.0,64.5,65.0,65.0,65.5,66.0,66.0,66.5,67.0,67.0,67.0,66.5,66.5,66.0,66.0,66.0,66.0,66.0,66.0,66.5,66.5,67.0,67.0,67.5,68.0,68.5,69.0,69.5,70.0,70.0,70.0,70.0,70.0,69.5,69.5,69.5,69.5,69.5,69.5,70.0,70.0,70.5,70.5,71.0,71.5,72.0,72.0,72.5,72.0,72.0,71.5,71.0,71.0,70.0,69.5,69.0,68.5,68.5,68.0,68.0,68.0,68.5,69.0,69.0,69.0,69.0,69.0,69.0,69.0,69.0,69.0,69.0,69.0,68.5,68.5,68.0,68.0,67.5,67.5,67.5,68.0,68.5,68.5,68.5,69.0,68.5,68.5,68.5,68.0,68.0,68.0,67.5,67.0,67.0,66.5,66.0,65.5,65.5,65.5,65.5,66.0,66.0,66.0,66.5,67.0,67.5,68.0,68.5,68.5,69.0,68.5,68.5,68.0,68.0,67.5,67.0,66.5,66.0,65.0,64.5,64.0,63.5,63.0,63.0,63.0,63.0,63.5,64.5,65.5,67.0,68.0,69.0,70.0,70.5,70.5,70.5,70.5,70.5,70.0,70.0,69.5,69.5,0.0,0.0
23.5,24.0,24.0,24.5,24.5,24.5,24.5,24.5,24.0,24.0,23.5,23.0,22.5,22.5,22.0,22.0,22.0,22.0,22.5,23.0,23.5,23.5,24.0,24.0,24.5,24.5,25.0,25.0,25.5,25.5,25.0,24.5,24.5,24.0,23.5,23.0,23.0,23.0,23.0,23.5,23.5,24.0,24.5,25.0,25.5,25.5,25.5,25.0,25.0,24.5,24.0,23.5,23.5,23.0,23.0,22.5,22.5,23.0,23.0,23.5,24.0,24.0,24.5,24.5,25.0,25.0,25.0,25.0,24.0,23.5,23.0,22.5,22.0,22.0,21.5,21.5,21.5,21.5,22.0,22.5,23.0,23.5,24.0,24.0,24.0,24.5,24.5,25.0,25.0,24.5,24.0,23.5,23.0,22.5,22.5,22.5,22.0,22.0,22.0,22.0,22.5,22.5,23.0,23.0,23.5,23.5,23.5,23.5,23.5,23.0,22.5,22.5,22.5,22.5,22.5,22.5,22.5,22.5,22.5,23.0,23.5,24.0,24.5,25.0,25.5,26.0,26.0,25.5,25.5,25.5,25.0,25.0,24.5,24.5,24.0,24.0,23.5,23.5,23.5,24.0,24.0,24.5,25.0,25.0,25.0,25.0,25.0,25.0,25.0,24.5,24.5,24.5,24.0,24.0,23.5,23.5,23.5,24.0,24.5,25.0,25.5,26.0,26.5,26.5,27.0,27.0,27.0,27.0,26.5,26.0,25.5,24.5,24.0,23.5,23.5,23.0,23.0,22.5,23.0,23.0,23.5,24.0,24.5,24.5,25.0,25.0,25.0,25.0,25.0,24.5,24.5,24.5,24.5,24.5,24.5,25.0,25.0,25.5,25.5,26.0,26.5,27.0,27.5,27.5,27.5,27.5,27.5,27.0,26.5,26.0,25.5,25.0,24.5,24.5,24.5,24.5,24.5,25.0,25.5,26.0,26.5,26.5,26.5,26.5,26.5,26.5,26.5,26.5,26.0,26.0,25.5,25.0,25.0,24.5,24.0,24.0,24.0,24.0,24.0,24.5,25.0,25.5,26.0,26.5,26.5,27.0,27.0,27.0,26.5,26.0,25.5,25.0,24.0,23.5,23.0,22.5,22.0,21.5,21.5,21.5,22.0,22.0,22.0,22.5,22.5,22.0,22.0,21.5,21.0,20.5,19.5,19.0,19.0,18.5,18.5,18.5,19.0,19.5,20.0,20.5,21.5,22.5,23.5,24.5,25.5,26.0,26.5,26.5,26.5,26.5,26.5,26.0,26.0,25.5,25.0,25.0,25.0,25.5,25.5,26.0,26.0,26.0,26.5,26.5,26.5,26.0,26.0,25.5,25.5,25.0,24.5,24.0,24.0,23.5,23.5,23.5,23.5,24.0,24.0,24.5,0.0,0.0
65.0,65.0,64.5,64.0,63.5,63.5,63.5,63.5,63.5,63.5,63.5,63.5,63.5,63.5,64.0,64.0,64.5,64.5,64.5,64.5,64.5,64.0,64.0,63.5,63.0,62.5,62.5,62.5,62.5,62.5,62.5,63.0,63.5,63.5,63.5,63.5,64.0,63.5,63.5,63.5,63.0,63.0,62.5,62.0,62.0,61.5,61.5,61.0,61.0,61.0,61.0,61.0,61.5,61.5,62.0,62.0,62.0,62.5,62.5,62.0,62.0,61.5,61.0,60.5,60.0,59.0,59.0,58.5,58.5,58.5,58.5,58.5,58.5,59.0,59.0,59.0,59.0,59.0,59.0,58.5,58.0,57.5,57.0,56.0,55.5,55.0,55.0,55.0,55.0,55.5,56.0,57.0,57.5,58.5,59.5,60.5,61.0,61.5,62.0,62.0,62.5,62.0,62.0,62.0,61.5,61.0,60.5,60.5,60.0,60.0,60.0,60.0,60.5,61.0,61.5,61.5,61.0,61.0,60.5,60.5,60.0,60.0,59.5,59.5,59.0,59.0,59.0,59.0,59.5,59.5,59.5,60.0,60.0,60.5,60.5,61.0,61.5,62.0,62.0,61.5,61.5,61.0,60.5,60.0,60.0,59.5,59.0,58.5,58.5,58.5,58.5,58.5,59.0,59.0,59.5,60.0,60.0,60.5,61.0,61.0,61.0,61.0,61.0,60.5,60.0,60.0,59.5,59.0,59.0,59.0,59.0,59.0,59.0,59.0,59.0,59.0,59.0,58.5,57.5,56.5,55.0,53.0,51.0,48.5,46.5,44.5,42.5,41.0,40.0,39.5,39.5,40.0,41.0,42.5,45.0,48.0,52.0,56.5,62.0,67.5,74.0,81.0,88.0,94.5,101.0,107.0,112.5,118.0,123.0,128.5,132.5,136.0,138.0,139.0,139.5,139.5,139.0,137.5,135.5,133.0,130.0,126.0,121.5,117.0,112.0,106.5,101.0,95.0,90.0,85.0,80.5,76.5,73.0,70.5,68.0,66.0,64.0,63.0,62.0,61.5,61.0,60.5,60.0,59.5,59.0,59.0,58.5,58.5,58.5,58.5,58.5,58.5,58.5,58.0,57.5,57.5,57.0,56.5,55.5,55.0,54.0,53.5,53.0,53.0,53.0,53.5,54.0,54.5,55.0,55.5,56.5,57.5,58.0,58.5,58.5,58.5,58.0,58.0,57.5,56.5,56.0,55.0,54.0,53.5,52.5,52.0,51.5,51.5,51.5,51.5,51.5,52.0,52.0,52.5,53.0,53.0,53.5,53.5,53.5,53.0,53.0,52.5,52.0,51.5,51.5,51.0,51.0,50.5,50.5,50.5,50.5,50.5,50.5,50.5,50.5,51.0,51.0,51.0,51.0,51.0,0.0,0.0
19.5,19.0,18.5,18.5,18.0,18.0,17.5,17.0,17.0,17.0,17.0,17.0,17.5,17.5,17.5,17.5,17.5,17.0,17.0,16.5,16.0,15.5,15.0,14.5,14.5,14.0,14.0,14.5,15.0,15.5,16.0,16.0,16.5,16.5,16.0,16.0,15.5,15.0,14.5,14.0,14.0,13.5,13.0,12.5,12.5,12.0,12.0,12.0,12.0,12.0,12.5,13.0,13.5,13.5,14.0,14.5,14.5,14.0,14.0,13.5,13.0,13.0,12.0,11.5,11.5,11.5,11.5,11.5,12.0,13.0,13.5,14.0,14.5,15.0,15.5,16.0,16.0,16.0,16.0,15.5,15.0,15.0,15.0,15.0,15.0,15.0,15.0,15.0,15.5,15.5,15.5,15.5,16.0,16.0,16.0,16.0,15.5,15.5,15.0,14.5,14.0,13.5,13.5,13.0,13.0,12.5,12.5,13.0,13.0,14.0,14.5,15.5,16.0,16.0,16.0,16.0,16.0,16.0,15.5,15.5,15.5,15.0,15.0,15.0,15.0,15.0,15.0,15.0,15.0,15.0,15.0,15.5,15.5,16.0,16.0,16.0,16.0,15.5,15.5,15.0,14.0,13.5,13.0,12.5,12.0,11.5,11.5,12.0,12.0,12.5,13.0,13.0,13.5,13.5,13.5,14.0,14.0,14.0,13.5,13.5,13.0,13.0,13.0,13.0,13.5,13.5,14.0,14.0,14.5,15.0,15.0,15.0,15.0,15.0,15.0,14.5,14.5,14.5,14.0,14.0,14.0,13.5,13.5,13.5,13.5,13.5,14.0,14.0,14.5,15.0,15.5,16.0,16.0,16.5,16.5,17.0,17.0,17.0,16.5,16.0,15.0,14.5,13.5,13.0,12.5,12.0,12.0,12.5,12.5,12.5,13.0,13.0,13.5,13.5,14.0,14.0,13.5,13.0,12.5,12.0,11.5,11.5,11.5,11.5,12.0,12.5,13.0,13.5,13.5,14.0,14.0,14.0,14.0,14.0,14.5,14.5,14.5,14.5,14.5,14.0,13.5,13.5,13.5,13.0,13.0,13.5,13.5,13.5,14.0,14.0,14.0,14.0,14.0,13.5,13.0,12.5,11.5,10.5,10.0,9.0,8.5,8.0,8.5,9.0,10.0,11.0,12.5,13.5,15.0,16.0,17.0,18.0,18.5,19.0,19.0,19.0,18.5,18.5,17.5,17.0,16.0,15.5,14.5,14.0,14.0,14.0,14.0,14.0,14.0,14.0,14.5,14.5,15.0,15.0,15.0,15.0,15.0,15.0,15.0,15.0,14.5,14.0,13.5,13.5,13.0,13.0,13.5,14.0,14.5,15.0,15.0,15.5,15.5,16.0,16.0,16.5,16.5,17.0,17.0,17.0,0.0,0.0
84.0,89.5,94.5,99.0,102.0,104.0,105.0,105.0,104.5,103.5,102.5,101.5,100.0,98.5,96.0,93.0,89.5,86.0,81.5,77.0,72.0,66.5,61.5,57.0,52.0,48.0,44.0,40.0,37.0,34.5,32.0,30.5,30.0,29.5,29.5,29.5,29.5,29.0,29.0,29.0,28.5,28.0,27.5,27.0,26.5,25.5,25.0,25.0,24.5,24.5,25.0,25.0,25.5,26.0,26.0,26.0,26.0,25.5,25.5,25.0,24.5,24.0,23.5,23.0,22.5,22.0,21.5,21.0,20.5,20.5,20.5,20.5,21.0,21.5,22.0,22.0,22.0,22.0,22.0,21.5,21.0,20.0,19.5,19.0,18.5,18.5,18.5,18.5,18.5,19.0,19.5,20.0,20.5,21.0,21.5,21.5,22.0,22.0,22.0,21.5,21.0,21.0,20.0,19.5,19.5,19.0,18.5,18.0,18.0,17.5,17.5,18.0,18.0,18.5,18.5,18.5,18.5,18.5,18.5,18.0,18.0,18.0,17.5,17.5,17.5,17.5,17.5,17.5,17.5,17.5,18.0,18.0,18.5,19.0,19.0,19.0,19.0,19.0,18.5,18.5,18.5,18.5,18.5,18.5,18.5,18.0,18.0,17.5,17.5,17.5,17.5,17.0,17.0,17.0,17.0,17.0,17.0,17.0,17.0,17.0,17.0,17.0,17.0,16.5,16.5,16.0,16.0,15.5,15.5,15.5,16.0,16.5,16.5,17.0,17.5,17.5,18.0,18.0,18.0,18.0,18.0,17.5,17.0,17.0,16.5,16.5,16.0,15.5,15.5,15.0,15.0,15.5,15.5,16.0,16.0,16.5,16.5,17.0,17.0,17.0,16.5,16.5,16.0,16.0,15.5,15.5,15.0,15.0,14.5,15.0,15.0,15.5,16.0,16.5,17.0,17.5,18.0,18.5,18.5,18.5,18.5,18.0,17.5,17.0,16.5,16.0,16.0,16.0,16.0,16.0,16.0,16.0,16.5,16.5,17.0,17.0,17.5,18.0,18.5,18.5,18.5,18.0,17.5,17.0,16.5,16.0,15.5,15.0,15.0,15.0,15.5,16.0,16.0,16.0,16.0,16.0,16.0,16.0,16.5,16.5,16.0,16.0,15.5,15.0,14.5,14.0,13.5,14.0,14.0,14.0,14.5,14.5,14.5,14.5,14.5,14.5,14.5,14.0,14.0,13.5,13.5,13.0,12.5,12.0,11.5,11.0,11.0,11.0,11.0,11.0,11.5,12.0,12.5,13.0,14.0,14.5,15.0,15.5,16.0,16.0,15.5,15.0,14.5,14.0,13.5,13.0,12.5,12.5,12.5,12.5,13.0,13.0,13.5,14.0,14.5,14.5,15.0,15.0,15.0,15.0,0.0,0.0
85.5,86.0,86.0,85.5,85.0,84.5,83.5,83.0,83.0,82.5,82.0,82.0,82.0,82.0,82.0,82.0,82.5,82.5,83.0,83.0,82.5,82.5,82.0,81.5,81.0,80.5,80.0,79.5,79.0,78.5,78.5,78.0,78.0,78.0,78.0,78.0,78.0,78.0,78.5,78.5,79.0,79.0,79.0,79.0,78.5,78.5,78.0,77.5,77.5,77.0,77.0,77.5,77.5,77.5,78.0,78.0,78.0,78.0,78.0,78.0,78.0,78.0,77.5,77.0,76.5,75.5,74.0,72.0,69.5,67.0,65.0,62.5,60.5,59.0,58.0,57.0,57.0,57.0,57.5,58.0,59.5,61.5,64.5,68.0,72.5,77.0,82.5,88.5,94.5,101.5,108.0,114.5,121.0,127.0,133.0,138.5,143.5,148.0,151.5,153.5,155.0,155.0,155.0,154.5,153.5,151.5,148.5,144.5,140.5,135.5,131.0,126.5,122.0,117.5,113.0,108.5,104.5,100.5,97.0,93.0,90.0,86.5,83.5,81.0,79.0,77.0,76.0,75.5,75.0,75.0,75.0,75.5,75.5,75.5,76.0,76.0,76.5,76.5,76.5,76.5,76.0,75.5,75.0,74.0,73.5,73.0,72.5,72.0,71.5,71.0,70.5,70.5,70.5,70.5,71.0,71.0,71.0,71.5,71.5,71.0,71.0,71.0,71.0,71.0,71.0,71.0,71.0,71.0,71.0,71.0,71.0,71.0,71.5,71.5,72.0,72.0,72.5,72.5,72.5,73.0,73.0,73.0,73.5,73.5,73.5,73.0,72.5,72.0,71.5,71.0,70.5,70.0,70.0,70.0,70.5,71.0,71.5,72.0,72.5,72.5,72.0,72.0,71.5,71.5,71.0,70.5,70.5,70.0,70.0,70.0,70.0,70.0,70.5,70.5,70.5,70.5,70.5,71.0,71.5,72.0,72.5,72.5,72.0,72.0,71.5,71.0,70.5,69.5,69.0,69.0,69.0,69.0,69.0,69.0,69.5,70.0,70.5,70.5,71.0,71.0,71.5,71.5,71.5,71.0,70.5,70.0,69.5,69.5,69.0,68.5,68.0,68.0,68.5,68.5,69.0,70.0,70.5,71.0,71.5,71.5,72.0,72.0,72.0,71.5,71.0,70.0,69.0,68.5,68.0,67.5,67.5,67.5,68.0,68.5,69.0,69.5,70.0,70.0,70.5,70.5,70.5,70.0,70.0,69.5,69.5,69.0,68.5,68.0,68.0,67.5,67.5,67.5,68.0,68.5,69.0,69.5,69.5,70.0,70.0,70.5,70.5,71.0,71.0,71.0,71.0,70.5,70.0,69.5,69.0,68.5,68.5,68.5,68.5,69.0,69.5,70.0,70.5,71.5,72.0,72.0,0.0,0.0
38.0,37.5,36.5,36.0,35.0,34.5,34.0,33.5,33.5,33.5,34.0,35.0,35.0,35.5,35.0,35.0,35.0,34.5,34.5,34.0,33.5,33.0,32.5,32.0,31.5,31.0,30.5,30.0,30.0,30.0,30.5,30.5,31.0,31.0,31.5,31.5,31.5,31.5,31.5,31.5,31.5,31.5,31.0,31.0,30.5,30.0,30.0,30.0,30.5,30.5,31.0,31.5,31.5,32.0,32.0,31.5,31.5,31.5,31.0,31.0,30.5,30.5,30.0,29.5,28.5,28.5,28.0,28.0,28.0,28.0,28.5,29.0,29.5,30.0,30.0,30.5,30.5,31.0,30.5,30.5,30.0,30.0,29.5,29.5,29.5,29.5,29.5,29.5,29.5,30.0,30.0,30.5,30.5,31.0,31.5,31.5,31.5,31.5,31.0,30.5,30.0,29.0,28.5,28.0,27.5,27.5,27.5,27.5,28.0,28.0,28.5,29.5,30.0,31.0,31.0,31.5,31.5,31.5,31.0,30.5,30.5,30.0,30.0,29.5,29.5,29.5,29.5,30.0,30.0,30.0,30.0,30.0,30.5,31.0,31.0,31.5,31.5,31.5,31.5,31.0,30.5,30.5,30.0,29.5,29.0,28.5,28.0,27.5,27.0,27.0,27.0,27.5,28.0,29.0,29.5,30.0,30.0,30.0,29.5,29.5,29.5,29.0,29.0,28.5,28.5,28.5,28.0,28.0,28.0,28.0,28.0,28.5,29.0,30.0,30.5,31.0,31.5,31.5,31.0,31.0,30.5,30.5,30.0,30.0,29.5,29.5,29.5,29.5,30.0,30.0,30.5,31.0,31.5,31.5,32.0,32.5,32.5,32.5,32.0,31.5,31.0,30.0,29.0,28.5,28.0,27.5,27.0,27.0,27.0,27.5,27.5,28.0,28.5,28.5,28.5,28.5,28.5,28.0,27.5,27.0,26.5,26.0,25.5,25.0,24.5,24.5,24.0,24.0,24.0,24.5,24.5,24.5,25.0,25.0,25.0,25.0,25.0,25.0,25.0,25.0,25.0,24.5,24.0,23.5,23.5,23.0,23.0,23.5,23.5,24.0,25.0,25.5,26.5,27.0,27.5,27.5,27.5,27.5,27.0,27.0,26.5,26.0,26.0,25.5,25.0,25.0,25.0,25.5,26.0,26.5,27.0,27.5,27.5,28.0,28.0,28.5,28.5,28.0,27.5,27.0,26.5,25.5,25.5,25.5,25.5,25.5,25.5,25.5,25.5,26.0,26.0,26.0,26.0,26.0,26.0,26.5,27.0,27.0,27.0,26.5,26.0,26.0,25.5,25.5,25.0,25.0,25.0,25.0,25.0,25.5,25.5,26.0,26.0,26.0,26.5,26.5,26.5,26.5,26.5,26.0,0.0,0.0
49.5,49.5,49.5,49.5,49.0,49.0,49.0,49.0,49.0,49.0,49.0,49.0,49.0,49.0,49.0,49.0,49.0,49.0,49.5,50.0,50.0,50.5,51.0,51.5,51.5,51.0,50.5,50.0,49.5,49.0,48.5,48.5,48.5,48.5,48.5,49.0,49.5,50.0,50.0,50.5,51.0,51.0,51.5,51.5,51.0,51.0,50.5,49.5,49.0,49.0,48.5,48.5,48.5,49.0,49.5,50.0,51.0,51.5,52.0,52.5,53.0,53.0,53.0,53.0,52.5,52.0,52.0,51.5,51.0,51.0,51.0,51.0,50.5,50.5,50.5,50.5,50.5,51.0,51.5,52.0,52.0,52.5,52.5,52.0,52.0,51.5,51.0,50.5,50.0,49.5,49.5,49.0,49.5,50.0,50.5,51.0,51.5,52.5,52.5,53.0,53.0,53.0,53.0,53.0,52.5,52.0,51.0,50.5,49.5,48.0,47.0,46.5,46.0,45.5,46.0,46.0,47.0,48.5,50.0,51.5,53.0,54.5,55.5,56.0,56.5,56.5,56.0,56.0,55.5,55.0,54.0,53.5,52.5,52.0,51.5,51.0,51.0,51.0,51.0,51.5,51.5,52.0,52.5,52.5,52.5,52.5,52.0,52.0,51.5,51.5,51.5,51.5,52.0,52.0,52.5,53.0,53.0,53.5,54.0,54.5,55.0,55.0,55.0,55.0,54.5,54.5,54.0,53.5,53.0,53.0,52.5,52.0,52.0,52.0,52.0,52.5,52.5,53.0,53.0,53.5,53.5,54.0,54.0,54.0,53.5,53.5,53.5,53.0,53.0,53.0,52.5,52.5,52.5,52.5,53.0,53.5,53.5,54.0,54.5,55.0,55.5,55.5,55.5,55.5,55.5,55.5,55.0,55.0,54.5,54.5,54.0,53.5,53.0,53.0,53.5,54.0,54.5,55.0,55.0,55.5,56.0,56.0,56.0,56.0,55.5,55.0,54.5,54.0,53.5,53.0,53.0,52.5,52.5,52.5,52.5,52.5,53.0,53.5,54.0,54.5,54.5,54.5,54.5,54.5,54.5,54.5,54.5,54.5,54.5,54.0,54.0,54.0,54.0,54.0,54.0,54.5,54.5,54.5,54.5,55.0,55.0,55.5,55.5,55.0,55.0,54.5,54.0,54.0,53.5,53.0,53.0,53.0,53.0,53.0,53.0,53.5,54.0,54.5,55.0,55.5,56.0,56.0,56.0,56.0,56.0,55.5,55.5,55.0,55.0,55.0,54.5,54.5,54.5,55.0,55.0,55.5,56.0,56.0,56.0,56.0,56.5,56.5,56.5,56.5,56.5,56.0,55.5,55.0,54.0,53.5,53.0,52.5,52.5,52.5,52.0,52.5,52.5,53.0,53.5,54.0,0.0,0.0
65.0,65.0,64.5,64.0,64.0,64.0,64.0,64.0,64.0,64.0,64.0,64.0,63.5,62.5,61.5,60.0,58.0,56.0,54.0,51.5,49.5,48.0,46.5,45.5,45.0,45.0,45.0,46.0,47.5,49.5,53.0,57.0,62.5,68.0,74.5,81.5,88.5,95.5,102.0,108.0,114.0,120.0,125.5,131.0,135.5,139.0,141.5,143.0,143.5,143.5,143.5,142.5,141.0,139.0,136.0,132.5,128.5,124.0,119.0,114.0,108.5,103.0,97.5,92.5,88.0,83.5,79.5,76.0,73.5,71.0,69.5,68.0,67.5,67.5,67.0,67.0,67.0,67.0,67.0,66.5,66.0,65.5,65.0,64.5,64.5,64.0,63.5,63.0,63.0,63.0,63.0,63.0,63.5,63.5,64.0,64.0,64.5,64.5,65.0,64.5,64.5,64.0,63.5,63.0,62.5,62.0,61.5,61.5,61.5,61.5,62.0,62.5,63.0,63.0,63.5,64.0,64.0,64.0,64.0,64.0,63.5,63.0,62.5,61.5,61.0,60.5,60.5,60.5,61.0,61.5,61.5,62.0,62.5,63.0,63.0,63.5,64.0,64.0,64.0,63.5,63.0,63.0,62.5,62.5,62.5,62.5,62.5,62.5,63.0,63.0,63.5,63.5,64.0,64.0,64.0,64.0,64.5,64.5,64.5,64.0,64.0,63.5,63.0,62.5,62.5,62.0,62.0,62.0,62.0,62.5,62.5,62.5,63.0,63.0,63.5,63.5,64.0,64.0,64.0,64.5,64.0,64.0,64.0,63.5,63.5,63.0,63.0,63.0,63.0,63.0,63.0,63.5,64.0,64.5,64.5,65.0,65.0,65.0,65.0,64.5,64.5,64.0,63.5,63.5,63.0,63.0,63.0,63.0,63.5,63.5,63.5,64.0,65.0,65.5,66.0,66.5,67.0,67.0,67.0,67.0,66.5,66.0,65.5,65.0,64.5,64.5,64.0,64.0,64.0,64.0,64.5,65.0,65.0,65.5,66.0,66.0,66.5,67.0,67.0,67.0,66.5,66.5,66.0,66.0,66.0,66.0,66.0,66.0,66.5,66.5,67.0,67.0,67.5,68.0,68.5,69.0,69.5,70.0,70.0,70.0,70.0,70.0,69.5,69.5,69.5,69.5,69.5,69.5,70.0,70.0,70.5,70.5,71.0,71.5,72.0,72.0,72.5,72.0,72.0,71.5,71.0,71.0,70.0,69.5,69.0,68.5,68.5,68.0,68.0,68.0,68.5,69.0,69.0,69.0,69.0,69.0,69.0,69.0,69.0,69.0,69.0,69.0,68.5,68.5,68.0,68.0,67.5,67.5,67.5,68.0,68.5,68.5,68.5,69.0,68.5,68.5,68.5,68.0,68.0,68.0,0.0,0.0
47.0,47.5,48.0,48.5,49.0,49.0,49.5,49.5,49.5,50.0,50.0,50.0,50.0,49.0,48.5,48.0,47.5,47.0,46.5,46.5,46.0,46.0,46.5,46.5,46.5,47.0,47.0,47.5,47.5,47.5,47.5,47.5,47.5,47.0,46.5,46.0,46.0,45.5,45.5,45.5,45.5,45.5,45.5,45.5,46.0,46.0,46.0,46.5,46.5,46.5,46.5,46.5,46.0,46.0,45.5,45.0,44.5,44.0,44.0,44.0,44.5,44.5,45.0,45.5,45.5,46.0,46.5,46.5,46.5,46.5,46.0,46.0,45.0,44.5,44.0,43.0,42.5,42.5,42.5,43.0,43.0,43.5,44.5,45.0,45.5,46.0,46.0,46.0,46.0,46.0,45.5,45.5,45.0,44.5,44.0,43.5,43.0,43.0,42.5,43.0,43.0,43.5,44.0,44.0,44.5,45.0,45.5,45.5,46.0,46.0,46.0,46.0,46.0,46.5,46.5,46.5,46.5,46.5,46.0,45.5,45.5,46.0,46.0,46.0,46.5,46.5,46.5,47.0,47.0,47.0,47.0,46.5,46.0,46.0,45.5,45.5,45.5,46.0,46.0,46.5,46.5,47.0,46.5,46.5,46.5,46.0,45.5,45.0,44.5,44.5,44.0,43.5,43.5,44.0,44.5,45.0,46.0,47.5,48.5,50.0,51.0,51.5,52.0,52.5,52.5,52.5,52.5,52.0,51.5,51.0,50.0,49.0,47.5,46.5,45.5,45.0,45.0,44.5,44.5,44.5,44.5,45.0,45.0,45.5,46.0,46.5,46.5,47.0,47.0,47.5,47.5,48.0,48.5,48.5,48.5,48.5,48.5,48.5,48.5,48.5,49.0,49.0,49.5,50.0,50.5,51.0,52.0,52.5,53.0,53.0,53.0,53.0,52.5,52.0,51.5,51.0,51.0,50.5,50.0,49.5,49.5,49.5,49.5,50.0,50.5,50.5,50.5,51.0,51.0,51.0,51.5,51.5,52.0,51.5,51.5,51.0,51.0,51.0,51.0,51.5,52.0,52.5,53.0,53.0,53.5,54.5,55.0,55.5,55.5,55.5,55.5,55.0,55.0,54.5,54.0,54.0,53.5,53.0,53.0,53.0,53.0,53.5,53.5,53.5,54.0,54.0,54.0,54.0,54.0,54.5,54.0,54.0,53.5,53.0,52.5,52.0,51.0,50.5,49.5,48.5,47.0,45.0,43.0,41.5,39.5,38.0,36.5,35.0,34.0,33.0,32.0,31.0,30.5,30.5,31.5,33.0,36.0,39.5,43.5,49.0,55.0,62.0,69.5,77.5,85.0,92.0,98.5,105.0,111.0,116.5,121.5,125.5,129.0,131.5,132.5,133.5,134.0,133.5,132.5,130.0,0.0,0.0
62.5,62.5,63.0,63.0,63.0,63.0,62.5,62.5,62.5,62.0,62.0,62.0,62.5,62.5,63.0,64.0,64.5,65.5,66.5,67.0,68.0,68.5,69.0,69.5,70.0,70.0,70.0,70.0,69.5,69.0,68.5,68.0,67.5,67.5,67.5,68.0,68.5,68.5,69.0,69.5,69.5,70.0,70.0,70.0,70.5,70.5,70.0,70.0,69.5,69.5,69.0,69.0,69.0,68.5,68.5,68.5,68.5,68.5,68.5,68.5,69.0,69.0,69.5,69.5,70.0,69.5,69.5,69.5,69.0,69.0,68.5,68.0,68.0,68.0,68.0,68.0,68.5,69.0,69.0,69.5,70.0,70.0,70.0,70.0,70.0,70.0,69.5,69.5,69.5,69.5,69.0,69.0,69.0,69.0,69.0,68.5,68.5,68.5,68.5,69.0,69.0,69.0,69.0,68.0,67.0,66.0,64.0,62.0,60.0,57.5,55.0,53.5,52.0,51.0,50.0,50.0,50.0,51.0,52.5,55.0,58.0,61.5,66.5,71.5,77.0,83.5,90.5,97.0,103.5,110.0,116.0,122.0,128.0,134.0,140.0,145.0,149.0,152.0,153.5,155.0,155.5,155.5,154.5,152.5,149.5,145.5,141.0,136.0,130.5,125.0,119.0,113.5,108.0,103.0,98.5,94.5,90.5,87.0,84.0,81.5,79.5,78.0,76.5,76.0,75.5,75.0,75.0,74.5,74.0,73.5,73.0,73.0,72.5,72.5,72.5,72.5,72.5,72.5,72.5,72.5,72.5,72.5,72.5,72.5,72.5,72.5,72.5,72.0,71.5,71.0,70.5,70.5,70.0,70.0,70.0,70.0,70.0,70.0,70.0,70.0,70.0,70.0,70.0,70.0,70.0,70.0,69.5,69.0,69.0,68.5,68.0,68.0,68.0,68.0,68.0,68.5,68.5,68.5,69.0,69.0,69.5,70.0,70.0,70.0,70.0,70.0,69.5,69.5,69.5,69.0,69.0,69.0,69.0,69.0,69.0,69.0,69.5,69.5,70.0,70.0,70.0,70.0,70.0,70.0,70.0,70.0,70.0,69.5,69.0,68.5,68.5,68.0,68.0,67.5,67.5,67.5,67.5,68.0,68.0,68.5,68.5,69.0,69.0,69.0,69.0,69.0,68.5,68.5,68.0,68.0,68.0,67.5,67.5,67.0,67.0,67.0,67.0,67.0,67.5,67.5,68.0,68.5,69.0,69.0,69.0,69.0,69.0,68.5,68.0,68.0,67.5,67.5,67.0,66.5,66.5,66.5,66.5,67.0,67.5,67.5,68.0,68.5,69.0,69.5,69.5,69.5,69.5,69.0,68.5,68.5,68.0,68.0,67.5,67.5,67.0,67.0,67.5,67.5,67.5,68.0,0.0,0.0
25.0,25.5,26.0,26.5,26.5,27.0,27.0,27.0,27.0,26.5,26.0,26.0,25.5,25.5,25.5,25.5,25.5,25.5,25.5,26.0,26.0,26.0,26.5,27.0,27.5,27.5,28.0,27.5,27.5,27.0,27.0,26.5,26.5,26.0,26.0,26.0,26.0,26.0,26.0,26.5,27.0,27.5,28.0,28.0,28.5,29.0,29.0,29.0,29.0,29.0,28.5,28.5,28.0,28.0,28.0,28.0,28.0,28.5,28.5,28.5,29.0,29.5,30.0,30.5,31.0,31.5,32.0,32.0,32.0,32.0,31.5,31.0,30.5,30.0,30.0,29.5,29.5,29.5,30.0,30.5,31.0,31.5,32.0,32.5,33.0,33.0,33.5,33.5,33.5,33.5,33.5,33.5,33.0,33.0,32.5,32.5,32.5,32.5,32.5,33.0,33.5,33.5,34.0,34.5,34.5,35.0,35.0,35.5,35.0,35.0,34.5,34.5,34.0,33.5,33.0,32.5,32.0,32.5,32.5,33.0,33.0,33.5,34.0,34.5,35.0,35.5,36.0,36.0,36.0,36.0,36.0,36.0,36.0,35.5,35.5,35.0,35.0,35.0,35.5,36.0,36.5,37.0,37.5,37.5,38.0,38.5,38.5,39.0,39.0,38.5,38.5,38.0,37.5,37.5,37.0,36.5,36.0,36.0,36.0,36.0,36.5,36.5,37.0,37.5,37.5,38.0,38.0,38.0,38.0,37.5,37.5,37.0,36.5,36.0,35.5,35.0,35.0,35.5,35.5,36.0,36.0,36.5,36.5,37.0,37.5,37.5,37.5,37.5,37.0,37.0,37.0,36.5,36.5,36.0,36.0,36.0,36.0,36.0,36.0,36.0,36.5,36.5,37.0,37.5,38.0,38.5,38.5,38.5,38.5,38.5,38.0,37.5,37.5,37.0,37.0,36.5,36.5,36.5,37.0,38.0,38.5,39.5,40.0,40.5,41.0,41.0,41.5,41.0,41.0,40.5,40.0,40.0,39.5,39.5,39.0,39.0,39.0,39.5,39.5,40.0,40.5,40.5,41.0,42.0,42.0,42.5,42.0,42.0,42.0,41.5,41.5,41.5,41.0,40.5,40.5,40.0,40.0,40.0,40.0,40.0,40.0,40.5,41.0,41.5,42.0,42.0,42.5,42.5,42.5,42.5,42.0,42.0,41.5,41.5,41.5,41.0,41.0,41.0,41.0,41.0,41.0,41.0,40.5,40.5,40.0,39.5,39.0,38.0,37.0,36.5,36.0,35.5,35.5,36.0,37.0,37.5,38.5,40.0,41.0,42.0,42.5,43.0,43.0,43.0,43.0,42.5,42.5,41.5,41.0,40.5,40.0,39.5,39.0,38.0,37.5,37.0,37.0,36.5,36.5,36.5,0.0,0.0
25.5,26.5,27.5,28.5,29.5,31.0,32.0,33.0,34.0,34.5,34.5,34.5,34.5,34.0,34.0,33.5,33.0,32.5,32.0,32.0,31.5,31.5,31.5,32.0,32.0,32.5,32.5,32.5,32.5,32.5,32.5,32.0,32.0,31.5,31.5,31.5,31.5,32.0,32.0,32.5,33.0,33.0,33.0,33.5,33.5,33.5,34.0,34.0,34.5,34.5,34.5,34.0,34.0,33.5,33.0,33.0,32.5,32.5,32.5,32.5,32.5,33.0,33.0,33.5,34.0,34.0,34.0,34.0,34.0,34.0,34.0,34.0,34.0,34.0,34.0,33.5,33.5,33.5,33.5,33.5,34.0,34.0,34.5,35.0,35.0,35.0,35.0,35.0,35.0,34.5,34.5,34.0,33.5,33.0,32.5,32.0,31.5,31.5,31.5,32.0,32.0,33.0,33.5,34.0,34.5,35.0,35.0,35.5,35.5,35.0,35.0,35.0,35.0,34.5,34.5,34.0,34.0,33.5,33.5,33.5,34.0,34.0,34.5,35.0,35.5,36.0,36.5,36.5,36.5,36.5,36.5,36.0,35.0,34.5,34.0,33.5,33.5,33.5,33.5,33.5,34.0,34.5,35.0,35.5,35.5,35.5,35.5,36.0,35.5,35.5,35.5,35.5,35.5,35.0,34.5,34.0,34.0,33.5,33.5,34.0,34.0,34.0,34.5,34.5,34.5,35.0,35.0,35.5,35.0,35.0,35.0,34.5,34.5,34.0,33.5,33.0,32.5,32.5,32.5,32.5,33.5,34.0,35.0,36.0,37.0,37.5,38.5,38.5,39.0,39.0,39.0,39.0,38.5,38.5,38.5,38.5,38.5,38.5,38.5,38.5,39.0,39.0,39.5,39.5,40.0,40.0,40.0,39.5,39.5,39.0,38.5,38.0,38.0,38.0,37.5,37.5,37.5,37.5,38.0,38.5,39.0,39.5,40.5,41.0,41.5,42.0,42.0,42.5,42.5,43.0,43.0,42.5,42.5,42.0,41.5,41.0,41.0,40.5,40.5,40.5,41.0,41.0,41.5,41.5,42.0,42.5,42.5,42.5,43.0,43.0,43.0,43.0,42.5,42.5,42.5,42.0,42.0,42.0,42.0,42.0,42.0,42.5,43.0,43.5,44.0,44.5,45.0,45.5,45.5,45.0,44.5,43.5,42.0,40.5,39.0,37.5,35.5,33.5,31.5,29.0,27.5,25.5,24.5,23.5,22.5,22.5,22.5,23.5,24.5,26.5,29.0,32.0,36.5,41.5,47.0,53.5,60.0,67.0,74.0,80.5,87.0,93.5,100.0,106.0,112.0,117.0,121.0,123.5,125.0,125.5,125.5,125.0,123.0,121.0,117.5,113.5,109.0,104.5,99.5,94.5,0.0,0.0
50.0,50.5,50.5,50.5,51.0,51.5,51.5,51.5,52.0,52.0,52.0,52.0,52.0,51.5,51.0,50.5,50.0,49.5,49.0,49.0,49.0,49.5,50.0,50.5,51.0,51.0,51.5,51.5,51.5,51.5,51.5,51.5,51.5,51.0,50.5,50.5,50.0,49.5,49.0,49.0,49.0,49.5,49.5,50.0,50.0,50.5,51.0,51.5,51.5,51.5,51.5,51.5,51.5,51.5,51.0,51.0,50.5,50.0,49.5,49.5,49.5,49.5,49.5,50.0,50.0,50.0,50.5,50.5,50.5,51.0,51.0,50.5,50.5,50.5,50.5,50.5,50.5,50.5,50.5,50.5,50.5,50.5,50.5,50.5,50.5,51.0,51.5,52.0,52.5,52.5,53.0,53.0,53.0,53.0,52.5,52.5,52.0,52.0,52.0,52.5,52.5,52.5,52.5,52.5,52.5,53.0,53.0,53.5,54.0,54.0,54.0,54.0,53.5,53.5,53.5,53.0,53.0,52.5,52.5,52.5,52.5,53.0,53.5,53.5,54.0,54.0,54.5,54.5,54.5,54.5,54.5,54.5,54.5,54.5,54.5,54.0,54.0,53.5,53.0,52.5,52.0,52.0,52.0,52.0,52.5,52.5,52.5,53.0,53.0,53.0,53.0,52.5,52.5,52.0,52.0,52.0,51.5,51.5,51.5,51.5,52.0,52.5,52.5,53.0,53.5,53.5,54.0,54.0,54.5,54.5,54.5,54.0,54.0,53.5,53.0,52.5,52.0,52.0,51.5,51.5,51.5,51.5,52.0,52.0,52.5,52.5,53.0,53.0,53.5,53.5,53.5,53.5,53.5,53.5,53.5,53.5,53.5,53.5,53.0,53.0,53.0,53.0,53.5,53.5,54.0,54.0,54.5,55.0,55.0,55.5,55.5,55.0,55.0,54.5,54.0,53.5,53.0,52.5,52.0,52.0,52.0,52.0,52.5,53.0,53.5,54.0,54.0,54.5,54.5,55.0,55.0,54.5,54.5,54.0,54.0,54.0,54.0,54.0,54.0,54.0,54.5,54.5,54.5,54.5,55.0,55.0,55.0,55.0,55.5,56.0,56.0,56.5,56.5,56.0,55.5,55.0,54.5,54.0,54.0,53.5,53.5,53.5,53.5,53.5,53.5,53.5,53.5,53.5,53.5,53.5,53.0,53.0,53.0,52.5,52.5,52.0,52.0,51.5,51.5,51.0,51.0,51.0,51.5,52.0,53.0,53.5,54.5,55.0,55.5,55.5,55.5,55.0,55.0,54.5,54.0,53.0,52.5,51.5,51.0,50.5,50.5,51.0,51.5,53.0,54.5,55.5,57.0,58.0,58.5,59.0,58.5,58.5,58.0,57.5,57.0,56.5,55.5,55.0,54.5,54.0,0.0,0.0
66.0,66.0,66.0,65.5,65.0,64.5,64.0,63.5,63.5,63.0,63.0,63.0,63.0,63.5,64.0,64.5,65.0,65.0,65.5,65.5,65.5,65.5,65.5,65.0,65.0,65.0,64.5,64.5,64.5,64.5,65.0,65.5,65.5,66.0,66.5,67.0,67.5,67.5,68.0,68.0,68.0,67.5,67.0,66.5,66.0,65.5,65.0,64.0,63.5,62.5,62.0,61.0,60.5,60.0,60.0,60.5,61.5,62.5,64.0,65.5,67.0,68.0,69.0,69.5,69.5,70.0,69.5,69.5,69.0,68.5,68.0,67.5,67.0,67.0,67.0,66.5,66.5,66.5,66.5,66.5,66.0,66.0,65.5,65.0,64.0,63.5,63.0,62.5,62.0,62.0,61.5,61.5,62.0,62.0,62.0,62.5,62.5,62.5,63.0,63.0,63.0,63.0,62.5,62.5,62.5,62.0,62.0,62.0,62.5,62.5,63.0,64.0,64.5,65.5,66.5,67.0,68.0,68.5,69.0,69.5,70.0,70.0,70.0,70.0,69.5,69.0,68.5,68.0,67.5,67.5,67.5,68.0,68.5,68.5,69.0,69.5,69.5,70.0,70.0,70.0,70.5,70.5,70.0,70.0,69.5,69.5,69.0,69.0,69.0,68.5,68.5,68.5,68.5,68.5,68.5,68.5,69.0,69.0,69.5,69.5,70.0,69.5,69.5,69.5,69.0,69.0,68.5,68.0,68.0,68.0,68.0,68.0,68.5,69.0,69.0,69.5,70.0,70.0,70.0,70.0,70.0,70.0,69.5,69.5,69.5,69.5,69.0,69.0,69.0,69.0,69.0,68.5,68.5,68.5,68.5,69.0,69.0,69.0,69.0,68.0,67.0,66.0,64.0,62.0,60.0,57.5,55.0,53.5,52.0,51.0,50.0,50.0,50.0,51.0,52.5,55.0,58.0,61.5,66.5,71.5,77.0,83.5,90.5,97.0,103.5,110.0,116.0,122.0,128.0,134.0,140.0,145.0,149.0,152.0,153.5,155.0,155.5,155.5,154.5,152.5,149.5,145.5,141.0,136.0,130.5,125.0,119.0,113.5,108.0,103.0,98.5,94.5,90.5,87.0,84.0,81.5,79.5,78.0,76.5,76.0,75.5,75.0,75.0,74.5,74.0,73.5,73.0,73.0,72.5,72.5,72.5,72.5,72.5,72.5,72.5,72.5,72.5,72.5,72.5,72.5,72.5,72.5,72.5,72.0,71.5,71.0,70.5,70.5,70.0,70.0,70.0,70.0,70.0,70.0,70.0,70.0,70.0,70.0,70.0,70.0,70.0,70.0,69.5,69.0,69.0,68.5,68.0,68.0,68.0,68.0,68.0,68.5,68.5,68.5,69.0,69.0,69.5,70.0,70.0,70.0,0.0,0.0
38.5,38.5,38.5,38.5,38.5,38.5,39.0,39.0,39.5,39.5,40.0,40.5,40.5,40.5,41.0,41.0,40.5,40.5,40.0,40.0,39.5,39.5,39.5,39.0,39.0,39.0,39.0,39.0,39.0,39.0,39.0,39.0,39.0,38.5,38.0,37.0,36.0,35.0,34.0,33.5,33.5,34.0,34.5,35.0,36.5,37.5,38.5,40.0,40.5,41.5,42.0,42.0,42.5,42.5,42.5,42.5,41.5,41.0,40.0,39.5,39.0,38.5,38.0,38.0,37.5,37.5,37.5,37.5,38.0,39.0,39.5,39.5,40.0,40.0,40.0,40.0,40.0,39.5,39.5,39.0,38.5,38.0,37.5,37.5,37.5,37.5,37.5,37.5,38.0,38.5,38.5,39.0,39.5,39.5,39.5,39.5,39.5,39.0,39.0,39.0,39.0,38.5,38.5,38.5,38.0,38.0,38.0,38.5,38.5,38.5,39.0,39.0,39.0,39.5,39.5,39.0,39.0,38.5,38.5,38.5,38.0,38.0,37.5,37.5,37.0,37.0,37.5,37.5,38.0,38.5,38.5,39.0,39.5,39.5,39.5,39.5,39.0,39.0,38.5,38.0,37.5,37.5,37.0,37.0,37.5,37.5,38.0,38.0,38.5,38.5,39.0,39.0,38.5,39.0,39.0,39.0,39.0,39.0,38.5,38.0,38.0,37.5,37.0,37.0,37.0,37.0,37.0,37.0,37.5,37.5,37.5,37.5,37.5,37.5,37.5,37.5,37.5,37.0,37.0,36.5,36.5,36.5,36.0,36.0,36.0,36.5,37.0,37.5,38.0,38.5,39.0,39.5,39.5,39.5,40.0,40.0,39.5,39.5,39.5,39.0,38.5,38.0,37.5,37.0,37.0,37.0,37.0,37.5,38.0,38.5,39.0,39.5,39.5,40.0,40.0,40.5,40.0,40.0,39.5,39.0,39.0,38.5,38.0,38.0,37.5,37.5,37.5,37.5,37.5,37.5,37.5,37.5,37.5,37.5,38.0,38.0,37.5,37.0,37.0,36.5,36.5,36.5,36.0,35.5,35.5,35.5,35.5,35.5,35.5,36.0,36.0,36.0,36.5,36.5,36.0,35.5,35.0,34.5,34.0,33.5,33.0,32.5,32.0,31.5,31.5,31.5,31.5,32.0,32.5,33.5,34.0,35.0,36.0,36.5,37.0,37.5,38.0,38.0,37.5,37.5,37.0,37.0,36.5,36.5,36.0,36.0,36.0,36.5,37.0,37.0,37.5,38.0,38.5,38.5,38.5,38.5,38.0,37.5,37.0,36.5,36.0,36.0,35.5,35.5,35.0,35.0,35.0,35.5,35.5,36.0,37.0,37.0,37.5,37.5,37.5,37.0,36.5,36.5,36.0,35.5,0.0,0.0
99.5,100.0,100.5,100.5,100.5,100.5,100.5,100.0,99.5,99.5,99.0,98.5,98.5,98.5,99.0,99.5,99.5,99.5,100.0,100.0,100.0,100.5,100.5,100.5,100.5,100.0,100.0,99.5,99.5,99.5,99.5,100.0,100.0,100.5,100.5,100.5,100.5,101.0,101.0,101.0,101.0,101.0,100.5,99.5,98.5,97.5,96.0,95.0,94.0,93.5,93.0,93.5,94.0,95.5,97.0,98.5,99.5,101.0,102.0,102.5,103.0,103.5,103.5,103.0,103.0,102.5,102.0,101.0,100.5,99.5,99.0,98.0,98.0,97.5,98.0,98.0,98.0,98.5,98.5,98.5,99.0,99.0,99.0,99.0,98.5,98.0,97.5,97.0,96.5,96.5,96.0,96.0,96.0,96.0,96.5,96.5,97.0,97.5,98.0,98.0,98.0,98.0,97.5,97.5,97.5,97.0,96.5,96.5,96.0,96.0,96.0,96.0,96.0,96.0,96.0,96.0,96.0,96.0,96.5,96.5,96.5,97.0,97.0,97.0,97.0,97.0,96.5,96.5,96.0,96.0,95.5,95.5,95.5,95.5,95.5,96.0,96.5,97.0,97.0,97.0,97.0,97.0,97.0,97.0,97.0,96.5,96.5,96.0,95.5,95.0,95.0,95.0,95.0,95.5,96.0,96.5,97.0,97.5,98.0,98.0,98.5,98.5,98.5,98.5,98.5,98.0,98.0,97.5,97.5,97.0,96.5,96.5,96.0,96.0,96.0,96.5,97.0,97.0,97.5,98.0,98.0,98.0,98.5,98.5,98.0,97.5,97.0,96.5,96.0,96.0,95.5,95.5,96.0,96.5,97.0,97.5,98.0,98.5,98.5,98.5,98.5,98.5,98.5,98.0,98.0,98.0,97.5,97.5,97.0,96.5,96.5,96.5,96.5,97.0,97.0,97.5,98.0,98.5,98.5,98.5,99.0,99.0,99.0,98.5,98.0,97.5,97.0,96.5,96.5,96.0,96.0,96.0,96.0,96.5,96.5,97.0,97.0,97.5,98.0,98.5,99.0,99.5,99.5,99.0,99.0,98.5,98.0,97.5,97.5,97.0,97.0,97.0,96.5,97.0,97.0,97.5,98.0,98.5,99.0,99.5,100.0,100.0,100.0,100.0,99.5,99.5,99.0,98.5,98.0,98.0,98.0,98.0,98.0,98.5,99.0,99.5,99.5,100.0,100.0,100.0,100.0,100.0,100.0,100.0,99.5,99.5,99.5,99.0,98.5,98.5,98.0,98.0,98.5,98.5,98.5,99.0,99.5,99.5,100.0,100.0,100.0,100.0,100.0,99.5,99.0,98.5,98.0,97.0,96.5,96.5,96.0,96.0,96.0,96.0,96.5,97.0,97.5,98.0,98.5,99.5,0.0,0.0
5.0,4.5,4.5,4.0,3.5,3.0,3.0,3.0,3.0,3.0,3.5,3.5,4.0,3.5,3.5,3.5,3.5,3.5,3.5,3.0,2.5,1.5,1.0,1.0,1.5,2.5,3.5,4.5,6.0,7.0,8.0,9.0,9.5,10.0,10.0,10.0,10.0,10.0,9.5,8.5,8.0,7.0,5.5,4.5,3.5,3.0,2.5,2.5,2.0,2.5,2.5,3.0,3.5,4.0,4.5,5.5,5.5,6.0,6.0,6.0,5.5,5.5,5.0,4.5,4.0,3.5,2.5,2.0,2.0,1.5,1.5,1.5,2.0,2.5,3.0,3.5,4.0,4.0,4.5,4.0,4.0,3.5,3.5,3.0,2.5,2.5,2.0,1.5,1.5,1.5,1.5,2.0,2.0,2.5,3.0,3.5,4.0,4.5,5.0,5.5,5.5,5.0,4.5,4.5,4.0,3.5,3.5,3.0,2.5,2.5,2.5,2.5,2.5,2.5,2.5,3.0,3.0,3.5,3.5,3.5,3.5,3.5,3.5,3.5,3.5,3.0,3.0,2.5,2.5,2.5,2.5,2.5,3.0,3.5,4.0,4.5,5.0,5.0,5.5,5.5,5.5,5.0,4.5,4.0,3.5,3.5,3.0,2.5,2.0,1.5,1.5,1.5,1.5,2.0,2.5,3.0,3.5,4.0,4.0,4.0,4.0,3.5,3.5,3.5,3.0,3.0,2.5,2.5,3.0,3.0,4.0,4.5,5.0,5.5,6.0,6.5,7.0,7.0,7.0,7.0,6.5,6.0,5.5,5.0,5.0,5.0,5.0,5.0,5.5,6.0,6.0,6.5,7.0,7.0,7.5,8.0,8.0,8.0,8.0,8.0,7.5,7.5,7.0,6.5,6.5,6.0,6.0,6.0,6.0,6.0,6.5,6.5,7.0,7.5,7.5,8.0,8.5,9.0,9.0,9.5,9.5,9.0,8.5,8.0,8.0,7.5,7.5,7.0,7.0,7.5,7.5,8.0,8.5,8.5,9.0,9.0,9.5,9.5,9.5,9.5,9.5,9.5,9.0,9.0,9.0,9.0,9.0,9.0,8.5,8.5,8.5,9.0,9.5,9.5,10.0,10.0,10.5,10.5,11.0,11.5,12.0,12.0,12.0,11.5,10.5,10.0,9.5,9.5,9.0,9.0,9.0,9.0,8.5,8.5,8.0,8.0,7.5,7.5,7.5,7.5,7.5,7.0,6.5,6.0,5.5,5.0,5.0,5.0,5.0,5.5,6.0,6.5,7.0,8.0,9.0,9.5,10.5,11.5,11.5,12.0,12.0,11.5,11.5,11.5,11.5,11.5,11.5,12.0,12.0,12.5,12.5,12.5,13.0,13.0,13.0,13.5,13.0,13.0,13.0,13.0,0.0,0.0
47.5,47.5,47.0,46.5,46.0,46.0,46.0,46.0,46.0,46.0,46.5,47.0,47.5,48.0,48.0,48.5,48.5,48.5,48.0,48.0,47.5,47.0,46.5,46.0,46.0,45.5,45.0,45.0,45.0,45.5,46.0,46.5,47.5,48.0,48.5,48.5,48.5,49.0,49.0,49.0,49.0,49.0,49.0,48.5,48.0,47.5,47.5,47.0,47.0,47.0,47.0,47.0,47.0,47.5,48.0,48.5,48.5,49.0,49.5,49.5,49.0,49.0,48.5,47.5,47.0,46.5,46.5,46.0,46.0,46.0,46.5,46.5,47.0,47.0,47.5,47.5,47.5,47.5,47.5,47.5,47.0,46.5,46.0,46.0,45.5,45.0,45.0,45.0,44.5,44.5,44.5,45.0,45.0,45.5,45.5,46.0,46.0,46.0,46.0,45.5,45.5,45.0,44.5,44.0,43.5,43.0,43.0,42.5,43.0,43.0,43.5,44.0,44.5,45.0,45.5,46.0,47.0,47.5,48.0,48.5,48.5,48.5,49.0,49.0,49.0,49.0,49.0,49.0,49.5,49.5,49.5,50.0,50.5,51.0,51.5,51.5,51.5,51.0,51.0,51.0,50.5,49.5,49.0,48.5,48.0,47.5,47.5,47.5,47.0,47.0,47.0,47.0,47.5,47.5,48.0,48.0,48.0,48.5,48.5,48.5,48.0,47.5,47.0,47.0,46.5,46.5,46.0,46.0,46.5,46.5,46.5,47.0,47.0,47.5,47.5,48.0,48.0,48.5,48.5,49.0,49.0,49.0,48.5,48.5,48.0,48.0,48.0,48.0,48.0,48.5,48.5,48.5,48.5,49.0,49.0,49.0,49.5,49.5,49.5,49.0,49.0,48.5,48.0,47.5,46.5,45.0,43.5,42.0,40.5,38.5,37.0,35.0,33.5,32.0,31.0,30.5,30.0,30.0,30.5,31.5,33.0,35.5,38.0,41.5,45.5,50.5,56.0,62.0,69.0,76.0,83.0,90.0,96.5,103.0,109.0,115.0,120.0,124.0,127.0,129.0,130.0,130.0,130.0,129.0,127.5,125.0,122.0,118.0,114.0,110.0,105.5,101.0,96.0,91.5,86.5,82.0,77.5,73.5,69.5,66.5,63.0,60.5,58.0,56.0,54.5,53.5,53.0,53.0,52.5,52.5,52.5,53.0,53.0,53.0,53.0,52.5,52.0,51.0,50.5,49.5,48.0,47.0,46.0,45.0,44.0,43.5,43.5,43.5,44.5,45.5,46.5,47.5,49.0,50.5,51.5,52.0,52.5,52.5,52.5,52.0,51.5,51.0,50.5,49.5,49.0,48.0,47.5,47.0,46.5,46.5,46.5,46.5,47.0,47.0,47.5,47.5,47.5,47.5,47.0,46.5,0.0,0.0
-4.5,-3.0,-2.0,-1.0,-0.5,0.0,0.0,0.0,0.0,-0.5,-1.0,-1.5,-2.0,-2.5,-3.0,-3.5,-4.0,-4.0,-4.0,-3.5,-3.5,-3.5,-3.5,-3.5,-3.5,-4.0,-4.5,-5.0,-5.5,-6.0,-6.0,-6.5,-6.0,-6.0,-6.0,-5.5,-5.5,-5.0,-5.0,-5.0,-5.0,-5.0,-5.0,-5.0,-5.0,-5.0,-5.5,-5.5,-6.0,-6.5,-6.5,-6.5,-6.5,-6.5,-6.0,-5.5,-5.0,-4.5,-4.0,-4.0,-4.0,-4.0,-3.5,-3.5,-3.5,-3.5,-3.5,-3.5,-4.0,-4.5,-5.0,-5.5,-5.5,-5.5,-5.0,-4.5,-4.5,-4.0,-3.5,-3.5,-3.5,-3.5,-3.5,-3.5,-3.5,-3.5,-3.5,-3.5,-4.0,-4.0,-4.0,-4.0,-4.5,-4.5,-4.5,-5.0,-4.5,-4.5,-4.0,-3.5,-3.0,-2.5,-2.0,-1.5,-1.5,-1.5,-1.5,-2.0,-2.5,-3.0,-3.5,-4.0,-4.0,-3.5,-3.5,-3.0,-3.0,-3.0,-2.5,-2.5,-2.5,-2.5,-2.5,-2.5,-2.5,-3.0,-3.0,-3.0,-3.5,-3.5,-3.5,-3.5,-3.5,-3.5,-3.5,-3.0,-2.0,-1.5,-0.5,0.5,1.0,1.5,1.5,1.5,1.5,1.5,1.5,1.0,0.5,0.0,-0.5,-1.0,-1.5,-1.5,-1.0,-0.5,0.0,0.5,1.0,1.0,1.0,1.5,1.5,1.5,2.0,2.0,2.0,1.5,1.0,0.5,0.5,0.0,-0.5,-0.5,-0.5,-0.5,0.5,1.0,1.5,2.0,2.5,3.0,3.5,3.5,3.5,3.5,3.5,3.0,2.5,2.0,2.0,1.5,1.5,1.5,1.5,2.0,2.0,2.0,2.5,3.0,3.5,4.0,4.5,4.5,5.0,4.5,4.5,4.5,4.0,4.0,4.0,4.5,4.5,4.5,4.5,4.5,4.5,5.0,5.5,6.0,6.0,6.5,7.0,7.5,7.5,8.0,8.0,8.0,7.5,7.5,7.5,7.0,7.0,6.5,6.5,6.5,6.5,6.5,6.5,7.0,7.0,7.0,7.0,7.0,7.0,7.0,6.5,6.5,6.0,5.5,5.5,5.0,4.5,4.5,5.0,6.0,6.5,7.5,8.0,8.5,8.5,8.5,9.0,8.5,8.5,8.0,7.0,6.5,6.0,5.5,5.5,5.5,5.5,5.5,5.5,5.5,5.5,5.5,5.5,5.5,5.5,5.0,5.0,5.0,5.0,5.5,5.5,5.5,5.0,5.0,4.5,4.5,4.0,4.0,4.0,4.5,5.0,6.0,6.5,7.0,7.5,7.5,8.5,9.0,9.5,9.5,10.0,10.0,10.0,9.5,9.0,8.5,8.0,8.0,7.5,7.5,7.5,7.5,7.5,7.5,0.0,0.0
-10.0,-9.0,-8.5,-7.5,-7.5,-7.0,-7.0,-7.0,-7.5,-7.5,-7.5,-7.5,-7.5,-7.5,-7.5,-8.0,-8.0,-8.5,-9.0,-9.5,-10.5,-11.0,-11.5,-12.0,-12.5,-13.0,-13.0,-13.5,-13.5,-13.5,-13.5,-13.0,-13.0,-13.0,-12.5,-12.5,-12.0,-12.0,-11.5,-11.5,-11.5,-12.0,-12.0,-11.5,-11.5,-11.0,-10.5,-10.0,-9.5,-8.5,-8.0,-7.5,-7.0,-6.5,-6.5,-6.5,-6.5,-6.5,-6.5,-7.0,-7.0,-7.5,-8.0,-8.0,-8.5,-8.5,-9.0,-9.0,-9.0,-8.5,-8.5,-8.0,-7.5,-7.0,-6.5,-6.0,-6.0,-5.5,-5.5,-5.5,-6.0,-6.0,-6.5,-7.0,-7.0,-7.0,-7.5,-7.5,-7.5,-7.0,-7.0,-6.5,-6.0,-5.5,-5.5,-5.0,-5.5,-5.5,-5.5,-6.0,-6.0,-6.5,-6.5,-7.0,-7.5,-8.0,-8.0,-8.0,-8.0,-8.0,-7.5,-7.0,-6.5,-6.0,-5.5,-6.0,-6.0,-6.0,-6.5,-6.5,-7.0,-7.5,-8.0,-8.5,-9.5,-10.0,-11.0,-11.5,-12.5,-13.5,-15.0,-16.5,-18.5,-20.5,-22.0,-23.5,-25.0,-26.0,-26.5,-26.5,-26.5,-26.5,-25.5,-24.0,-22.0,-19.0,-14.5,-9.5,-4.0,3.0,10.5,18.0,25.5,32.0,38.5,45.0,51.0,57.0,62.5,67.5,71.0,73.5,75.5,76.5,77.0,76.5,76.0,74.0,71.5,67.5,63.0,58.5,53.5,48.5,43.5,38.5,34.0,29.0,24.5,20.0,16.0,12.5,9.0,5.5,3.0,0.5,-1.0,-2.0,-3.0,-3.0,-3.0,-2.5,-2.0,-2.0,-2.0,-2.0,-2.0,-2.0,-2.5,-3.0,-3.5,-4.0,-4.5,-5.0,-5.5,-6.0,-6.5,-6.5,-7.0,-7.0,-6.5,-6.5,-6.0,-6.0,-6.0,-6.0,-6.0,-6.0,-6.0,-6.0,-6.5,-6.5,-7.0,-7.0,-7.5,-8.0,-8.0,-8.5,-8.5,-8.5,-8.0,-7.5,-7.0,-6.5,-6.0,-5.5,-5.5,-5.5,-6.0,-6.0,-6.5,-7.0,-7.5,-8.0,-8.5,-9.0,-9.0,-9.0,-9.0,-8.5,-8.5,-8.0,-8.0,-7.5,-7.0,-7.0,-7.0,-7.0,-7.0,-7.0,-7.0,-7.0,-7.5,-7.0,-7.0,-7.0,-7.0,-6.5,-6.5,-6.0,-5.5,-5.0,-4.5,-4.5,-4.0,-4.0,-4.0,-4.0,-4.0,-4.0,-4.5,-4.5,-5.0,-5.0,-5.5,-5.5,-6.0,-6.0,-6.0,-5.5,-5.5,-5.0,-4.5,-4.0,-4.0,-4.0,-3.5,-3.5,-3.5,-4.0,-4.5,-4.5,-5.0,-5.5,-5.5,-6.0,-6.0,-6.0,-6.0,-6.0,-5.5,-5.5,-5.0,-5.0,-4.5,-4.5,-4.0,-4.0,-4.0,-4.0,0.0,0.0
30.0,30.5,31.0,31.5,31.5,31.5,31.0,30.5,30.0,29.0,28.5,27.5,26.5,26.0,25.5,25.0,25.0,25.0,25.5,26.5,27.5,28.5,29.5,31.0,32.0,33.0,34.0,34.5,34.5,34.5,34.5,34.0,34.0,33.5,33.0,32.5,32.0,32.0,31.5,31.5,31.5,32.0,32.0,32.5,32.5,32.5,32.5,32.5,32.5,32.0,32.0,31.5,31.5,31.5,31.5,32.0,32.0,32.5,33.0,33.0,33.0,33.5,33.5,33.5,34.0,34.0,34.5,34.5,34.5,34.0,34.0,33.5,33.0,33.0,32.5,32.5,32.5,32.5,32.5,33.0,33.0,33.5,34.0,34.0,34.0,34.0,34.0,34.0,34.0,34.0,34.0,34.0,34.0,33.5,33.5,33.5,33.5,33.5,34.0,34.0,34.5,35.0,35.0,35.0,35.0,35.0,35.0,34.5,34.5,34.0,33.5,33.0,32.5,32.0,31.5,31.5,31.5,32.0,32.0,33.0,33.5,34.0,34.5,35.0,35.0,35.5,35.5,35.0,35.0,35.0,35.0,34.5,34.5,34.0,34.0,33.5,33.5,33.5,34.0,34.0,34.5,35.0,35.5,36.0,36.5,36.5,36.5,36.5,36.5,36.0,35.0,34.5,34.0,33.5,33.5,33.5,33.5,33.5,34.0,34.5,35.0,35.5,35.5,35.5,35.5,36.0,35.5,35.5,35.5,35.5,35.5,35.0,34.5,34.0,34.0,33.5,33.5,34.0,34.0,34.0,34.5,34.5,34.5,35.0,35.0,35.5,35.0,35.0,35.0,34.5,34.5,34.0,33.5,33.0,32.5,32.5,32.5,32.5,33.5,34.0,35.0,36.0,37.0,37.5,38.5,38.5,39.0,39.0,39.0,39.0,38.5,38.5,38.5,38.5,38.5,38.5,38.5,38.5,39.0,39.0,39.5,39.5,40.0,40.0,40.0,39.5,39.5,39.0,38.5,38.0,38.0,38.0,37.5,37.5,37.5,37.5,38.0,38.5,39.0,39.5,40.5,41.0,41.5,42.0,42.0,42.5,42.5,43.0,43.0,42.5,42.5,42.0,41.5,41.0,41.0,40.5,40.5,40.5,41.0,41.0,41.5,41.5,42.0,42.5,42.5,42.5,43.0,43.0,43.0,43.0,42.5,42.5,42.5,42.0,42.0,42.0,42.0,42.0,42.0,42.5,43.0,43.5,44.0,44.5,45.0,45.5,45.5,45.0,44.5,43.5,42.0,40.5,39.0,37.5,35.5,33.5,31.5,29.0,27.5,25.5,24.5,23.5,22.5,22.5,22.5,23.5,24.5,26.5,29.0,32.0,36.5,41.5,47.0,53.5,60.0,67.0,74.0,80.5,87.0,93.5,0.0,0.0
32.5,32.5,32.0,32.0,32.5,32.5,32.5,32.5,32.5,32.5,33.0,33.5,34.0,34.0,34.0,34.0,33.5,33.5,33.0,32.5,32.0,31.5,31.0,31.0,30.5,30.0,29.5,29.5,29.5,30.0,30.0,30.5,31.0,31.5,31.5,32.0,32.0,31.5,31.0,31.0,30.5,30.5,30.0,30.0,29.5,29.5,29.5,29.5,29.5,30.0,30.0,30.5,31.0,31.5,31.5,32.0,32.0,31.5,31.5,31.0,30.5,29.5,29.0,28.5,28.0,28.0,28.0,28.5,28.5,29.0,29.5,30.0,30.0,30.5,30.5,31.0,31.0,31.0,31.0,30.5,30.5,30.0,30.0,29.5,29.0,29.0,29.0,29.5,30.0,30.5,31.0,31.5,32.0,32.5,32.5,33.0,33.0,33.0,32.5,32.5,32.5,32.0,32.0,32.0,32.0,32.0,32.0,32.5,32.5,33.0,33.5,34.0,34.5,34.5,35.0,35.0,34.5,34.5,34.0,33.5,33.0,32.5,32.0,31.5,31.5,31.5,31.5,31.5,32.0,32.5,32.5,33.0,33.5,34.0,34.0,34.0,34.0,34.0,33.5,33.5,33.0,33.0,32.5,32.0,32.0,32.0,32.0,32.0,32.5,32.5,33.0,33.0,33.5,34.0,34.0,34.5,34.5,34.5,34.5,34.5,34.0,34.0,33.5,33.5,33.0,33.0,33.0,33.5,33.5,34.0,34.5,34.5,35.0,35.5,35.5,35.5,35.5,35.0,35.0,34.5,34.0,34.0,34.0,34.0,34.0,34.0,34.0,34.0,34.5,34.5,35.0,35.5,36.0,36.5,36.5,36.5,36.5,36.5,36.0,36.0,36.0,35.5,35.0,35.0,34.5,34.5,34.5,35.0,35.0,35.5,35.5,36.0,36.5,37.0,37.0,37.0,37.0,36.5,36.5,36.0,35.5,35.0,35.0,34.5,34.5,34.5,34.5,34.5,35.0,35.5,35.5,36.0,36.5,36.5,37.0,37.5,37.5,37.5,37.5,37.0,36.5,35.5,35.0,34.5,34.5,34.5,34.5,35.0,35.5,35.5,36.0,36.5,37.0,37.0,37.5,38.0,38.5,38.5,38.5,38.5,38.5,38.0,38.0,38.0,37.5,37.5,37.5,37.5,37.0,37.0,37.5,37.5,37.5,37.5,37.5,38.0,38.0,38.0,37.5,37.5,37.0,37.0,37.0,36.5,36.5,36.5,36.5,37.0,37.0,37.5,38.5,39.0,39.0,39.5,39.5,39.5,39.5,39.5,39.0,38.5,38.0,37.5,37.5,37.0,37.0,37.0,37.0,37.0,37.5,38.0,38.5,39.0,39.0,39.0,39.0,39.0,38.5,38.5,38.0,37.5,0.0,0.0
45.5,45.5,45.0,44.5,44.0,43.5,43.0,43.0,43.0,43.5,43.5,44.0,44.5,44.5,45.0,45.0,45.0,45.0,45.0,45.0,45.0,44.5,44.5,44.0,44.0,43.5,43.5,43.5,43.5,43.5,43.5,43.5,44.0,44.0,44.0,44.0,44.0,44.0,43.5,43.0,42.5,42.0,41.0,40.0,39.5,39.0,38.5,38.5,38.5,38.5,39.0,39.0,39.5,39.5,40.0,40.5,40.5,40.5,40.5,40.5,40.5,40.5,41.0,41.0,41.0,41.0,41.0,41.0,41.5,42.5,43.0,43.5,44.0,44.0,44.5,44.5,45.0,45.0,45.0,44.5,44.0,43.5,43.0,42.0,41.5,41.0,41.0,40.5,40.5,41.0,41.0,41.5,42.0,42.0,42.5,43.0,43.0,43.5,43.5,43.5,43.5,43.0,43.0,43.0,43.0,43.0,43.0,43.0,43.5,43.5,44.0,44.5,45.0,45.0,45.5,46.0,45.5,45.5,45.0,44.5,44.0,43.5,43.0,42.5,42.0,42.0,42.0,41.5,41.5,42.0,42.0,42.5,42.5,43.0,43.0,43.5,43.5,43.0,43.0,43.0,42.5,42.0,41.5,41.0,40.5,40.0,39.0,38.5,37.5,36.5,35.5,34.0,33.0,31.5,30.0,28.5,27.0,26.0,25.0,24.5,24.5,24.5,25.5,27.0,29.0,32.0,36.0,40.5,46.0,52.5,59.5,67.0,74.0,81.0,87.5,94.0,100.5,106.5,111.5,116.0,119.0,121.0,122.0,122.5,122.5,122.0,121.5,120.0,117.5,114.5,111.0,107.0,102.5,97.5,92.5,88.0,83.0,78.5,74.0,69.5,65.0,61.0,57.5,54.0,51.5,49.5,48.0,47.5,47.5,47.5,47.5,47.5,48.0,48.0,48.5,48.5,48.0,48.0,47.5,47.0,47.0,46.5,46.0,46.0,45.5,45.0,45.0,44.5,44.5,44.5,44.5,45.0,45.0,45.0,45.0,45.0,45.0,45.0,44.5,44.5,44.5,44.0,44.0,43.5,43.5,43.0,43.0,43.0,43.0,43.0,43.5,43.5,44.0,44.0,44.0,44.0,43.5,43.5,43.5,43.5,43.0,42.5,42.0,41.5,41.5,41.5,41.5,41.5,41.5,42.0,42.5,43.0,43.0,43.5,44.0,44.0,44.0,44.0,44.0,44.0,43.5,43.0,42.5,42.0,41.5,41.0,40.5,40.5,40.0,40.0,39.5,39.0,38.5,38.0,37.5,37.5,37.5,38.0,38.5,39.0,40.0,41.0,42.0,43.0,43.5,44.0,44.5,44.5,45.0,45.5,45.5,45.5,46.0,46.0,46.0,45.5,45.0,45.0,44.5,44.0,0.0,0.0
-6.0,-6.0,-6.5,-6.0,-6.0,-6.0,-5.5,-5.5,-5.0,-5.0,-5.0,-5.0,-5.0,-5.0,-5.0,-5.0,-5.0,-5.5,-5.5,-6.0,-6.5,-6.5,-6.5,-6.5,-6.5,-6.0,-5.5,-5.0,-4.5,-4.0,-4.0,-4.0,-4.0,-3.5,-3.5,-3.5,-3.5,-3.5,-3.5,-4.0,-4.5,-5.0,-5.5,-5.5,-5.5,-5.0,-4.5,-4.5,-4.0,-3.5,-3.5,-3.5,-3.5,-3.5,-3.5,-3.5,-3.5,-3.5,-3.5,-4.0,-4.0,-4.0,-4.0,-4.5,-4.5,-4.5,-5.0,-4.5,-4.5,-4.0,-3.5,-3.0,-2.5,-2.0,-1.5,-1.5,-1.5,-1.5,-2.0,-2.5,-3.0,-3.5,-4.0,-4.0,-3.5,-3.5,-3.0,-3.0,-3.0,-2.5,-2.5,-2.5,-2.5,-2.5,-2.5,-2.5,-3.0,-3.0,-3.0,-3.5,-3.5,-3.5,-3.5,-3.5,-3.5,-3.5,-3.0,-2.0,-1.5,-0.5,0.5,1.0,1.5,1.5,1.5,1.5,1.5,1.5,1.0,0.5,0.0,-0.5,-1.0,-1.5,-1.5,-1.0,-0.5,0.0,0.5,1.0,1.0,1.0,1.5,1.5,1.5,2.0,2.0,2.0,1.5,1.0,0.5,0.5,0.0,-0.5,-0.5,-0.5,-0.5,0.5,1.0,1.5,2.0,2.5,3.0,3.5,3.5,3.5,3.5,3.5,3.0,2.5,2.0,2.0,1.5,1.5,1.5,1.5,2.0,2.0,2.0,2.5,3.0,3.5,4.0,4.5,4.5,5.0,4.5,4.5,4.5,4.0,4.0,4.0,4.5,4.5,4.5,4.5,4.5,4.5,5.0,5.5,6.0,6.0,6.5,7.0,7.5,7.5,8.0,8.0,8.0,7.5,7.5,7.5,7.0,7.0,6.5,6.5,6.5,6.5,6.5,6.5,7.0,7.0,7.0,7.0,7.0,7.0,7.0,6.5,6.5,6.0,5.5,5.5,5.0,4.5,4.5,5.0,6.0,6.5,7.5,8.0,8.5,8.5,8.5,9.0,8.5,8.5,8.0,7.0,6.5,6.0,5.5,5.5,5.5,5.5,5.5,5.5,5.5,5.5,5.5,5.5,5.5,5.5,5.0,5.0,5.0,5.0,5.5,5.5,5.5,5.0,5.0,4.5,4.5,4.0,4.0,4.0,4.5,5.0,6.0,6.5,7.0,7.5,7.5,8.5,9.0,9.5,9.5,10.0,10.0,10.0,9.5,9.0,8.5,8.0,8.0,7.5,7.5,7.5,7.5,7.5,7.5,8.0,8.0,8.5,8.5,8.5,8.5,8.5,8.0,7.5,7.0,7.0,6.5,6.5,6.5,6.5,7.0,7.5,8.0,8.5,9.0,9.0,9.5,9.5,9.5,9.0,8.5,8.5,8.0,8.0,0.0,0.0
71.0,71.0,71.5,71.5,71.0,71.0,70.5,70.5,70.0,69.5,69.0,69.0,68.5,68.5,68.5,68.5,68.5,68.5,69.0,69.5,70.0,70.5,71.0,71.0,71.0,71.0,70.5,70.0,70.0,69.5,69.5,69.0,69.0,69.0,69.0,69.5,70.0,70.5,71.0,71.5,72.0,72.5,72.5,72.5,72.5,72.0,72.0,71.5,71.0,70.5,70.5,70.5,70.5,71.0,71.0,71.0,71.0,71.0,71.0,71.0,71.0,71.0,71.0,71.0,71.0,71.0,71.0,71.0,70.5,70.5,70.5,70.0,70.0,70.0,70.0,70.0,70.5,70.5,71.0,71.5,72.0,72.0,72.0,71.5,71.0,70.5,70.0,69.0,68.5,68.0,67.5,67.0,66.5,66.5,66.5,67.0,67.5,67.5,68.0,68.0,68.0,67.5,67.5,67.0,67.0,67.0,67.0,67.0,67.0,67.5,68.0,68.5,69.0,69.5,70.5,71.0,72.0,72.5,73.5,74.0,74.5,75.0,75.0,75.0,75.0,75.0,75.0,75.0,74.5,74.5,74.0,73.5,73.5,73.5,73.0,73.0,73.5,73.5,73.5,74.0,74.0,74.5,74.5,75.0,75.0,75.0,75.0,74.5,74.5,74.0,74.0,73.5,73.5,73.5,73.5,74.0,74.5,75.0,75.5,76.0,76.5,76.0,76.0,76.0,76.0,76.0,75.5,75.0,74.5,74.0,73.5,73.5,73.5,74.0,74.0,74.0,74.5,74.5,75.0,75.0,75.0,75.0,75.0,75.0,74.5,74.5,74.5,74.5,74.0,74.0,74.0,74.0,73.5,73.5,73.5,73.5,74.0,74.0,74.0,73.5,73.0,72.0,70.5,68.5,66.5,64.0,62.0,59.5,58.0,56.0,55.0,54.5,54.5,55.5,57.0,59.0,62.0,66.0,70.5,76.0,82.0,88.5,95.5,102.5,109.5,116.0,121.5,127.5,132.5,138.0,143.0,148.0,151.5,154.5,156.0,157.0,157.5,157.5,156.5,155.5,153.5,150.5,147.0,142.5,138.0,133.5,128.5,123.5,118.0,113.0,108.0,103.5,99.0,95.0,92.0,89.0,87.0,85.0,84.0,83.0,82.5,82.5,82.5,82.0,82.0,82.0,81.5,81.0,80.0,79.5,79.0,79.0,78.5,78.5,78.5,78.5,78.5,79.0,79.0,79.0,79.0,79.0,79.0,79.0,79.0,78.5,78.5,78.5,78.5,78.5,78.5,78.5,78.5,78.5,78.5,78.0,78.0,77.5,77.0,77.0,76.5,76.0,76.0,76.0,76.0,76.5,77.0,77.5,78.0,79.0,80.0,81.0,82.0,83.0,83.5,83.5,83.5,83.5,83.5,83.5,0.0,0.0
43.5,43.0,42.0,41.5,40.5,40.0,39.5,39.0,38.5,38.5,39.0,40.0,41.0,42.5,43.5,45.0,46.0,46.5,47.0,47.0,46.5,46.0,45.5,45.0,45.0,44.5,44.5,45.0,45.0,45.0,44.5,44.5,44.0,44.0,43.5,43.0,43.0,42.5,42.0,41.5,41.5,41.0,41.0,41.0,41.0,40.5,41.0,41.0,41.0,41.5,41.5,42.0,42.0,42.0,41.5,41.5,41.0,40.5,40.0,40.0,39.5,39.0,38.5,38.5,38.5,38.5,38.5,39.0,39.5,40.0,40.5,40.5,41.0,41.0,41.0,40.5,40.5,40.5,40.5,40.5,40.5,40.5,40.5,40.5,41.0,41.0,41.0,41.5,42.0,42.0,42.5,42.5,43.0,43.0,43.0,42.5,42.0,42.0,41.5,41.5,41.5,41.0,41.0,40.5,40.5,40.5,40.5,40.5,41.0,41.0,41.5,41.5,42.0,42.0,42.0,42.0,42.0,41.5,41.0,41.0,40.5,40.0,39.5,39.0,39.0,39.0,39.5,39.5,40.0,40.0,40.0,40.5,40.5,40.5,40.5,40.5,40.0,39.5,39.0,38.5,38.0,37.5,37.0,37.0,37.0,36.5,36.5,37.0,37.0,37.5,38.0,38.0,38.5,38.5,39.0,39.0,39.0,38.5,38.5,38.5,38.0,37.5,37.0,37.0,36.5,36.5,37.0,37.0,37.5,37.5,37.5,37.5,37.0,37.0,37.0,37.0,36.5,36.0,36.0,35.5,35.5,35.0,34.5,34.0,34.0,33.5,34.0,34.0,34.5,34.5,34.5,34.5,34.5,35.0,35.0,35.0,35.0,35.0,35.5,35.5,35.5,35.5,35.5,35.5,35.5,36.0,36.5,37.5,38.0,39.0,39.5,40.0,40.0,40.0,40.0,40.0,39.5,39.5,39.0,38.5,38.0,38.0,37.5,37.0,37.0,36.5,36.5,37.0,37.0,37.0,37.0,37.5,38.0,38.5,38.5,38.5,38.5,38.5,38.5,38.5,38.0,38.0,37.5,37.5,37.5,37.5,37.5,37.5,38.0,38.0,38.0,38.5,38.5,38.5,38.5,38.5,38.0,38.0,38.0,37.5,37.5,37.0,37.0,36.5,36.5,36.5,36.5,37.0,37.0,37.0,37.5,38.0,38.0,38.5,39.0,39.0,39.0,39.0,38.5,38.0,37.5,36.5,36.0,36.0,35.5,35.5,35.5,35.0,35.0,34.0,33.0,31.5,30.0,28.0,26.0,24.0,21.5,19.5,18.0,17.0,16.0,15.5,16.0,16.5,18.0,20.0,23.0,26.5,31.0,36.5,42.5,49.5,56.5,63.5,70.5,77.0,83.0,89.0,95.0,100.5,0.0,0.0
50.0,50.0,50.0,50.0,50.5,50.5,51.0,51.0,51.5,51.5,51.5,51.5,51.5,51.5,51.0,51.0,50.5,50.5,50.0,50.0,50.0,50.0,50.0,50.5,50.5,50.5,51.0,51.5,51.5,51.5,52.0,52.0,52.0,52.0,52.0,51.5,51.0,50.5,50.0,49.5,49.0,49.0,49.0,49.5,50.0,50.5,51.0,51.0,51.5,51.5,51.5,51.5,51.5,51.5,51.5,51.0,50.5,50.5,50.0,49.5,49.0,49.0,49.0,49.5,49.5,50.0,50.0,50.5,51.0,51.5,51.5,51.5,51.5,51.5,51.5,51.5,51.0,51.0,50.5,50.0,49.5,49.5,49.5,49.5,49.5,50.0,50.0,50.0,50.5,50.5,50.5,51.0,51.0,50.5,50.5,50.5,50.5,50.5,50.5,50.5,50.5,50.5,50.5,50.5,50.5,50.5,50.5,51.0,51.5,52.0,52.5,52.5,53.0,53.0,53.0,53.0,52.5,52.5,52.0,52.0,52.0,52.5,52.5,52.5,52.5,52.5,52.5,53.0,53.0,53.5,54.0,54.0,54.0,54.0,53.5,53.5,53.5,53.0,53.0,52.5,52.5,52.5,52.5,53.0,53.5,53.5,54.0,54.0,54.5,54.5,54.5,54.5,54.5,54.5,54.5,54.5,54.5,54.0,54.0,53.5,53.0,52.5,52.0,52.0,52.0,52.0,52.5,52.5,52.5,53.0,53.0,53.0,53.0,52.5,52.5,52.0,52.0,52.0,51.5,51.5,51.5,51.5,52.0,52.5,52.5,53.0,53.5,53.5,54.0,54.0,54.5,54.5,54.5,54.0,54.0,53.5,53.0,52.5,52.0,52.0,51.5,51.5,51.5,51.5,52.0,52.0,52.5,52.5,53.0,53.0,53.5,53.5,53.5,53.5,53.5,53.5,53.5,53.5,53.5,53.5,53.0,53.0,53.0,53.0,53.5,53.5,54.0,54.0,54.5,55.0,55.0,55.5,55.5,55.0,55.0,54.5,54.0,53.5,53.0,52.5,52.0,52.0,52.0,52.0,52.5,53.0,53.5,54.0,54.0,54.5,54.5,55.0,55.0,54.5,54.5,54.0,54.0,54.0,54.0,54.0,54.0,54.0,54.5,54.5,54.5,54.5,55.0,55.0,55.0,55.0,55.5,56.0,56.0,56.5,56.5,56.0,55.5,55.0,54.5,54.0,54.0,53.5,53.5,53.5,53.5,53.5,53.5,53.5,53.5,53.5,53.5,53.5,53.0,53.0,53.0,52.5,52.5,52.0,52.0,51.5,51.5,51.0,51.0,51.0,51.5,52.0,53.0,53.5,54.5,55.0,55.5,55.5,55.5,55.0,55.0,54.5,54.0,53.0,52.5,51.5,0.0,0.0
47.0,46.5,46.5,46.0,46.0,46.0,45.5,45.5,45.0,45.0,45.0,45.0,45.0,45.0,45.5,45.5,46.0,46.5,46.5,46.5,46.5,46.5,46.0,46.0,46.0,45.5,45.5,45.5,45.5,45.5,46.0,46.5,47.0,47.0,47.5,47.5,47.5,48.0,48.0,48.0,47.5,47.5,47.0,46.5,46.5,46.5,46.5,46.5,46.5,46.0,46.0,46.0,46.5,46.5,47.0,47.0,47.0,47.5,47.5,47.5,47.5,47.5,47.0,46.5,46.0,45.5,45.5,45.5,45.5,46.0,46.5,47.0,47.0,47.5,47.5,48.0,48.5,48.5,48.5,49.0,48.5,48.5,48.5,48.0,47.5,47.0,46.5,46.5,46.0,46.5,47.0,47.5,48.0,48.5,49.0,49.0,49.0,49.0,49.5,49.5,49.5,49.5,49.0,48.5,48.5,48.0,48.0,47.5,47.5,47.5,48.0,48.0,48.5,49.0,49.0,49.5,49.5,49.5,50.0,50.0,50.0,50.0,50.0,50.0,50.0,50.0,49.5,49.5,49.5,49.5,50.0,50.0,50.5,51.0,51.5,51.5,51.5,51.5,51.5,51.5,51.0,51.0,50.5,50.0,49.5,49.0,48.5,48.0,48.0,48.0,48.0,48.5,48.5,49.0,49.0,49.5,49.5,49.5,49.5,49.0,49.0,49.0,48.5,48.0,47.5,47.0,46.5,45.5,45.5,45.0,45.5,45.5,45.5,46.0,46.5,47.0,47.0,47.5,47.5,47.5,47.0,46.5,46.0,45.5,45.0,44.5,44.0,44.0,44.0,44.5,45.0,45.5,46.5,47.0,47.5,48.0,48.5,49.0,49.5,50.0,50.0,50.0,50.0,49.5,49.0,49.0,48.5,48.0,48.0,48.0,48.0,48.5,49.0,49.5,50.5,51.0,51.0,51.5,51.0,51.0,50.5,50.5,50.0,49.5,49.0,49.0,48.5,48.5,49.0,49.0,49.0,49.5,49.5,50.0,50.5,50.5,50.5,51.0,51.0,51.0,51.0,51.0,50.5,50.0,49.5,49.0,48.5,48.5,48.0,48.0,48.0,48.0,48.5,49.5,50.0,51.0,51.5,52.0,52.0,52.0,51.5,51.5,51.0,50.5,50.5,50.0,50.0,49.5,49.5,50.0,50.0,50.5,50.5,51.0,51.5,52.0,52.0,52.5,52.0,51.5,50.5,49.0,47.5,46.0,44.0,41.5,39.5,37.5,35.5,34.0,32.5,31.5,31.0,31.0,31.5,33.0,34.5,37.0,39.5,43.0,47.0,51.0,56.0,62.0,68.0,74.5,81.0,87.0,93.0,99.0,105.5,111.5,117.0,122.0,126.0,129.0,130.5,131.0,131.5,131.0,0.0,0.0
-9.0,-9.0,-9.5,-10.5,-11.5,-12.5,-13.5,-15.0,-15.5,-16.5,-17.0,-17.5,-18.0,-18.0,-18.0,-18.0,-17.5,-17.5,-17.0,-17.0,-17.0,-17.0,-17.0,-17.5,-17.5,-18.0,-18.5,-19.0,-19.5,-20.0,-20.5,-21.0,-21.0,-21.5,-21.0,-20.5,-20.0,-19.0,-18.5,-18.0,-17.5,-17.0,-16.5,-16.0,-16.0,-16.5,-16.5,-17.0,-17.5,-17.5,-18.0,-18.5,-18.5,-18.5,-18.5,-18.5,-18.5,-18.5,-18.0,-17.5,-17.0,-16.5,-16.0,-16.0,-16.0,-16.0,-16.5,-16.5,-17.0,-17.5,-17.5,-18.0,-18.5,-18.5,-18.5,-18.0,-17.5,-17.5,-17.0,-17.0,-17.0,-16.5,-16.5,-16.5,-16.5,-17.0,-17.5,-18.0,-18.5,-19.0,-19.0,-19.0,-19.5,-19.5,-20.0,-20.0,-20.0,-19.5,-19.0,-18.0,-17.5,-17.0,-17.0,-17.0,-17.5,-17.5,-18.0,-18.5,-19.0,-19.0,-19.0,-19.5,-19.5,-19.5,-19.5,-19.0,-18.5,-18.0,-17.5,-17.5,-17.0,-17.0,-17.0,-17.0,-17.5,-18.0,-18.0,-18.5,-19.0,-19.0,-19.0,-19.5,-19.5,-19.5,-19.5,-19.5,-19.5,-19.5,-19.0,-19.0,-18.5,-18.0,-18.0,-17.5,-18.0,-18.0,-18.5,-18.5,-19.0,-19.5,-20.0,-20.0,-20.0,-20.0,-20.0,-19.5,-19.0,-18.5,-18.0,-17.5,-17.0,-16.5,-16.5,-16.5,-17.0,-17.5,-18.0,-18.5,-18.5,-18.5,-18.5,-18.5,-18.5,-18.5,-18.5,-18.0,-17.5,-17.0,-17.0,-16.5,-16.5,-16.5,-16.0,-16.0,-16.0,-16.0,-16.0,-16.0,-16.5,-16.5,-17.0,-17.0,-17.0,-16.5,-16.5,-16.0,-15.5,-15.0,-14.5,-14.0,-14.0,-13.5,-13.5,-14.0,-14.0,-14.5,-15.0,-15.5,-16.0,-16.0,-16.5,-16.5,-17.0,-17.0,-17.5,-17.5,-17.0,-16.5,-16.0,-15.5,-15.0,-15.0,-15.0,-15.0,-15.5,-16.0,-16.5,-17.5,-18.0,-18.5,-18.5,-19.0,-18.5,-18.5,-18.0,-17.5,-17.0,-16.5,-16.0,-15.5,-15.0,-15.0,-14.5,-14.0,-14.0,-14.0,-14.0,-14.5,-15.0,-15.5,-16.0,-16.0,-16.5,-16.0,-16.0,-15.0,-14.5,-14.0,-13.5,-13.5,-13.5,-13.5,-13.5,-14.0,-14.0,-14.0,-14.5,-14.5,-15.0,-15.0,-15.5,-15.5,-15.5,-15.5,-15.0,-15.0,-14.5,-14.0,-13.5,-13.0,-13.0,-12.5,-12.0,-12.0,-12.0,-12.0,-12.0,-12.5,-12.5,-13.0,-13.0,-13.0,-13.5,-13.5,-13.0,-13.0,-12.5,-12.0,-12.0,-11.5,-11.0,-11.0,-11.0,-11.0,-11.0,-11.5,-11.5,-11.5,-12.0,-12.5,-13.0,-13.0,-13.5,-13.0,-13.0,-12.5,-12.5,-12.0,-12.0,-11.5,0.0,0.0
83.0,83.5,83.5,83.5,83.5,83.5,83.5,83.5,83.5,83.0,83.0,82.5,81.5,81.0,80.0,79.0,78.0,77.5,77.0,76.5,76.5,77.0,78.0,79.0,80.0,81.5,82.5,84.0,85.0,86.0,86.5,86.5,86.0,86.0,85.5,85.0,84.5,84.0,84.0,83.5,83.0,83.0,82.5,82.5,82.5,82.5,82.5,82.5,82.5,82.5,82.5,82.0,81.5,81.0,81.0,80.5,80.5,80.0,80.0,80.0,80.5,80.5,80.5,80.5,80.5,80.0,79.5,78.0,76.5,75.0,72.5,70.5,68.0,66.0,64.0,62.0,61.0,60.0,60.0,60.0,60.5,61.5,63.5,66.0,69.5,73.5,79.0,84.5,91.0,98.0,105.5,112.0,119.0,125.0,131.5,137.5,143.5,149.5,155.5,160.5,164.5,167.5,169.5,171.0,171.5,171.0,169.5,166.5,162.5,158.0,152.5,147.0,141.5,135.5,129.5,124.0,118.5,113.5,108.5,104.5,101.0,97.5,94.5,92.0,90.0,88.5,87.5,86.5,86.0,85.5,85.0,84.5,84.0,84.0,83.5,83.0,82.5,82.0,82.0,82.0,81.5,82.0,82.0,82.0,82.0,82.0,82.0,82.0,81.5,81.0,80.5,80.0,79.5,79.0,79.0,78.5,78.5,78.5,78.5,78.5,78.5,79.0,79.0,79.5,79.5,80.0,80.0,80.0,80.0,80.0,80.0,79.5,79.5,79.0,79.0,78.5,78.0,78.0,78.0,78.5,79.0,79.0,79.5,80.0,80.0,80.5,81.0,81.0,81.0,80.5,80.5,80.0,79.5,79.5,79.0,79.0,79.0,78.5,78.5,78.5,78.5,79.0,79.0,79.5,79.5,80.0,80.0,80.0,80.0,79.5,79.5,79.0,79.0,78.5,78.5,78.5,78.5,79.0,79.0,79.5,79.5,80.0,80.0,80.5,81.0,81.5,81.5,82.0,82.0,82.0,81.5,81.0,80.5,80.0,80.0,79.5,79.5,79.5,79.5,79.5,79.5,80.0,80.0,80.5,80.5,81.0,81.0,81.0,81.0,81.0,81.0,81.0,81.0,80.5,80.0,80.0,79.5,79.5,79.0,79.0,79.5,79.5,80.0,81.0,81.5,82.0,82.5,82.5,82.5,82.5,82.0,82.0,81.5,81.0,80.5,80.0,80.0,80.0,80.0,80.0,80.0,80.5,80.5,81.0,81.0,81.5,82.0,82.0,82.0,82.0,81.5,81.5,81.0,80.5,80.5,80.0,80.0,80.0,80.0,80.5,80.5,81.0,81.5,81.5,82.0,82.5,83.0,83.5,84.0,84.0,84.0,84.0,83.5,83.5,83.0,82.5,82.5,83.0,83.0,83.0,0.0,0.0
49.5,49.5,49.5,49.5,50.0,50.5,50.5,50.5,51.0,51.0,51.0,51.5,51.5,52.0,51.5,51.5,51.0,51.0,51.0,51.0,51.5,52.0,52.5,53.0,53.0,53.5,54.5,55.0,55.5,55.5,55.5,55.5,55.0,55.0,54.5,54.0,54.0,53.5,53.0,53.0,53.0,53.0,53.5,53.5,53.5,54.0,54.0,54.0,54.0,54.0,54.5,54.0,54.0,53.5,53.0,52.5,52.0,51.0,50.5,49.5,48.5,47.0,45.0,43.0,41.5,39.5,38.0,36.5,35.0,34.0,33.0,32.0,31.0,30.5,30.5,31.5,33.0,36.0,39.5,43.5,49.0,55.0,62.0,69.5,77.5,85.0,92.0,98.5,105.0,111.0,116.5,121.5,125.5,129.0,131.5,132.5,133.5,134.0,133.5,132.5,130.0,127.0,123.0,118.5,114.0,109.0,104.0,99.0,94.0,89.0,84.0,79.5,74.5,70.5,66.5,63.0,59.5,57.0,55.0,54.0,53.0,53.0,52.5,53.0,53.0,53.0,52.5,52.5,52.5,52.5,52.0,52.0,51.5,51.0,50.5,49.5,49.0,48.5,47.5,47.5,47.0,47.0,47.0,47.5,47.5,48.0,48.0,48.5,48.5,48.5,49.0,49.0,49.0,48.5,48.5,48.5,48.0,48.0,47.5,47.5,47.0,47.5,47.5,48.0,48.0,48.5,49.0,49.0,49.5,49.5,49.5,49.5,49.0,48.5,48.5,48.0,47.5,47.5,47.0,47.0,47.0,47.0,47.5,47.5,48.0,48.0,48.5,49.0,49.5,50.0,50.0,50.5,50.5,50.5,50.5,50.0,49.5,49.5,49.0,48.5,48.0,48.0,48.5,48.5,49.0,49.0,49.5,49.5,50.0,50.0,50.5,50.5,50.0,50.0,50.0,49.5,49.5,49.5,49.5,49.5,49.0,49.0,49.0,49.5,50.0,50.5,51.0,51.5,52.0,52.5,52.5,52.0,52.0,51.0,50.5,50.0,49.5,49.0,48.5,48.5,48.0,48.0,48.0,48.0,48.5,49.0,49.0,49.5,49.5,49.5,49.5,49.5,49.0,49.0,49.0,49.0,49.0,49.0,49.0,49.0,49.0,49.0,49.0,49.0,49.0,49.0,49.5,50.0,50.0,50.5,51.0,51.5,51.5,51.0,50.5,50.0,49.5,49.0,48.5,48.5,48.5,48.5,48.5,49.0,49.5,50.0,50.0,50.5,51.0,51.0,51.5,51.5,51.0,51.0,50.5,49.5,49.0,49.0,48.5,48.5,48.5,49.0,49.5,50.0,51.0,51.5,52.0,52.5,53.0,53.0,53.0,53.0,52.5,52.0,52.0,51.5,51.0,51.0,51.0,51.0,0.0,0.0
70.5,71.0,71.0,71.5,71.5,72.0,72.0,71.5,71.5,71.0,70.5,70.0,69.5,69.0,68.5,68.5,68.0,68.5,68.5,69.0,69.5,69.5,70.0,70.5,70.5,70.5,70.5,70.5,70.5,70.5,70.0,70.0,69.5,69.0,69.0,68.5,68.5,68.0,68.0,68.5,68.5,69.0,69.5,70.0,70.0,70.5,70.5,70.5,70.0,70.0,69.5,69.5,69.0,68.5,68.5,68.0,68.0,68.0,68.0,68.0,68.5,68.5,69.0,69.0,69.5,69.5,69.5,69.5,69.5,69.5,69.5,69.0,69.0,68.5,68.5,68.5,68.5,68.5,68.5,69.0,69.0,69.5,69.5,70.0,70.0,70.5,70.5,70.0,70.0,69.5,69.0,68.5,68.5,68.0,68.0,68.0,68.0,68.5,69.0,69.5,70.0,70.5,71.0,71.5,71.5,71.5,71.5,71.0,70.5,70.0,70.0,69.5,69.5,69.0,69.0,69.0,68.5,69.0,69.0,69.5,70.0,70.0,70.5,71.0,71.0,71.5,71.5,71.5,71.0,70.5,70.0,69.5,69.0,68.5,68.5,68.0,68.0,68.0,68.5,68.5,68.5,69.0,69.0,69.0,69.0,69.0,69.0,69.0,69.0,68.5,68.0,67.5,67.0,66.5,66.5,66.5,66.5,66.5,66.5,67.0,67.5,68.0,68.5,68.5,69.0,69.0,69.5,69.5,69.0,69.0,68.5,68.5,68.0,67.5,67.5,67.5,67.5,67.5,67.5,68.0,68.0,68.5,68.5,69.0,69.0,69.5,69.5,69.0,69.0,69.0,68.5,68.0,67.5,67.5,67.0,66.5,66.5,66.5,67.0,67.0,67.5,68.0,68.0,68.5,68.5,68.5,68.5,68.5,68.5,68.0,68.0,68.0,67.5,67.5,67.0,67.0,67.0,67.0,67.5,68.0,68.5,69.0,69.5,70.0,70.0,70.0,69.5,69.5,69.5,69.0,69.0,69.0,68.5,68.0,67.5,67.0,67.0,67.0,67.5,68.0,68.5,69.0,69.0,69.5,69.5,70.0,70.0,70.0,69.5,69.0,68.5,68.0,67.5,67.5,67.5,67.5,67.5,67.5,67.5,68.0,68.5,69.0,69.5,70.0,70.5,70.5,70.0,70.0,69.5,69.5,69.0,69.0,68.5,68.0,68.0,67.5,67.5,67.5,67.5,67.5,68.0,68.5,68.5,69.0,69.0,69.5,69.5,69.5,70.0,70.0,69.5,69.5,69.0,69.0,68.5,68.5,68.5,68.5,68.5,69.0,69.0,69.0,69.0,68.5,68.0,67.5,67.0,66.5,66.0,66.0,66.5,67.0,67.5,68.5,69.0,70.0,71.0,71.5,72.0,72.0,0.0,0.0
72.0,72.0,71.5,71.0,70.5,70.0,69.5,68.5,68.0,67.5,67.0,66.5,66.0,66.0,65.5,65.5,65.5,66.0,66.0,66.0,66.0,66.0,66.0,65.5,65.5,65.5,65.0,65.0,64.5,64.5,64.0,64.0,64.0,64.0,64.5,65.0,65.5,66.0,66.0,66.5,66.5,66.5,66.5,66.5,66.5,66.0,65.5,65.0,64.5,64.0,64.0,64.0,64.5,65.0,65.5,65.5,66.0,66.0,66.0,66.0,66.0,66.0,66.0,65.5,65.0,65.0,64.5,64.0,64.0,64.0,64.0,64.0,64.0,64.0,64.0,64.0,63.5,62.5,61.5,60.0,58.0,56.0,54.0,51.5,49.5,48.0,46.5,45.5,45.0,45.0,45.0,46.0,47.5,49.5,53.0,57.0,62.5,68.0,74.5,81.5,88.5,95.5,102.0,108.0,114.0,120.0,125.5,131.0,135.5,139.0,141.5,143.0,143.5,143.5,143.5,142.5,141.0,139.0,136.0,132.5,128.5,124.0,119.0,114.0,108.5,103.0,97.5,92.5,88.0,83.5,79.5,76.0,73.5,71.0,69.5,68.0,67.5,67.5,67.0,67.0,67.0,67.0,67.0,66.5,66.0,65.5,65.0,64.5,64.5,64.0,63.5,63.0,63.0,63.0,63.0,63.0,63.5,63.5,64.0,64.0,64.5,64.5,65.0,64.5,64.5,64.0,63.5,63.0,62.5,62.0,61.5,61.5,61.5,61.5,62.0,62.5,63.0,63.0,63.5,64.0,64.0,64.0,64.0,64.0,63.5,63.0,62.5,61.5,61.0,60.5,60.5,60.5,61.0,61.5,61.5,62.0,62.5,63.0,63.0,63.5,64.0,64.0,64.0,63.5,63.0,63.0,62.5,62.5,62.5,62.5,62.5,62.5,63.0,63.0,63.5,63.5,64.0,64.0,64.0,64.0,64.5,64.5,64.5,64.0,64.0,63.5,63.0,62.5,62.5,62.0,62.0,62.0,62.0,62.5,62.5,62.5,63.0,63.0,63.5,63.5,64.0,64.0,64.0,64.5,64.0,64.0,64.0,63.5,63.5,63.0,63.0,63.0,63.0,63.0,63.0,63.5,64.0,64.5,64.5,65.0,65.0,65.0,65.0,64.5,64.5,64.0,63.5,63.5,63.0,63.0,63.0,63.0,63.5,63.5,63.5,64.0,65.0,65.5,66.0,66.5,67.0,67.0,67.0,67.0,66.5,66.0,65.5,65.0,64.5,64.5,64.0,64.0,64.0,64.0,64.5,65.0,65.0,65.5,66.0,66.0,66.5,67.0,67.0,67.0,66.5,66.5,66.0,66.0,66.0,66.0,66.0,66.0,66.5,66.5,67.0,67.0,67.5,68.0,68.5,69.0,0.0,0.0
6.5,6.5,6.0,6.0,6.5,6.5,7.0,7.0,7.0,7.0,7.0,7.0,6.5,6.5,6.5,6.0,6.0,5.5,5.0,4.5,4.5,4.5,4.5,4.5,4.5,4.5,5.0,5.0,5.5,6.0,6.0,6.0,5.5,5.0,5.0,4.5,4.0,4.0,4.0,3.5,3.5,3.0,3.0,3.0,3.0,3.5,3.5,4.0,4.0,4.5,5.0,5.5,5.5,6.0,6.0,5.5,5.0,5.0,4.5,4.5,5.0,5.0,5.5,5.5,6.0,6.5,7.0,7.0,7.0,7.0,6.5,6.0,6.0,5.5,5.5,5.0,4.5,3.5,3.5,3.0,3.0,3.0,3.5,3.5,4.5,5.0,5.5,6.0,6.0,6.0,6.5,6.5,6.5,6.5,6.5,7.0,7.0,7.0,7.0,7.0,7.0,6.5,7.0,7.0,7.5,7.5,8.0,8.5,9.0,9.5,9.5,10.0,10.0,10.0,10.0,9.5,9.0,8.5,8.0,7.5,7.5,7.5,7.5,8.0,8.0,8.5,8.5,8.5,8.5,8.5,8.5,8.5,8.5,8.0,8.0,7.5,7.5,7.5,7.0,7.0,7.0,7.0,7.5,7.5,8.5,9.0,9.5,10.0,10.5,10.5,11.0,11.0,11.0,11.0,11.0,10.5,10.5,10.0,10.0,9.5,9.5,9.5,9.5,10.0,10.5,10.5,11.0,11.5,11.5,11.5,12.0,12.0,12.0,12.0,12.0,11.5,11.5,11.5,11.5,11.5,11.5,11.5,12.0,12.0,12.5,13.0,13.0,13.5,14.0,14.5,14.5,15.0,14.5,14.5,14.0,13.5,13.5,13.0,13.0,13.0,13.0,13.0,13.0,13.0,13.0,13.0,13.0,13.0,13.5,13.5,14.0,14.0,14.0,14.0,14.0,13.5,13.5,13.0,12.5,12.5,12.0,12.0,12.0,12.5,12.5,13.0,13.0,13.5,14.0,14.0,14.0,14.5,14.0,14.0,14.0,13.5,13.5,13.5,13.0,13.0,13.0,13.0,13.5,13.5,14.0,14.0,14.5,14.5,14.5,14.5,15.0,15.0,15.0,15.0,15.0,14.5,14.0,13.5,13.5,13.0,13.0,13.5,13.5,13.5,14.0,14.0,14.5,14.5,15.0,15.0,15.0,15.0,15.0,15.0,14.5,14.5,14.0,13.5,13.5,13.0,13.0,13.0,13.5,13.5,14.5,15.0,16.0,16.5,17.0,17.5,17.5,17.5,18.0,17.5,17.5,17.0,16.5,16.5,16.5,16.5,16.5,16.5,17.0,17.0,17.5,17.5,17.5,18.0,18.0,18.0,18.0,18.0,18.0,18.0,18.0,17.5,17.5,17.0,17.0,17.5,0.0,0.0
79.5,79.5,80.0,80.0,80.5,80.0,79.5,79.0,77.5,76.0,74.0,72.0,69.5,67.5,65.5,63.5,62.0,61.0,60.0,60.0,61.0,62.5,64.5,68.0,72.0,76.5,81.5,87.5,94.0,101.0,108.0,115.0,121.0,127.0,132.0,137.0,142.0,146.5,150.0,153.0,155.0,156.5,157.5,158.0,158.5,157.5,156.0,153.5,150.5,146.5,142.5,137.5,133.0,128.0,123.0,118.0,113.0,108.5,104.5,100.5,97.0,93.5,91.0,88.5,87.0,86.0,85.0,84.5,84.5,84.5,84.0,84.0,83.5,83.0,82.5,81.5,81.0,80.5,80.0,79.5,79.5,79.5,79.5,79.5,80.0,80.5,80.5,81.0,81.0,81.0,81.0,81.0,80.5,80.0,79.5,79.0,79.0,79.0,79.0,79.0,79.5,79.5,79.5,79.5,80.0,80.0,80.0,80.0,80.5,80.5,80.5,81.0,81.0,81.0,80.5,80.0,79.5,79.0,78.5,78.0,77.5,77.5,77.5,77.0,77.0,77.0,77.0,77.5,77.5,77.5,77.5,77.5,77.5,77.5,77.0,77.0,77.0,76.5,76.5,77.0,77.0,77.0,77.0,77.0,77.0,77.0,77.0,77.0,77.0,77.0,77.0,77.0,76.5,76.5,76.0,76.0,75.5,75.0,74.5,74.0,74.0,74.0,74.0,74.0,74.5,74.5,75.0,75.0,75.0,75.0,75.0,74.5,74.5,74.0,74.0,73.5,73.0,72.5,72.5,72.0,71.5,71.5,71.5,71.5,72.0,72.0,72.5,72.5,72.5,72.5,72.5,72.5,72.5,72.5,72.0,72.0,71.5,71.5,71.0,70.5,70.5,70.0,70.0,70.5,71.0,71.5,71.5,72.0,72.5,72.5,72.5,72.5,72.5,72.0,72.0,71.5,71.5,71.5,72.0,72.0,72.5,73.0,73.5,74.0,74.0,74.5,74.5,74.5,74.5,74.5,74.5,74.5,74.0,74.0,73.5,73.0,72.5,72.5,72.5,72.5,72.5,72.0,72.0,72.0,72.5,72.5,72.5,72.5,73.0,73.5,73.5,74.0,74.5,74.0,74.0,73.5,73.0,72.5,72.0,72.0,72.0,72.0,72.5,73.0,73.5,74.5,75.0,75.5,75.5,76.0,76.0,76.0,76.0,75.5,75.0,74.0,73.0,72.0,70.5,69.5,68.5,67.5,67.5,67.5,68.0,69.0,70.0,71.5,72.5,74.0,75.0,76.0,76.5,76.5,76.5,76.5,76.0,75.5,75.0,74.5,74.5,74.0,73.5,73.5,73.0,73.0,73.0,73.0,73.0,73.0,73.0,72.5,72.0,72.0,71.5,71.5,71.0,71.0,71.0,71.0,0.0,0.0
36.5,37.0,37.5,38.0,38.0,38.5,38.5,39.0,39.0,38.5,38.5,38.0,37.5,37.0,36.5,36.0,35.5,35.5,35.5,35.5,36.0,36.0,36.5,36.5,37.0,37.0,37.0,37.5,37.5,37.5,37.5,37.5,37.5,37.0,37.0,37.0,36.5,36.5,37.0,37.5,38.0,38.5,39.5,40.0,40.5,40.5,41.0,41.0,41.0,41.5,41.5,41.0,40.5,40.0,40.0,39.5,39.0,39.0,39.0,38.5,39.0,39.0,39.5,39.5,40.0,40.0,40.0,40.0,39.5,39.0,39.0,38.5,38.0,38.0,37.5,37.5,38.0,38.0,38.0,38.0,38.5,38.5,39.0,39.5,40.5,41.0,41.0,41.5,41.5,41.0,41.0,40.5,40.0,39.5,39.5,39.0,39.0,39.0,39.0,39.0,39.0,39.0,39.5,40.0,40.0,40.5,41.0,41.5,42.0,42.5,43.0,43.0,43.0,42.5,42.5,42.5,42.0,42.0,42.0,42.0,42.0,42.5,42.5,43.0,43.0,43.0,43.0,43.5,43.5,44.0,44.0,43.5,43.5,43.5,43.0,43.0,42.5,42.5,42.5,42.5,42.5,43.0,43.0,43.5,44.0,44.0,44.5,44.5,44.5,44.0,43.5,43.0,42.5,42.0,42.0,41.5,41.5,41.0,41.0,41.0,41.0,41.5,41.5,42.0,42.0,42.5,43.0,43.5,43.5,44.0,44.0,44.0,44.0,43.5,43.5,43.5,43.5,43.5,44.0,44.0,44.5,45.0,45.5,46.0,46.5,46.5,46.5,46.5,46.5,46.5,46.5,46.0,45.5,45.5,45.0,44.5,44.0,44.0,43.5,43.5,43.5,44.0,44.0,44.5,45.0,45.5,45.5,46.0,46.0,46.0,46.0,46.0,46.0,46.0,46.0,46.0,46.0,45.5,45.5,46.0,46.5,46.5,47.0,47.5,48.0,48.0,48.5,48.5,48.5,48.5,48.0,48.0,47.5,47.0,47.0,46.5,46.5,46.5,46.5,46.5,47.0,47.0,47.5,48.0,48.5,49.0,49.5,49.5,50.0,49.5,49.5,49.5,49.5,49.5,49.5,49.5,49.5,49.5,49.5,49.5,49.5,50.0,50.0,50.5,51.0,51.5,51.5,52.0,52.0,51.5,51.5,51.5,51.0,50.5,49.5,49.0,48.5,48.5,48.5,48.5,48.5,49.0,49.5,50.0,50.5,50.5,50.5,50.0,50.0,50.0,50.0,49.5,49.5,49.5,49.5,49.5,49.5,49.5,49.5,50.0,50.0,50.0,50.0,50.0,50.0,50.0,49.5,49.0,48.5,48.0,47.0,46.0,45.0,44.0,43.5,44.0,44.5,45.0,46.0,47.0,0.0,0.0
-5.0,-4.5,-4.0,-3.5,-3.0,-2.5,-2.0,-1.5,-1.5,-1.5,-1.5,-2.0,-2.5,-2.5,-3.0,-4.0,-4.0,-4.5,-4.5,-5.0,-4.5,-4.5,-4.5,-4.0,-4.0,-4.0,-4.0,-4.0,-4.0,-4.0,-4.0,-3.5,-3.5,-3.5,-4.0,-4.5,-5.0,-5.5,-6.0,-6.0,-6.5,-6.5,-6.5,-6.5,-6.5,-7.0,-7.0,-8.0,-9.0,-10.0,-12.0,-13.5,-16.0,-18.0,-20.0,-21.5,-23.0,-24.5,-25.5,-26.0,-26.0,-25.0,-23.5,-20.5,-17.0,-12.5,-7.5,-1.5,5.5,12.5,20.0,27.0,33.5,39.5,45.0,50.5,55.5,60.5,65.0,69.0,71.5,73.0,74.0,74.5,74.5,74.5,73.5,72.0,69.0,66.0,62.0,57.5,52.5,47.5,42.0,37.0,31.5,26.5,22.0,18.0,14.0,10.5,7.5,4.5,2.5,1.0,0.5,0.0,0.0,-0.5,-0.5,-1.0,-1.5,-2.0,-2.5,-2.5,-3.0,-3.5,-3.5,-4.0,-4.5,-4.0,-4.0,-3.5,-3.0,-2.5,-2.5,-2.0,-2.0,-2.5,-3.0,-3.0,-3.5,-4.0,-4.5,-5.0,-5.5,-5.5,-5.5,-5.5,-5.5,-5.5,-5.5,-5.5,-5.0,-5.0,-5.0,-4.5,-4.5,-5.0,-5.0,-5.0,-5.5,-5.5,-6.0,-6.5,-7.0,-7.0,-7.0,-7.0,-7.0,-7.0,-6.5,-6.0,-5.5,-4.5,-3.5,-3.0,-2.5,-2.0,-2.0,-2.0,-2.0,-2.5,-2.5,-3.0,-3.0,-3.5,-4.0,-4.0,-4.5,-5.0,-5.0,-5.0,-5.0,-4.5,-4.0,-4.0,-4.0,-4.0,-3.5,-3.5,-4.0,-4.0,-4.5,-5.0,-5.0,-5.5,-6.0,-6.0,-6.0,-6.0,-6.0,-5.5,-5.0,-5.0,-4.5,-4.0,-4.0,-4.0,-4.0,-4.0,-4.0,-4.0,-4.0,-4.5,-5.0,-5.5,-6.0,-6.5,-6.5,-6.5,-6.5,-6.5,-6.0,-6.0,-6.0,-5.5,-5.5,-6.0,-6.0,-6.0,-6.0,-6.0,-6.5,-6.5,-6.5,-6.5,-6.5,-6.5,-6.5,-6.0,-6.0,-5.5,-5.5,-5.5,-5.0,-5.0,-5.0,-5.0,-4.5,-4.5,-4.0,-4.5,-4.5,-5.0,-5.5,-5.5,-5.5,-5.5,-5.5,-5.0,-5.0,-4.5,-4.0,-3.5,-3.5,-3.0,-3.0,-2.5,-3.0,-3.5,-4.5,-5.5,-6.5,-7.5,-9.0,-10.0,-11.0,-11.5,-12.0,-11.5,-11.0,-10.0,-8.5,-7.0,-5.5,-4.5,-3.0,-2.0,-1.0,-0.5,0.0,0.0,0.0,0.0,-0.5,-1.0,-1.5,-2.0,-2.5,-3.0,-3.5,-4.0,-4.0,-4.0,-3.5,-3.5,-3.5,-3.5,-3.5,-3.5,-4.0,-4.5,-5.0,-5.5,-6.0,-6.0,-6.5,-6.0,0.0,0.0
65.5,66.0,66.5,67.0,67.0,67.5,67.0,67.0,66.5,66.0,66.0,65.5,64.5,64.0,63.0,61.5,60.0,58.5,57.0,55.0,53.5,52.0,50.5,49.5,48.5,48.5,48.5,49.0,50.0,51.5,53.5,56.0,59.5,63.5,68.5,74.5,81.0,88.5,95.5,103.0,110.0,116.5,123.0,129.5,136.0,142.0,146.5,150.0,152.5,153.5,154.0,153.5,152.5,151.0,148.0,145.0,141.0,136.5,132.0,127.5,123.0,118.0,113.0,108.0,103.5,99.0,95.0,91.0,87.5,84.0,81.5,79.0,77.0,75.0,73.5,73.0,72.5,72.0,72.0,72.0,72.0,72.5,72.5,72.5,72.5,72.5,72.5,72.0,71.5,71.0,70.5,70.5,70.0,70.0,70.0,69.5,69.5,69.0,69.0,69.0,69.5,69.5,70.0,71.0,71.0,71.5,71.5,71.0,70.5,70.0,69.5,69.0,68.5,68.0,68.0,67.5,67.5,67.5,67.5,67.5,68.0,68.5,69.0,69.5,69.5,69.5,69.5,69.0,69.0,68.5,68.0,67.5,67.0,66.5,66.5,66.5,66.5,66.0,66.0,66.0,66.0,66.0,66.0,66.0,66.5,66.5,66.5,66.5,66.5,66.5,66.0,66.0,65.5,65.5,65.0,65.0,65.0,65.0,65.0,65.0,65.5,65.5,65.5,65.5,66.0,66.0,66.0,66.0,66.0,65.5,65.0,65.0,65.0,64.5,64.5,64.5,64.0,64.0,64.5,64.5,65.0,65.5,65.5,66.0,66.5,67.0,67.0,67.5,67.0,66.5,66.5,66.0,65.5,65.0,64.5,64.5,64.5,65.0,65.0,65.5,66.0,66.0,66.5,67.0,67.5,67.5,67.5,67.5,67.5,67.0,67.0,66.5,66.0,66.0,66.0,66.0,66.0,66.5,66.5,66.5,67.0,67.0,67.5,67.5,68.0,68.0,68.0,68.0,68.0,68.0,67.5,67.5,67.0,66.5,66.0,65.5,65.5,65.5,65.5,66.0,66.5,67.0,67.5,68.0,68.0,68.5,68.5,68.5,68.5,68.5,68.5,68.0,67.5,67.0,66.5,66.0,65.5,65.5,65.0,65.0,64.5,64.5,64.0,64.5,64.5,65.5,66.5,67.5,69.0,70.0,71.0,71.5,72.5,73.0,73.0,73.0,73.0,73.0,73.5,73.5,73.5,73.0,73.0,72.5,72.5,72.0,71.5,71.0,70.5,70.0,70.0,69.5,69.5,69.0,69.0,68.5,68.5,68.5,68.5,68.5,69.0,69.0,69.0,69.5,70.0,70.0,70.0,70.0,70.0,69.5,69.5,69.0,68.5,68.5,68.0,68.0,68.0,68.0,68.0,68.0,0.0,0.0
36.0,35.5,35.5,35.0,34.5,34.5,34.0,33.5,33.0,32.5,32.0,31.5,31.5,31.5,31.5,31.5,32.0,32.0,32.5,33.0,33.5,34.5,35.5,36.5,37.5,38.5,39.0,39.0,39.0,38.5,38.5,38.0,37.5,37.0,36.5,36.0,36.0,36.0,36.5,36.5,36.5,36.5,36.5,36.5,37.0,37.0,36.5,36.5,36.0,36.0,35.5,35.0,35.0,34.5,34.5,34.5,35.0,35.5,36.0,36.0,36.5,36.5,36.5,36.5,37.0,37.0,37.0,37.5,37.5,37.5,37.5,37.5,37.5,37.0,37.0,37.0,37.0,37.0,37.5,37.5,38.0,38.5,38.5,38.5,38.5,38.5,38.5,38.0,38.0,37.5,37.0,36.5,36.5,36.5,36.5,37.0,37.0,36.5,36.5,35.5,35.0,33.5,32.0,30.5,28.5,26.5,24.5,22.5,21.0,19.5,18.0,16.5,15.5,15.0,15.5,16.5,19.0,22.5,27.0,32.5,38.5,45.5,52.5,60.0,67.5,74.5,81.0,86.5,92.0,97.5,102.5,107.5,112.0,116.0,119.0,121.0,122.5,123.5,124.0,123.0,121.0,118.0,114.0,109.0,104.0,99.0,93.5,88.0,82.5,77.0,72.0,67.0,62.5,58.5,55.0,52.0,49.0,46.5,45.0,43.5,42.5,42.0,41.5,41.5,41.5,41.5,41.0,41.0,40.5,40.0,40.0,40.0,39.5,39.5,39.5,39.0,39.0,39.0,39.5,39.5,39.5,39.5,39.5,39.0,39.0,38.5,38.5,38.0,38.0,37.5,37.5,37.5,37.0,37.0,37.5,37.5,38.0,38.5,39.0,39.0,39.5,40.0,40.0,40.0,40.5,40.5,40.5,40.0,40.0,39.5,39.5,39.0,38.5,38.5,38.0,38.0,38.5,39.0,39.5,40.0,40.5,41.0,41.0,41.0,41.0,41.0,41.0,41.0,40.5,40.0,40.0,39.5,39.5,39.5,39.5,40.0,40.5,41.5,42.0,42.0,42.5,43.0,43.0,43.5,43.5,43.0,43.0,42.5,42.5,42.0,42.0,41.5,41.5,41.5,41.5,41.5,41.5,42.0,42.0,42.5,43.0,43.5,43.5,43.5,43.0,43.0,42.5,42.5,42.0,42.0,41.5,41.5,41.5,41.5,42.0,42.0,42.5,43.0,43.0,43.5,43.5,44.0,44.0,44.5,44.5,44.5,44.5,44.5,44.0,44.0,43.5,43.0,43.0,42.5,42.5,43.0,43.5,43.5,44.0,44.5,45.0,45.5,46.0,46.0,46.0,46.0,45.5,45.0,44.0,43.5,43.5,43.0,43.0,43.0,42.5,42.5,42.5,43.0,43.5,44.0,0.0,0.0
46.0,46.0,46.0,46.0,45.5,45.0,44.5,44.0,44.0,43.5,43.5,43.5,43.5,44.0,44.5,45.0,45.5,45.5,46.0,46.5,46.5,47.0,47.0,46.5,46.5,46.0,46.0,46.0,45.5,45.5,45.0,45.0,45.0,45.0,45.0,45.0,45.5,45.5,46.0,46.5,46.5,46.5,46.5,46.5,46.0,46.0,46.0,45.5,45.5,45.5,45.5,45.5,46.0,46.5,47.0,47.0,47.5,47.5,47.5,48.0,48.0,48.0,47.5,47.5,47.0,46.5,46.5,46.5,46.5,46.5,46.5,46.0,46.0,46.0,46.5,46.5,47.0,47.0,47.0,47.5,47.5,47.5,47.5,47.5,47.0,46.5,46.0,45.5,45.5,45.5,45.5,46.0,46.5,47.0,47.0,47.5,47.5,48.0,48.5,48.5,48.5,49.0,48.5,48.5,48.5,48.0,47.5,47.0,46.5,46.5,46.0,46.5,47.0,47.5,48.0,48.5,49.0,49.0,49.0,49.0,49.5,49.5,49.5,49.5,49.0,48.5,48.5,48.0,48.0,47.5,47.5,47.5,48.0,48.0,48.5,49.0,49.0,49.5,49.5,49.5,50.0,50.0,50.0,50.0,50.0,50.0,50.0,50.0,49.5,49.5,49.5,49.5,50.0,50.0,50.5,51.0,51.5,51.5,51.5,51.5,51.5,51.5,51.0,51.0,50.5,50.0,49.5,49.0,48.5,48.0,48.0,48.0,48.0,48.5,48.5,49.0,49.0,49.5,49.5,49.5,49.5,49.0,49.0,49.0,48.5,48.0,47.5,47.0,46.5,45.5,45.5,45.0,45.5,45.5,45.5,46.0,46.5,47.0,47.0,47.5,47.5,47.5,47.0,46.5,46.0,45.5,45.0,44.5,44.0,44.0,44.0,44.5,45.0,45.5,46.5,47.0,47.5,48.0,48.5,49.0,49.5,50.0,50.0,50.0,50.0,49.5,49.0,49.0,48.5,48.0,48.0,48.0,48.0,48.5,49.0,49.5,50.5,51.0,51.0,51.5,51.0,51.0,50.5,50.5,50.0,49.5,49.0,49.0,48.5,48.5,49.0,49.0,49.0,49.5,49.5,50.0,50.5,50.5,50.5,51.0,51.0,51.0,51.0,51.0,50.5,50.0,49.5,49.0,48.5,48.5,48.0,48.0,48.0,48.0,48.5,49.5,50.0,51.0,51.5,52.0,52.0,52.0,51.5,51.5,51.0,50.5,50.5,50.0,50.0,49.5,49.5,50.0,50.0,50.5,50.5,51.0,51.5,52.0,52.0,52.5,52.0,51.5,50.5,49.0,47.5,46.0,44.0,41.5,39.5,37.5,35.5,34.0,32.5,31.5,31.0,31.0,31.5,33.0,34.5,37.0,0.0,0.0
59.0,59.0,58.5,58.0,58.0,57.5,57.0,56.5,56.0,56.0,55.5,55.5,55.5,55.0,55.0,54.5,54.5,54.0,54.0,54.0,53.5,53.5,53.5,53.0,53.0,52.5,52.5,52.5,52.5,52.5,52.5,53.0,53.5,54.0,54.5,55.0,55.5,56.0,56.5,57.0,57.5,57.5,57.5,57.0,56.5,56.0,55.0,54.0,53.5,52.5,52.0,52.0,52.0,53.0,54.5,55.5,57.0,58.0,58.5,59.0,59.5,59.5,59.0,59.0,58.5,58.5,58.5,58.5,58.5,58.5,58.0,58.0,57.5,57.5,57.5,58.0,58.0,58.5,58.5,58.5,58.5,57.5,57.0,56.5,55.5,55.0,55.0,54.5,54.5,54.5,55.0,55.0,55.0,55.5,55.5,56.0,56.5,56.5,56.0,56.0,55.0,54.5,54.0,53.5,53.0,52.5,52.0,52.0,52.0,52.0,52.5,53.5,54.0,54.5,54.5,54.5,54.0,53.5,52.5,50.5,48.5,46.0,43.0,40.0,37.5,35.0,33.5,32.0,31.5,31.0,31.5,32.5,34.5,37.5,41.5,46.5,52.0,58.0,65.0,72.0,79.0,86.0,92.5,98.5,103.5,108.5,113.0,117.0,120.5,123.5,126.0,127.5,129.0,130.0,130.0,130.0,129.0,127.0,124.5,121.5,117.5,113.0,108.0,103.0,97.5,92.0,87.0,82.0,77.5,73.5,70.0,67.0,64.5,62.5,61.5,60.5,59.5,59.0,58.5,58.0,58.0,57.5,57.5,57.0,56.5,56.0,55.5,55.5,55.0,55.0,55.0,55.5,56.0,56.5,57.0,57.0,57.5,57.5,57.0,57.0,56.5,56.0,55.5,55.0,54.5,54.0,53.5,53.0,52.5,52.5,52.5,53.0,53.0,53.5,54.0,54.0,54.5,54.5,54.5,54.0,54.0,53.5,53.0,52.5,52.5,52.5,52.0,52.0,52.0,52.5,52.5,52.5,53.0,53.0,53.5,54.0,54.5,55.0,55.5,56.0,56.0,56.0,55.5,55.0,54.0,53.5,52.5,52.0,51.5,51.0,51.0,51.5,52.0,52.5,53.0,53.5,53.5,54.0,54.0,54.5,54.0,54.0,53.5,53.5,53.0,53.0,52.5,52.5,52.0,52.0,52.0,52.5,52.5,53.0,53.5,54.0,54.0,54.0,54.0,54.0,53.5,53.5,53.0,53.0,52.5,52.0,52.0,51.5,51.5,51.0,51.0,51.0,51.5,51.5,52.0,52.5,52.5,53.0,53.5,53.5,54.0,54.0,53.5,53.5,53.0,53.0,53.0,53.0,53.0,53.0,53.5,53.5,53.5,54.0,54.5,54.5,55.0,55.0,55.0,55.0,0.0,0.0
48.5,48.5,48.5,48.0,48.0,48.0,48.0,48.0,48.0,48.5,48.5,49.0,50.0,50.5,51.0,51.5,52.0,52.0,52.0,52.0,52.0,52.0,51.5,52.0,51.5,51.5,51.5,51.5,51.5,51.5,51.5,51.5,52.0,52.0,52.5,52.5,53.0,53.0,53.0,53.0,52.5,52.0,52.0,51.5,51.0,50.5,50.0,49.5,49.5,49.5,49.5,50.0,50.0,50.5,50.5,50.5,50.5,51.0,50.5,50.5,50.0,50.0,49.5,49.0,48.5,48.0,48.0,47.5,48.0,48.0,48.0,48.5,48.5,49.0,49.0,49.5,49.5,50.0,50.0,50.0,49.5,49.5,49.0,48.5,48.5,48.0,48.0,48.0,48.0,48.0,48.5,49.0,49.5,50.0,50.5,50.5,51.0,51.0,51.0,51.0,50.5,50.5,50.0,50.0,49.5,49.5,49.5,49.5,49.5,49.5,49.5,50.0,50.0,50.0,50.5,50.5,51.0,51.0,51.0,51.0,51.0,50.5,50.0,50.0,49.5,49.5,49.5,49.5,50.0,50.0,50.5,50.5,51.0,51.0,51.5,51.5,52.0,52.0,52.0,52.0,52.0,52.0,52.0,52.0,52.0,51.5,51.5,51.5,51.5,51.5,51.5,52.0,52.0,52.5,52.5,53.0,53.5,53.5,54.0,53.5,53.5,53.0,52.0,51.5,51.0,51.0,50.5,50.5,50.5,51.0,51.0,51.5,52.0,52.5,53.0,53.0,53.0,53.0,53.0,52.5,52.5,52.0,52.0,52.0,51.5,51.5,51.0,51.0,51.0,51.0,51.0,51.5,52.0,52.5,53.0,54.0,54.5,54.5,55.0,54.5,54.5,54.0,53.5,53.5,53.5,53.5,53.5,53.5,53.0,53.0,53.5,54.0,54.5,55.0,55.5,55.5,56.0,56.0,56.0,56.0,56.0,55.5,55.5,55.0,55.0,55.0,54.5,54.5,54.5,55.0,55.0,55.0,55.0,55.0,55.0,55.0,55.0,55.5,55.5,55.0,55.0,54.5,54.0,54.0,53.5,53.5,53.0,53.0,53.0,53.0,53.0,53.5,54.0,54.0,54.5,54.0,54.0,53.0,52.5,52.0,51.0,50.0,49.5,48.5,48.5,48.5,49.0,50.0,51.0,52.5,54.0,55.5,57.0,57.5,58.5,58.5,59.0,58.5,58.5,58.0,57.5,56.5,55.5,55.0,54.5,54.0,53.5,53.0,52.5,52.5,52.5,52.5,53.0,53.0,53.5,54.0,54.0,54.0,54.0,54.0,53.5,53.5,53.0,52.5,52.0,51.5,51.0,51.0,50.5,50.5,51.0,51.0,51.0,51.0,51.0,51.0,51.0,51.0,51.0,50.5,0.0,0.0
18.5,18.5,18.0,18.0,18.5,18.5,19.0,19.5,20.0,20.0,20.5,21.0,21.0,21.5,21.5,21.5,21.0,21.0,20.5,20.5,20.0,20.0,19.5,19.5,19.5,19.5,20.0,20.5,21.0,21.0,21.0,21.0,20.5,20.0,19.5,19.0,19.0,18.5,18.5,18.0,18.0,18.0,17.5,18.0,18.0,18.0,18.5,19.0,19.5,20.0,20.5,20.5,20.5,21.0,21.0,21.0,21.0,21.5,22.0,22.5,22.5,22.0,22.0,21.5,21.0,21.0,21.5,21.5,22.0,22.5,22.5,23.0,23.0,22.5,22.0,21.5,21.0,20.5,19.5,19.0,18.5,18.0,18.0,18.5,18.5,19.0,19.5,20.0,20.5,20.5,21.0,21.0,21.0,21.0,21.0,20.5,20.5,20.0,19.5,19.5,19.0,19.0,19.0,19.0,19.5,20.0,20.5,21.0,21.5,22.0,22.5,23.0,23.0,23.5,23.5,23.0,22.5,22.0,21.5,21.5,21.0,21.0,21.0,21.0,21.5,21.5,22.0,22.0,22.5,22.5,23.0,23.0,23.5,23.0,21.5,20.0,18.5,16.0,14.0,11.5,9.0,7.0,5.0,3.5,3.0,2.5,2.5,2.5,3.5,4.5,6.5,9.0,12.5,17.0,22.0,27.5,34.0,41.0,48.0,54.5,61.0,67.0,73.5,80.0,87.0,93.5,99.5,104.0,107.5,110.0,111.5,112.0,112.0,110.5,108.0,104.5,99.5,94.0,88.5,83.0,77.0,71.5,66.0,61.0,56.0,51.5,47.0,43.0,40.0,37.0,34.5,32.5,31.0,29.5,28.5,28.0,27.5,27.0,27.0,26.5,26.5,26.0,26.0,25.5,25.5,25.5,26.0,26.5,27.0,27.5,27.5,27.5,27.5,27.5,27.0,26.5,26.0,25.5,25.0,24.0,23.5,23.0,23.0,23.0,23.0,23.5,24.0,24.5,25.0,25.0,25.5,25.5,26.0,26.0,26.0,26.0,26.0,25.5,25.0,25.0,24.5,24.0,24.0,24.0,24.0,24.0,24.5,25.0,25.0,25.5,25.5,26.0,26.0,25.5,25.5,25.5,25.0,25.0,24.5,24.0,23.5,23.0,23.0,23.0,23.5,24.0,24.5,24.5,25.0,25.5,25.5,25.5,26.0,26.0,25.5,25.5,25.0,25.0,24.5,24.0,23.5,23.0,23.0,23.0,23.0,23.0,23.0,23.5,24.0,24.0,24.0,24.0,24.0,24.0,24.0,24.0,24.5,24.5,24.5,24.0,24.0,23.5,23.5,23.5,23.5,23.5,23.5,24.0,24.5,24.5,25.0,25.0,25.5,25.5,25.5,25.5,25.0,25.0,24.5,24.0,0.0,0.0
64.5,65.0,65.5,66.0,66.5,67.0,67.0,67.5,67.0,67.0,66.5,66.0,66.0,65.5,64.5,64.0,63.0,61.5,60.0,58.5,57.0,55.0,53.5,52.0,50.5,49.5,48.5,48.5,48.5,49.0,50.0,51.5,53.5,56.0,59.5,63.5,68.5,74.5,81.0,88.5,95.5,103.0,110.0,116.5,123.0,129.5,136.0,142.0,146.5,150.0,152.5,153.5,154.0,153.5,152.5,151.0,148.0,145.0,141.0,136.5,132.0,127.5,123.0,118.0,113.0,108.0,103.5,99.0,95.0,91.0,87.5,84.0,81.5,79.0,77.0,75.0,73.5,73.0,72.5,72.0,72.0,72.0,72.0,72.5,72.5,72.5,72.5,72.5,72.5,72.0,71.5,71.0,70.5,70.5,70.0,70.0,70.0,69.5,69.5,69.0,69.0,69.0,69.5,69.5,70.0,71.0,71.0,71.5,71.5,71.0,70.5,70.0,69.5,69.0,68.5,68.0,68.0,67.5,67.5,67.5,67.5,67.5,68.0,68.5,69.0,69.5,69.5,69.5,69.5,69.0,69.0,68.5,68.0,67.5,67.0,66.5,66.5,66.5,66.5,66.0,66.0,66.0,66.0,66.0,66.0,66.0,66.5,66.5,66.5,66.5,66.5,66.5,66.0,66.0,65.5,65.5,65.0,65.0,65.0,65.0,65.0,65.0,65.5,65.5,65.5,65.5,66.0,66.0,66.0,66.0,66.0,65.5,65.0,65.0,65.0,64.5,64.5,64.5,64.0,64.0,64.5,64.5,65.0,65.5,65.5,66.0,66.5,67.0,67.0,67.5,67.0,66.5,66.5,66.0,65.5,65.0,64.5,64.5,64.5,65.0,65.0,65.5,66.0,66.0,66.5,67.0,67.5,67.5,67.5,67.5,67.5,67.0,67.0,66.5,66.0,66.0,66.0,66.0,66.0,66.5,66.5,66.5,67.0,67.0,67.5,67.5,68.0,68.0,68.0,68.0,68.0,68.0,67.5,67.5,67.0,66.5,66.0,65.5,65.5,65.5,65.5,66.0,66.5,67.0,67.5,68.0,68.0,68.5,68.5,68.5,68.5,68.5,68.5,68.0,67.5,67.0,66.5,66.0,65.5,65.5,65.0,65.0,64.5,64.5,64.0,64.5,64.5,65.5,66.5,67.5,69.0,70.0,71.0,71.5,72.5,73.0,73.0,73.0,73.0,73.0,73.5,73.5,73.5,73.0,73.0,72.5,72.5,72.0,71.5,71.0,70.5,70.0,70.0,69.5,69.5,69.0,69.0,68.5,68.5,68.5,68.5,68.5,69.0,69.0,69.0,69.5,70.0,70.0,70.0,70.0,70.0,69.5,69.5,69.0,68.5,68.5,68.0,68.0,68.0,68.0,0.0,0.0
5.0,5.0,4.5,4.5,5.0,5.0,5.5,5.5,6.0,6.5,7.0,7.0,7.0,7.0,6.5,6.0,6.0,5.5,5.5,5.0,4.5,3.5,3.5,3.0,3.0,3.0,3.5,3.5,4.5,5.0,5.5,6.0,6.0,6.0,6.5,6.5,6.5,6.5,6.5,7.0,7.0,7.0,7.0,7.0,7.0,6.5,7.0,7.0,7.5,7.5,8.0,8.5,9.0,9.5,9.5,10.0,10.0,10.0,10.0,9.5,9.0,8.5,8.0,7.5,7.5,7.5,7.5,8.0,8.0,8.5,8.5,8.5,8.5,8.5,8.5,8.5,8.5,8.0,8.0,7.5,7.5,7.5,7.0,7.0,7.0,7.0,7.5,7.5,8.5,9.0,9.5,10.0,10.5,10.5,11.0,11.0,11.0,11.0,11.0,10.5,10.5,10.0,10.0,9.5,9.5,9.5,9.5,10.0,10.5,10.5,11.0,11.5,11.5,11.5,12.0,12.0,12.0,12.0,12.0,11.5,11.5,11.5,11.5,11.5,11.5,11.5,12.0,12.0,12.5,13.0,13.0,13.5,14.0,14.5,14.5,15.0,14.5,14.5,14.0,13.5,13.5,13.0,13.0,13.0,13.0,13.0,13.0,13.0,13.0,13.0,13.0,13.0,13.5,13.5,14.0,14.0,14.0,14.0,14.0,13.5,13.5,13.0,12.5,12.5,12.0,12.0,12.0,12.5,12.5,13.0,13.0,13.5,14.0,14.0,14.0,14.5,14.0,14.0,14.0,13.5,13.5,13.5,13.0,13.0,13.0,13.0,13.5,13.5,14.0,14.0,14.5,14.5,14.5,14.5,15.0,15.0,15.0,15.0,15.0,14.5,14.0,13.5,13.5,13.0,13.0,13.5,13.5,13.5,14.0,14.0,14.5,14.5,15.0,15.0,15.0,15.0,15.0,15.0,14.5,14.5,14.0,13.5,13.5,13.0,13.0,13.0,13.5,13.5,14.5,15.0,16.0,16.5,17.0,17.5,17.5,17.5,18.0,17.5,17.5,17.0,16.5,16.5,16.5,16.5,16.5,16.5,17.0,17.0,17.5,17.5,17.5,18.0,18.0,18.0,18.0,18.0,18.0,18.0,18.0,17.5,17.5,17.0,17.0,17.5,17.5,17.5,17.5,18.0,18.0,18.5,19.0,19.0,19.0,19.0,19.0,19.0,19.0,19.0,19.0,19.0,19.0,18.5,18.5,18.0,18.0,18.0,18.0,18.5,18.5,19.0,19.5,20.0,20.5,21.0,21.5,22.0,22.0,22.0,21.5,21.5,20.5,20.0,19.5,18.5,18.0,17.0,16.5,16.0,15.5,15.0,15.0,15.0,15.0,16.0,17.0,18.0,19.0,20.0,20.5,21.5,0.0,0.0
54.0,54.0,53.5,53.5,53.5,54.0,54.5,55.0,55.0,55.5,56.0,56.0,56.0,55.5,55.0,54.5,54.0,54.0,53.5,53.5,53.0,53.0,53.0,53.0,53.5,53.5,53.5,53.5,54.0,54.0,54.0,54.0,54.0,53.5,53.0,52.5,52.0,51.5,51.0,50.5,50.0,49.5,49.5,49.5,50.0,50.0,50.5,51.0,51.0,51.5,51.5,52.0,52.0,51.5,51.5,51.0,50.0,49.5,49.5,49.5,49.0,49.5,49.5,50.0,50.5,51.0,51.5,51.5,51.5,52.0,52.0,51.5,51.5,51.5,51.5,51.0,51.0,50.5,50.0,50.0,49.5,49.5,49.5,49.5,49.5,50.0,50.0,50.0,50.5,50.5,50.5,50.0,49.5,49.0,48.5,48.0,47.5,47.5,47.0,47.5,48.0,48.5,49.0,49.5,49.5,49.5,49.5,49.5,49.5,49.5,49.5,49.0,49.0,48.5,48.0,47.5,47.5,47.5,48.0,48.0,48.0,48.0,48.0,48.0,48.0,48.0,48.0,48.0,48.0,47.5,47.5,47.5,47.5,47.5,47.5,47.0,47.0,47.5,47.5,48.0,48.0,48.0,48.5,48.5,49.0,49.0,49.5,49.5,50.0,50.0,50.0,49.5,49.0,48.5,47.5,47.0,46.0,46.0,45.5,45.5,45.0,45.0,44.5,44.5,44.5,44.5,44.5,45.0,45.5,46.0,46.0,46.0,46.0,46.0,45.5,45.5,45.0,44.5,44.0,44.0,44.0,43.5,43.5,44.0,44.0,44.5,44.5,45.0,45.5,46.0,46.0,46.5,46.0,46.0,45.5,45.5,45.5,45.5,46.0,46.0,46.5,47.0,47.5,48.0,48.5,49.0,49.0,49.5,49.5,49.5,50.0,50.0,50.0,50.0,49.0,48.5,48.0,47.5,47.0,46.5,46.5,46.0,46.0,46.5,46.5,46.5,47.0,47.0,47.5,47.5,47.5,47.5,47.5,47.5,47.0,46.5,46.0,46.0,45.5,45.5,45.5,45.5,45.5,45.5,45.5,46.0,46.0,46.0,46.5,46.5,46.5,46.5,46.5,46.0,46.0,45.5,45.0,44.5,44.0,44.0,44.0,44.5,44.5,45.0,45.5,45.5,46.0,46.5,46.5,46.5,46.5,46.0,46.0,45.0,44.5,44.0,43.0,42.5,42.5,42.5,43.0,43.0,43.5,44.5,45.0,45.5,46.0,46.0,46.0,46.0,46.0,45.5,45.5,45.0,44.5,44.0,43.5,43.0,43.0,42.5,43.0,43.0,43.5,44.0,44.0,44.5,45.0,45.5,45.5,46.0,46.0,46.0,46.0,46.0,46.5,46.5,46.5,46.5,46.5,46.0,0.0,0.0
48.0,48.0,48.5,48.5,49.0,49.0,49.5,49.5,50.0,50.0,50.0,49.5,49.0,48.5,47.5,47.0,46.0,46.0,45.5,45.5,45.0,45.0,44.5,44.5,44.5,44.5,44.5,45.0,45.5,46.0,46.0,46.0,46.0,46.0,45.5,45.5,45.0,44.5,44.0,44.0,44.0,43.5,43.5,44.0,44.0,44.5,44.5,45.0,45.5,46.0,46.0,46.5,46.0,46.0,45.5,45.5,45.5,45.5,46.0,46.0,46.5,47.0,47.5,48.0,48.5,49.0,49.0,49.5,49.5,49.5,50.0,50.0,50.0,50.0,49.0,48.5,48.0,47.5,47.0,46.5,46.5,46.0,46.0,46.5,46.5,46.5,47.0,47.0,47.5,47.5,47.5,47.5,47.5,47.5,47.0,46.5,46.0,46.0,45.5,45.5,45.5,45.5,45.5,45.5,45.5,46.0,46.0,46.0,46.5,46.5,46.5,46.5,46.5,46.0,46.0,45.5,45.0,44.5,44.0,44.0,44.0,44.5,44.5,45.0,45.5,45.5,46.0,46.5,46.5,46.5,46.5,46.0,46.0,45.0,44.5,44.0,43.0,42.5,42.5,42.5,43.0,43.0,43.5,44.5,45.0,45.5,46.0,46.0,46.0,46.0,46.0,45.5,45.5,45.0,44.5,44.0,43.5,43.0,43.0,42.5,43.0,43.0,43.5,44.0,44.0,44.5,45.0,45.5,45.5,46.0,46.0,46.0,46.0,46.0,46.5,46.5,46.5,46.5,46.5,46.0,45.5,45.5,46.0,46.0,46.0,46.5,46.5,46.5,47.0,47.0,47.0,47.0,46.5,46.0,46.0,45.5,45.5,45.5,46.0,46.0,46.5,46.5,47.0,46.5,46.5,46.5,46.0,45.5,45.0,44.5,44.5,44.0,43.5,43.5,44.0,44.5,45.0,46.0,47.5,48.5,50.0,51.0,51.5,52.0,52.5,52.5,52.5,52.5,52.0,51.5,51.0,50.0,49.0,47.5,46.5,45.5,45.0,45.0,44.5,44.5,44.5,44.5,45.0,45.0,45.5,46.0,46.5,46.5,47.0,47.0,47.5,47.5,48.0,48.5,48.5,48.5,48.5,48.5,48.5,48.5,48.5,49.0,49.0,49.5,50.0,50.5,51.0,52.0,52.5,53.0,53.0,53.0,53.0,52.5,52.0,51.5,51.0,51.0,50.5,50.0,49.5,49.5,49.5,49.5,50.0,50.5,50.5,50.5,51.0,51.0,51.0,51.5,51.5,52.0,51.5,51.5,51.0,51.0,51.0,51.0,51.5,52.0,52.5,53.0,53.0,53.5,54.5,55.0,55.5,55.5,55.5,55.5,55.0,55.0,54.5,54.0,54.0,53.5,53.0,53.0,0.0,0.0
65.5,65.5,65.5,65.5,65.0,65.0,65.0,65.0,65.0,65.0,65.0,65.5,65.5,66.0,66.0,66.0,65.5,65.0,64.0,63.0,61.5,59.5,57.0,55.0,52.5,50.0,48.5,47.0,46.0,45.5,45.5,45.5,46.0,47.0,49.5,52.5,57.0,62.0,67.5,74.0,81.0,88.5,95.5,102.5,109.0,115.0,121.5,127.5,134.0,140.0,145.5,149.5,152.0,153.5,154.0,154.0,153.5,152.5,150.5,147.5,143.5,139.0,134.5,129.5,124.5,119.0,114.0,108.5,103.5,99.0,94.5,90.5,87.0,84.0,81.0,78.0,76.0,74.5,73.0,72.0,71.5,71.0,70.5,70.0,69.5,69.0,68.5,68.5,68.5,68.5,68.5,68.5,68.5,68.5,68.5,68.5,68.5,68.5,68.0,67.5,67.0,66.5,66.0,66.0,66.0,66.0,66.0,66.0,66.0,66.0,66.0,66.0,66.0,66.0,66.5,66.5,66.5,66.0,66.0,65.5,65.5,65.0,65.0,64.5,64.5,64.5,64.0,64.0,64.0,64.0,64.5,64.5,65.0,65.0,65.0,65.0,65.0,65.0,64.5,64.5,64.0,64.0,63.5,63.5,63.5,63.0,63.5,63.5,64.0,64.0,64.5,64.5,65.0,65.0,65.5,65.5,65.5,65.5,65.5,65.0,65.0,64.5,64.5,64.0,64.0,64.0,63.5,63.5,63.5,63.5,63.5,63.5,64.0,64.0,64.0,64.0,63.5,63.5,63.0,62.5,62.0,61.5,61.0,61.0,60.5,60.5,60.0,60.0,60.5,60.5,61.0,61.0,61.5,62.0,62.0,62.0,62.5,62.5,62.5,62.5,62.5,62.0,62.0,61.5,61.5,61.0,61.0,60.5,60.5,61.0,61.0,61.5,62.0,62.0,62.0,62.0,62.0,62.0,62.0,62.0,62.0,61.5,61.5,61.5,61.5,61.5,61.5,61.5,61.5,61.5,62.0,62.5,63.0,63.5,64.0,64.5,65.0,65.0,65.5,65.0,65.0,64.5,64.0,63.5,63.0,63.0,63.0,63.0,63.5,63.5,64.0,64.5,65.0,65.0,65.5,65.0,65.0,65.0,64.5,64.5,64.0,64.0,64.0,63.5,63.5,63.5,63.0,63.5,63.5,64.0,64.5,65.0,65.5,66.5,67.0,67.5,67.5,68.0,68.0,68.0,67.5,67.0,67.0,67.0,66.5,66.5,66.0,66.0,66.0,66.0,65.5,65.5,65.5,65.5,66.0,66.0,66.0,66.0,66.0,66.0,66.0,65.5,65.5,65.0,65.0,64.5,64.5,64.5,64.5,64.5,65.0,65.5,66.0,66.5,67.0,67.0,67.0,67.0,67.0,67.0,0.0,0.0
55.0,54.5,54.0,53.5,53.0,52.0,51.5,51.5,51.5,51.5,51.5,52.0,52.5,53.0,53.5,53.5,53.5,54.0,53.5,53.5,53.5,53.0,52.5,52.0,52.0,51.5,51.5,51.0,51.0,51.0,51.5,52.0,52.0,52.5,52.5,53.0,53.0,53.5,53.5,53.5,53.5,53.0,53.0,52.5,52.0,51.5,51.0,51.0,51.0,51.0,51.5,52.0,52.5,53.0,54.0,54.5,54.5,54.5,54.5,54.0,53.5,53.5,53.0,53.0,53.0,52.5,52.5,52.5,52.5,52.5,52.5,53.5,54.0,54.5,54.5,55.0,55.0,55.0,55.0,55.0,55.0,55.0,55.0,54.5,54.5,54.0,54.0,54.0,54.0,54.0,54.0,54.0,54.5,54.5,54.5,54.5,54.5,54.5,55.0,55.0,55.0,54.5,54.5,54.5,54.0,54.0,53.5,53.5,53.5,53.5,54.0,54.0,54.5,55.0,55.5,56.0,56.0,56.5,56.5,56.0,56.0,55.5,55.0,55.0,55.0,55.0,55.0,54.5,54.5,54.5,55.0,55.5,55.5,55.5,56.0,56.0,55.5,55.5,55.0,55.0,54.5,54.0,53.5,53.0,52.5,52.0,52.0,51.5,51.5,51.0,51.0,51.5,51.5,52.0,52.5,53.0,53.5,54.0,54.0,54.0,54.0,53.5,53.5,53.0,53.0,53.0,53.0,53.5,53.5,54.0,54.5,55.0,55.5,56.5,57.5,58.0,58.0,58.5,58.5,58.0,58.0,57.5,57.5,57.0,56.5,56.0,55.5,55.5,55.0,55.0,55.5,55.5,56.0,56.5,57.5,57.5,57.5,57.5,57.5,57.5,57.0,57.0,56.5,56.5,56.5,56.0,56.0,55.5,55.5,55.5,56.0,56.0,56.5,57.0,57.0,57.0,57.0,56.5,56.5,56.0,55.5,55.0,54.5,54.0,54.0,53.5,53.5,53.0,53.0,53.5,53.5,53.5,53.5,54.0,54.0,54.5,54.5,54.5,54.5,54.0,54.0,54.0,53.5,53.0,52.5,51.5,50.5,49.5,48.0,46.5,45.0,43.0,41.0,39.5,38.0,37.0,36.0,35.0,35.0,34.5,34.5,35.0,36.0,38.0,41.0,45.0,49.5,55.0,61.5,68.5,76.5,84.0,91.5,99.0,106.0,113.0,119.5,126.0,132.0,136.5,140.0,142.5,144.0,144.5,144.5,143.5,141.5,138.5,134.0,129.0,124.0,118.5,113.5,108.0,103.0,97.5,92.5,88.0,83.5,79.0,75.5,72.0,69.0,66.0,63.5,61.5,60.5,59.5,59.0,59.0,59.0,59.5,59.5,60.0,60.0,60.0,60.0,59.5,59.5,59.0,0.0,0.0
45.5,46.0,46.5,47.5,49.0,51.5,55.0,59.0,64.0,69.5,76.0,83.5,91.0,98.5,105.5,112.0,119.0,125.5,132.0,138.0,143.0,146.5,149.0,150.5,151.0,151.0,150.0,148.5,145.5,142.0,138.0,133.5,128.5,123.5,118.5,113.0,108.0,102.5,97.5,92.5,88.0,83.5,79.5,76.0,73.0,70.0,68.0,66.5,65.5,65.0,65.0,64.5,64.5,64.5,65.0,65.0,65.5,66.0,66.0,66.0,66.0,66.0,65.5,65.0,64.5,63.5,62.5,62.0,61.5,61.5,61.5,61.5,62.0,62.0,62.5,62.5,62.5,62.5,62.5,62.5,62.5,62.5,62.0,62.0,61.5,61.5,61.5,61.0,60.5,60.5,60.5,60.5,60.5,60.5,61.0,61.0,61.5,62.0,62.5,62.5,62.5,62.5,62.5,62.5,62.0,62.0,61.5,61.0,61.0,60.5,60.5,60.5,60.5,61.0,61.0,61.5,62.0,62.0,62.0,62.0,62.0,62.0,62.0,62.0,61.5,61.5,61.0,61.0,60.5,61.0,61.0,61.0,61.5,62.0,62.0,62.0,62.0,62.5,62.5,62.5,62.0,62.0,62.0,61.5,61.0,60.5,60.0,59.5,59.5,59.5,60.0,60.0,60.5,60.5,61.0,61.0,61.0,60.5,60.5,60.5,60.5,60.5,60.5,60.5,60.0,60.0,59.5,59.5,59.0,59.0,59.0,59.0,59.5,59.5,60.0,60.0,60.5,60.5,61.0,61.0,60.5,60.5,60.0,60.0,59.5,59.0,58.5,58.0,57.5,57.5,57.5,57.0,57.0,57.5,57.5,58.0,58.5,59.0,59.5,59.5,59.5,59.5,59.0,58.0,57.5,57.0,56.5,56.0,56.0,55.5,55.5,55.5,55.5,55.5,56.0,56.5,57.0,57.5,58.0,58.0,58.0,58.0,57.5,57.0,56.5,56.0,56.0,55.5,55.0,55.0,55.5,55.5,56.0,57.0,57.5,58.0,58.5,58.5,59.0,59.0,59.0,59.0,59.0,58.5,58.5,58.5,58.0,58.0,57.5,57.5,58.0,58.0,58.5,58.5,59.0,59.0,59.5,60.0,59.5,59.5,59.0,59.0,58.5,58.5,58.0,58.0,58.0,57.5,57.5,57.5,57.5,57.5,57.5,58.0,58.5,58.5,59.0,59.5,59.5,59.5,59.5,59.5,59.0,58.5,58.0,57.5,57.0,57.0,56.5,56.5,56.5,56.5,57.0,57.5,58.0,58.0,58.5,58.5,58.5,58.5,58.5,58.0,57.5,57.5,57.0,56.5,56.5,56.5,56.5,56.5,56.5,56.5,56.5,57.0,57.5,58.0,58.5,58.5,58.5,58.5,0.0,0.0
40.0,40.5,40.5,40.5,40.5,40.5,40.0,39.5,39.0,38.5,38.0,37.5,37.0,37.0,37.0,36.5,36.5,37.0,37.0,37.5,38.0,38.0,38.5,38.5,39.0,39.0,39.0,38.5,38.5,38.5,38.0,37.5,37.0,37.0,36.5,36.5,37.0,37.0,37.5,37.5,37.5,37.5,37.0,37.0,37.0,37.0,36.5,36.0,36.0,35.5,35.5,35.0,34.5,34.0,34.0,33.5,34.0,34.0,34.5,34.5,34.5,34.5,34.5,35.0,35.0,35.0,35.0,35.0,35.5,35.5,35.5,35.5,35.5,35.5,35.5,36.0,36.5,37.5,38.0,39.0,39.5,40.0,40.0,40.0,40.0,40.0,39.5,39.5,39.0,38.5,38.0,38.0,37.5,37.0,37.0,36.5,36.5,37.0,37.0,37.0,37.0,37.5,38.0,38.5,38.5,38.5,38.5,38.5,38.5,38.5,38.0,38.0,37.5,37.5,37.5,37.5,37.5,37.5,38.0,38.0,38.0,38.5,38.5,38.5,38.5,38.5,38.0,38.0,38.0,37.5,37.5,37.0,37.0,36.5,36.5,36.5,36.5,37.0,37.0,37.0,37.5,38.0,38.0,38.5,39.0,39.0,39.0,39.0,38.5,38.0,37.5,36.5,36.0,36.0,35.5,35.5,35.5,35.0,35.0,34.0,33.0,31.5,30.0,28.0,26.0,24.0,21.5,19.5,18.0,17.0,16.0,15.5,16.0,16.5,18.0,20.0,23.0,26.5,31.0,36.5,42.5,49.5,56.5,63.5,70.5,77.0,83.0,89.0,95.0,100.5,105.0,109.0,111.5,113.5,114.0,114.5,115.0,115.0,114.0,112.5,110.0,106.5,102.5,98.0,93.0,87.5,82.0,76.5,71.0,65.5,60.5,56.0,52.0,48.0,45.5,43.0,41.0,39.5,38.5,38.0,38.0,38.0,38.5,38.5,38.5,38.0,38.0,37.5,37.5,37.0,36.5,36.0,35.5,35.0,34.5,34.5,34.0,34.0,34.0,34.5,34.5,34.5,35.0,35.0,34.5,34.5,34.5,34.0,33.5,33.0,32.5,32.5,32.0,31.5,31.5,31.5,31.5,31.5,32.0,32.5,33.0,33.5,33.5,33.5,33.5,33.5,33.5,33.0,33.0,33.0,32.5,32.5,32.0,32.0,32.0,32.0,32.0,32.0,32.5,33.0,33.0,33.0,33.0,32.5,32.0,31.5,30.5,29.5,28.5,27.5,26.5,25.5,25.0,25.0,25.5,26.5,27.5,29.0,30.0,31.5,33.0,34.0,35.0,35.5,36.0,36.0,35.5,35.5,34.5,34.0,33.0,31.5,30.5,30.0,29.5,29.5,29.5,29.5,30.0,30.0,0.0,0.0
65.0,64.5,64.5,64.5,64.0,64.0,64.0,64.0,64.5,64.5,65.0,65.0,65.0,65.0,65.0,65.0,64.5,64.5,64.0,64.0,63.5,63.5,63.5,63.0,63.5,63.5,64.0,64.0,64.5,64.5,65.0,65.0,65.5,65.5,65.5,65.5,65.5,65.0,65.0,64.5,64.5,64.0,64.0,64.0,63.5,63.5,63.5,63.5,63.5,63.5,64.0,64.0,64.0,64.0,63.5,63.5,63.0,62.5,62.0,61.5,61.0,61.0,60.5,60.5,60.0,60.0,60.5,60.5,61.0,61.0,61.5,62.0,62.0,62.0,62.5,62.5,62.5,62.5,62.5,62.0,62.0,61.5,61.5,61.0,61.0,60.5,60.5,61.0,61.0,61.5,62.0,62.0,62.0,62.0,62.0,62.0,62.0,62.0,62.0,61.5,61.5,61.5,61.5,61.5,61.5,61.5,61.5,61.5,62.0,62.5,63.0,63.5,64.0,64.5,65.0,65.0,65.5,65.0,65.0,64.5,64.0,63.5,63.0,63.0,63.0,63.0,63.5,63.5,64.0,64.5,65.0,65.0,65.5,65.0,65.0,65.0,64.5,64.5,64.0,64.0,64.0,63.5,63.5,63.5,63.0,63.5,63.5,64.0,64.5,65.0,65.5,66.5,67.0,67.5,67.5,68.0,68.0,68.0,67.5,67.0,67.0,67.0,66.5,66.5,66.0,66.0,66.0,66.0,65.5,65.5,65.5,65.5,66.0,66.0,66.0,66.0,66.0,66.0,66.0,65.5,65.5,65.0,65.0,64.5,64.5,64.5,64.5,64.5,65.0,65.5,66.0,66.5,67.0,67.0,67.0,67.0,67.0,67.0,66.5,66.0,66.0,65.5,65.0,65.0,65.0,64.5,65.0,65.0,65.0,65.5,66.0,66.5,66.5,66.5,66.5,66.5,66.5,66.0,65.5,65.0,64.5,64.5,64.0,63.5,63.5,63.5,64.0,64.0,64.5,64.5,64.5,64.5,65.0,65.0,65.0,65.5,65.5,65.5,65.5,65.5,65.0,64.5,64.5,64.5,64.5,64.5,64.0,64.0,64.0,64.5,64.5,64.5,64.5,64.5,64.5,64.5,64.5,64.5,64.5,64.0,64.0,63.5,63.5,63.5,63.5,63.5,64.0,64.0,64.5,65.0,65.0,65.0,65.0,65.0,65.0,65.0,65.0,65.0,64.5,64.5,64.0,63.5,63.5,63.5,63.5,63.0,63.5,63.5,63.5,63.5,64.0,64.0,64.0,64.5,64.5,64.5,64.5,64.5,64.0,64.0,63.5,63.0,63.0,63.0,63.0,63.0,63.0,63.5,63.5,64.0,64.5,65.0,65.0,65.5,65.5,66.0,66.0,66.0,65.5,65.0,0.0,0.0
55.5,55.5,55.0,55.0,54.5,54.0,53.5,53.0,53.0,52.5,52.5,52.5,53.0,53.5,54.0,54.0,54.0,54.0,54.0,54.0,54.0,54.0,54.0,54.0,54.0,53.5,53.5,53.5,53.5,53.5,53.0,53.0,53.0,53.5,53.5,54.0,54.0,54.0,54.0,54.0,53.5,53.0,52.5,51.5,50.5,50.0,49.0,49.0,49.0,49.5,50.5,52.0,53.5,55.0,56.5,57.5,58.5,59.5,60.0,60.0,59.5,59.5,58.5,58.0,57.5,56.5,55.5,54.5,54.0,53.5,53.0,53.0,52.5,53.0,53.0,53.0,53.5,54.0,54.5,54.5,55.0,55.0,54.5,54.0,53.5,52.5,52.0,51.5,51.5,51.0,51.0,51.0,51.0,51.0,51.5,51.5,52.0,52.5,52.5,53.0,53.0,53.0,52.5,52.0,51.0,50.5,50.0,49.5,49.0,49.0,49.0,49.0,49.0,49.0,49.5,49.5,50.0,50.5,50.5,50.5,50.5,50.5,50.5,50.5,50.5,50.5,50.0,49.5,49.0,49.0,48.5,48.5,48.5,48.5,48.5,48.5,48.5,48.5,48.5,48.5,48.0,48.0,47.5,47.0,46.5,46.0,45.5,45.0,44.5,44.0,44.0,43.5,43.5,43.5,43.5,44.0,44.5,45.0,45.5,46.0,46.0,46.5,47.0,47.0,47.0,47.5,47.5,48.0,48.5,48.5,48.5,49.0,49.5,50.0,51.0,51.5,52.0,52.5,53.0,53.0,53.0,53.0,53.0,52.5,52.5,52.0,51.5,51.0,50.5,50.5,50.0,50.0,49.5,49.5,49.5,49.5,49.5,49.5,49.0,49.5,49.5,49.5,49.5,49.5,49.5,49.0,49.0,49.5,49.5,50.0,50.5,50.5,51.0,51.0,51.0,51.0,51.5,51.5,51.5,51.5,51.5,51.5,51.0,50.5,50.0,49.5,49.5,49.0,49.0,49.0,49.0,49.0,49.5,50.0,50.0,50.5,51.0,51.0,51.5,51.5,51.0,50.5,50.5,50.0,50.0,50.0,49.5,49.5,49.5,49.5,49.0,49.0,49.0,49.0,48.5,47.5,47.0,45.5,44.0,42.0,39.5,37.0,35.0,33.0,31.5,30.0,29.5,29.0,29.0,30.0,31.5,34.0,37.0,41.5,46.5,52.5,59.0,66.0,73.5,81.0,88.0,94.5,100.5,106.0,111.5,116.5,121.5,126.0,129.0,131.0,132.5,133.0,133.0,132.5,131.0,129.0,126.5,123.0,119.0,114.5,110.0,105.0,100.0,95.0,89.5,84.5,79.5,75.5,71.5,68.0,65.0,62.0,60.0,58.5,57.0,56.5,56.5,56.0,55.5,55.0,0.0,0.0
71.0,71.0,71.0,71.0,71.0,71.0,71.0,71.0,71.0,70.5,70.0,69.5,68.5,67.0,65.0,63.0,60.5,58.5,56.5,54.5,52.5,51.5,50.5,50.0,50.0,51.0,53.0,55.5,59.0,63.5,69.0,75.5,83.0,91.5,100.0,108.0,115.5,123.0,130.5,137.5,144.5,150.5,155.0,158.5,161.0,162.5,163.0,163.0,162.5,161.0,158.0,154.5,150.0,144.5,139.0,133.5,128.0,122.0,116.5,111.0,105.5,100.5,96.0,91.5,88.0,85.0,82.5,80.5,79.0,78.0,77.5,77.0,76.5,76.5,76.0,75.5,75.0,74.5,74.5,74.0,73.5,73.0,72.5,72.5,72.0,72.0,72.0,72.0,72.0,72.0,72.0,72.0,72.5,72.5,72.0,72.0,72.0,71.5,71.0,71.0,70.5,70.0,69.5,69.5,69.0,69.0,69.0,69.0,69.5,70.0,70.0,70.0,70.5,70.5,71.0,71.0,71.0,71.0,71.0,70.5,70.5,70.0,69.5,69.5,69.0,69.0,69.0,69.5,69.5,70.0,70.5,70.5,71.0,71.0,71.5,71.5,71.0,71.0,70.5,70.0,69.5,69.0,69.0,69.0,69.0,69.5,69.5,70.0,70.5,71.0,71.0,71.5,71.5,72.0,72.0,71.5,71.5,71.0,70.5,70.0,69.5,69.0,68.5,68.5,68.0,68.5,68.5,69.0,69.5,69.5,70.0,70.5,70.5,70.5,70.5,70.5,70.5,70.5,70.0,70.0,69.5,69.0,69.0,68.5,68.5,68.0,68.0,68.5,68.5,69.0,69.5,70.0,70.0,70.5,70.5,70.5,70.0,70.0,69.5,69.5,69.0,68.5,68.5,68.0,68.0,68.0,68.0,68.0,68.5,68.5,69.0,69.0,69.5,69.5,69.5,69.5,69.5,69.5,69.5,69.0,69.0,68.5,68.5,68.5,68.5,68.5,68.5,69.0,69.0,69.5,69.5,70.0,70.0,70.5,70.5,70.0,70.0,69.5,69.0,68.5,68.5,68.0,68.0,68.0,68.0,68.5,69.0,69.5,70.0,70.5,71.0,71.5,71.5,71.5,71.5,71.0,70.5,70.0,70.0,69.5,69.5,69.0,69.0,69.0,68.5,69.0,69.0,69.5,70.0,70.0,70.5,71.0,71.0,71.5,71.5,71.5,71.0,70.5,70.0,69.5,69.0,68.5,68.5,68.0,68.0,68.0,68.5,68.5,68.5,69.0,69.0,69.0,69.0,69.0,69.0,69.0,69.0,68.5,68.0,67.5,67.0,66.5,66.5,66.5,66.5,66.5,66.5,67.0,67.5,68.0,68.5,68.5,69.0,69.0,69.5,69.5,69.0,69.0,68.5,68.5,0.0,0.0
20.5,21.0,21.0,21.5,21.5,21.5,21.5,21.5,21.5,21.5,21.0,20.5,20.5,20.0,20.0,20.0,20.0,20.0,20.5,20.5,21.0,21.5,21.5,22.0,21.5,21.5,21.5,21.5,21.5,21.5,21.5,21.5,21.5,21.0,21.0,21.0,21.5,21.5,22.0,22.5,22.5,22.5,22.0,21.5,21.0,20.5,20.0,19.5,19.5,19.0,19.5,20.0,20.5,22.0,23.0,24.5,25.5,27.0,28.0,29.0,29.5,30.0,30.0,30.0,29.5,29.5,28.5,28.0,27.0,26.0,25.0,24.5,24.0,23.5,23.5,23.5,23.5,24.0,24.0,24.5,25.0,25.5,26.0,26.0,26.5,26.5,26.5,26.5,26.0,26.0,25.5,25.0,25.0,24.5,24.0,24.0,23.5,24.0,24.0,24.5,25.0,25.0,25.0,25.0,25.0,24.5,24.5,24.0,23.5,23.0,22.5,22.5,22.0,21.5,21.0,21.0,21.0,21.5,21.5,22.0,22.5,23.0,23.5,23.5,23.5,23.5,23.0,22.5,22.0,21.5,21.5,21.0,21.0,21.0,21.5,22.0,22.5,23.0,23.5,23.5,24.0,24.0,24.5,25.0,25.0,25.0,25.0,24.5,24.0,23.5,23.0,22.5,22.0,21.5,21.5,21.5,21.5,22.0,22.5,23.0,23.5,24.0,24.0,24.0,24.0,24.0,24.0,23.5,23.5,23.5,23.0,23.0,22.5,22.5,22.5,22.5,23.0,23.0,23.5,23.5,24.0,24.0,24.5,24.5,24.5,24.5,24.5,24.5,24.5,24.0,23.5,23.5,23.0,23.0,23.0,23.0,23.0,23.5,24.0,24.5,24.5,25.0,25.5,25.5,25.5,25.5,25.5,25.0,25.0,25.0,24.5,24.5,24.5,24.0,23.5,23.5,23.5,24.0,24.0,24.5,25.0,25.5,26.0,26.5,27.0,27.0,26.5,26.0,26.0,25.5,24.5,24.0,24.0,23.5,23.5,23.5,23.5,24.0,24.5,25.0,25.5,26.0,26.5,27.0,27.0,26.5,26.5,26.0,26.0,26.0,25.5,25.5,25.5,25.5,25.5,25.5,25.5,25.5,26.0,26.5,27.0,27.0,27.0,27.0,27.5,27.5,27.5,27.5,28.0,28.0,28.0,27.5,27.0,27.0,26.5,26.5,27.0,27.0,27.5,28.0,28.5,28.5,29.0,29.5,29.5,29.5,29.5,29.5,29.5,29.5,29.0,29.0,29.0,29.0,29.0,29.0,29.0,29.5,29.5,30.0,30.5,31.0,31.0,31.0,31.0,31.0,30.5,30.5,30.0,30.0,29.5,29.0,28.5,28.0,27.5,27.5,27.5,27.5,27.5,28.0,0.0,0.0
54.0,53.5,53.5,53.5,53.5,54.0,54.0,54.5,55.0,55.5,56.0,56.0,56.5,56.5,56.0,56.0,55.5,55.0,55.0,55.0,55.0,55.0,54.5,54.5,54.5,55.0,55.5,55.5,55.5,56.0,56.0,55.5,55.5,55.0,55.0,54.5,54.0,53.5,53.0,52.5,52.0,52.0,51.5,51.5,51.0,51.0,51.5,51.5,52.0,52.5,53.0,53.5,54.0,54.0,54.0,54.0,53.5,53.5,53.0,53.0,53.0,53.0,53.5,53.5,54.0,54.5,55.0,55.5,56.5,57.5,58.0,58.0,58.5,58.5,58.0,58.0,57.5,57.5,57.0,56.5,56.0,55.5,55.5,55.0,55.0,55.5,55.5,56.0,56.5,57.5,57.5,57.5,57.5,57.5,57.5,57.0,57.0,56.5,56.5,56.5,56.0,56.0,55.5,55.5,55.5,56.0,56.0,56.5,57.0,57.0,57.0,57.0,56.5,56.5,56.0,55.5,55.0,54.5,54.0,54.0,53.5,53.5,53.0,53.0,53.5,53.5,53.5,53.5,54.0,54.0,54.5,54.5,54.5,54.5,54.0,54.0,54.0,53.5,53.0,52.5,51.5,50.5,49.5,48.0,46.5,45.0,43.0,41.0,39.5,38.0,37.0,36.0,35.0,35.0,34.5,34.5,35.0,36.0,38.0,41.0,45.0,49.5,55.0,61.5,68.5,76.5,84.0,91.5,99.0,106.0,113.0,119.5,126.0,132.0,136.5,140.0,142.5,144.0,144.5,144.5,143.5,141.5,138.5,134.0,129.0,124.0,118.5,113.5,108.0,103.0,97.5,92.5,88.0,83.5,79.0,75.5,72.0,69.0,66.0,63.5,61.5,60.5,59.5,59.0,59.0,59.0,59.5,59.5,60.0,60.0,60.0,60.0,59.5,59.5,59.0,58.5,58.0,57.5,57.0,56.5,56.0,56.0,55.5,55.5,55.5,55.5,55.5,56.0,56.0,56.5,56.5,57.0,57.0,57.0,57.0,56.5,56.5,56.0,55.5,55.0,54.0,53.5,53.0,52.5,52.0,51.5,51.0,50.5,50.0,49.5,49.5,50.0,51.0,52.0,53.0,54.0,55.0,56.0,56.5,57.0,57.0,57.0,57.0,57.0,56.5,56.5,56.5,56.0,56.0,55.5,55.5,55.0,54.5,54.0,53.5,53.0,52.5,52.5,52.0,52.0,51.5,51.0,51.0,50.5,50.5,50.5,50.5,51.0,51.5,52.0,52.5,52.5,52.5,52.5,52.5,52.5,52.5,52.0,51.5,51.0,50.5,50.0,50.0,50.0,50.0,50.5,50.5,51.0,51.0,51.5,51.0,51.0,51.0,51.0,51.0,50.5,50.5,50.0,49.5,49.0,0.0,0.0
32.5,32.5,32.5,32.5,32.5,33.0,33.5,34.0,34.0,34.0,34.0,33.5,33.5,33.0,32.5,32.0,31.5,31.0,31.0,30.5,30.0,29.5,29.5,29.5,30.0,30.0,30.5,31.0,31.5,31.5,32.0,32.0,31.5,31.0,31.0,30.5,30.5,30.0,30.0,29.5,29.5,29.5,29.5,29.5,30.0,30.0,30.5,31.0,31.5,31.5,32.0,32.0,31.5,31.5,31.0,30.5,29.5,29.0,28.5,28.0,28.0,28.0,28.5,28.5,29.0,29.5,30.0,30.0,30.5,30.5,31.0,31.0,31.0,31.0,30.5,30.5,30.0,30.0,29.5,29.0,29.0,29.0,29.5,30.0,30.5,31.0,31.5,32.0,32.5,32.5,33.0,33.0,33.0,32.5,32.5,32.5,32.0,32.0,32.0,32.0,32.0,32.0,32.5,32.5,33.0,33.5,34.0,34.5,34.5,35.0,35.0,34.5,34.5,34.0,33.5,33.0,32.5,32.0,31.5,31.5,31.5,31.5,31.5,32.0,32.5,32.5,33.0,33.5,34.0,34.0,34.0,34.0,34.0,33.5,33.5,33.0,33.0,32.5,32.0,32.0,32.0,32.0,32.0,32.5,32.5,33.0,33.0,33.5,34.0,34.0,34.5,34.5,34.5,34.5,34.5,34.0,34.0,33.5,33.5,33.0,33.0,33.0,33.5,33.5,34.0,34.5,34.5,35.0,35.5,35.5,35.5,35.5,35.0,35.0,34.5,34.0,34.0,34.0,34.0,34.0,34.0,34.0,34.0,34.5,34.5,35.0,35.5,36.0,36.5,36.5,36.5,36.5,36.5,36.0,36.0,36.0,35.5,35.0,35.0,34.5,34.5,34.5,35.0,35.0,35.5,35.5,36.0,36.5,37.0,37.0,37.0,37.0,36.5,36.5,36.0,35.5,35.0,35.0,34.5,34.5,34.5,34.5,34.5,35.0,35.5,35.5,36.0,36.5,36.5,37.0,37.5,37.5,37.5,37.5,37.0,36.5,35.5,35.0,34.5,34.5,34.5,34.5,35.0,35.5,35.5,36.0,36.5,37.0,37.0,37.5,38.0,38.5,38.5,38.5,38.5,38.5,38.0,38.0,38.0,37.5,37.5,37.5,37.5,37.0,37.0,37.5,37.5,37.5,37.5,37.5,38.0,38.0,38.0,37.5,37.5,37.0,37.0,37.0,36.5,36.5,36.5,36.5,37.0,37.0,37.5,38.5,39.0,39.0,39.5,39.5,39.5,39.5,39.5,39.0,38.5,38.0,37.5,37.5,37.0,37.0,37.0,37.0,37.0,37.5,38.0,38.5,39.0,39.0,39.0,39.0,39.0,38.5,38.5,38.0,37.5,37.0,36.5,36.0,35.5,35.5,0.0,0.0
54.0,53.5,53.5,53.0,53.0,53.0,52.5,52.5,52.5,52.5,52.5,52.5,53.5,54.0,54.5,54.5,55.0,55.0,55.0,55.0,55.0,55.0,55.0,55.0,54.5,54.5,54.0,54.0,54.0,54.0,54.0,54.0,54.0,54.5,54.5,54.5,54.5,54.5,54.5,55.0,55.0,55.0,54.5,54.5,54.5,54.0,54.0,53.5,53.5,53.5,53.5,54.0,54.0,54.5,55.0,55.5,56.0,56.0,56.5,56.5,56.0,56.0,55.5,55.0,55.0,55.0,55.0,55.0,54.5,54.5,54.5,55.0,55.5,55.5,55.5,56.0,56.0,55.5,55.5,55.0,55.0,54.5,54.0,53.5,53.0,52.5,52.0,52.0,51.5,51.5,51.0,51.0,51.5,51.5,52.0,52.5,53.0,53.5,54.0,54.0,54.0,54.0,53.5,53.5,53.0,53.0,53.0,53.0,53.5,53.5,54.0,54.5,55.0,55.5,56.5,57.5,58.0,58.0,58.5,58.5,58.0,58.0,57.5,57.5,57.0,56.5,56.0,55.5,55.5,55.0,55.0,55.5,55.5,56.0,56.5,57.5,57.5,57.5,57.5,57.5,57.5,57.0,57.0,56.5,56.5,56.5,56.0,56.0,55.5,55.5,55.5,56.0,56.0,56.5,57.0,57.0,57.0,57.0,56.5,56.5,56.0,55.5,55.0,54.5,54.0,54.0,53.5,53.5,53.0,53.0,53.5,53.5,53.5,53.5,54.0,54.0,54.5,54.5,54.5,54.5,54.0,54.0,54.0,53.5,53.0,52.5,51.5,50.5,49.5,48.0,46.5,45.0,43.0,41.0,39.5,38.0,37.0,36.0,35.0,35.0,34.5,34.5,35.0,36.0,38.0,41.0,45.0,49.5,55.0,61.5,68.5,76.5,84.0,91.5,99.0,106.0,113.0,119.5,126.0,132.0,136.5,140.0,142.5,144.0,144.5,144.5,143.5,141.5,138.5,134.0,129.0,124.0,118.5,113.5,108.0,103.0,97.5,92.5,88.0,83.5,79.0,75.5,72.0,69.0,66.0,63.5,61.5,60.5,59.5,59.0,59.0,59.0,59.5,59.5,60.0,60.0,60.0,60.0,59.5,59.5,59.0,58.5,58.0,57.5,57.0,56.5,56.0,56.0,55.5,55.5,55.5,55.5,55.5,56.0,56.0,56.5,56.5,57.0,57.0,57.0,57.0,56.5,56.5,56.0,55.5,55.0,54.0,53.5,53.0,52.5,52.0,51.5,51.0,50.5,50.0,49.5,49.5,50.0,51.0,52.0,53.0,54.0,55.0,56.0,56.5,57.0,57.0,57.0,57.0,57.0,56.5,56.5,56.5,56.0,56.0,55.5,55.5,55.0,54.5,54.0,0.0,0.0
69.5,69.5,69.0,69.0,69.0,69.0,69.0,68.5,68.5,68.5,68.5,69.0,69.0,69.0,69.0,68.0,67.0,66.0,64.0,62.0,60.0,57.5,55.0,53.5,52.0,51.0,50.0,50.0,50.0,51.0,52.5,55.0,58.0,61.5,66.5,71.5,77.0,83.5,90.5,97.0,103.5,110.0,116.0,122.0,128.0,134.0,140.0,145.0,149.0,152.0,153.5,155.0,155.5,155.5,154.5,152.5,149.5,145.5,141.0,136.0,130.5,125.0,119.0,113.5,108.0,103.0,98.5,94.5,90.5,87.0,84.0,81.5,79.5,78.0,76.5,76.0,75.5,75.0,75.0,74.5,74.0,73.5,73.0,73.0,72.5,72.5,72.5,72.5,72.5,72.5,72.5,72.5,72.5,72.5,72.5,72.5,72.5,72.5,72.5,72.0,71.5,71.0,70.5,70.5,70.0,70.0,70.0,70.0,70.0,70.0,70.0,70.0,70.0,70.0,70.0,70.0,70.0,70.0,69.5,69.0,69.0,68.5,68.0,68.0,68.0,68.0,68.0,68.5,68.5,68.5,69.0,69.0,69.5,70.0,70.0,70.0,70.0,70.0,69.5,69.5,69.5,69.0,69.0,69.0,69.0,69.0,69.0,69.0,69.5,69.5,70.0,70.0,70.0,70.0,70.0,70.0,70.0,70.0,70.0,69.5,69.0,68.5,68.5,68.0,68.0,67.5,67.5,67.5,67.5,68.0,68.0,68.5,68.5,69.0,69.0,69.0,69.0,69.0,68.5,68.5,68.0,68.0,68.0,67.5,67.5,67.0,67.0,67.0,67.0,67.0,67.5,67.5,68.0,68.5,69.0,69.0,69.0,69.0,69.0,68.5,68.0,68.0,67.5,67.5,67.0,66.5,66.5,66.5,66.5,67.0,67.5,67.5,68.0,68.5,69.0,69.5,69.5,69.5,69.5,69.0,68.5,68.5,68.0,68.0,67.5,67.5,67.0,67.0,67.5,67.5,67.5,68.0,68.0,68.0,68.0,68.0,68.0,68.0,67.5,67.5,67.0,67.0,67.0,66.5,66.5,66.5,66.5,66.5,66.5,66.5,66.5,67.0,67.0,67.0,67.5,67.5,68.0,68.0,68.0,68.0,67.5,67.0,67.0,66.5,66.5,66.5,66.5,67.0,67.0,67.5,68.0,68.0,68.5,69.0,69.0,69.0,69.0,69.0,69.0,69.0,68.5,68.0,67.5,67.0,66.5,66.5,66.5,66.5,66.5,67.0,67.0,67.5,67.5,67.5,67.5,67.5,67.0,66.5,66.0,65.0,64.5,63.5,62.0,61.0,60.5,60.0,60.0,60.5,62.0,63.0,64.5,66.0,67.0,68.0,69.0,69.5,69.5,69.5,69.5,69.0,0.0,0.0
22.0,22.5,23.0,23.5,23.5,23.5,23.5,23.5,24.0,24.0,23.5,23.5,23.0,22.5,22.5,22.0,22.0,22.0,22.5,22.5,23.0,23.5,23.5,24.0,24.5,24.5,24.5,24.5,24.5,24.0,23.5,23.0,23.0,22.5,22.5,22.0,22.0,22.0,22.5,22.5,22.5,23.0,23.0,23.0,23.0,23.5,23.5,23.5,23.0,23.0,22.5,22.5,22.5,22.5,22.5,22.5,23.0,23.5,24.0,24.0,24.5,24.5,25.0,25.5,25.5,26.0,26.0,26.0,26.0,25.5,25.0,24.5,24.5,24.0,24.0,24.0,24.0,24.5,24.5,25.0,25.5,26.0,26.5,27.0,27.0,27.5,27.5,27.5,27.5,27.5,27.5,27.5,27.0,27.0,27.0,27.0,27.0,27.0,27.5,27.5,28.0,28.0,28.5,29.0,29.5,30.0,30.0,30.0,30.0,29.5,28.5,28.0,27.5,27.5,27.0,27.0,27.0,27.5,27.5,28.0,28.5,29.0,29.5,30.0,30.0,30.5,30.5,30.0,30.0,29.5,29.5,29.5,29.5,29.5,29.5,29.5,29.5,29.5,29.5,29.5,29.5,29.5,30.0,30.0,30.0,30.5,30.5,30.0,30.0,29.5,29.0,28.5,28.0,27.5,27.5,27.5,28.0,28.5,29.0,29.5,30.0,30.5,30.5,31.0,31.0,31.5,31.5,32.0,32.0,32.0,32.0,32.0,31.5,31.0,31.0,31.0,31.0,31.0,31.0,31.0,31.5,32.0,32.5,33.0,33.0,33.5,33.0,33.0,32.5,32.0,31.0,30.5,30.0,29.5,29.0,29.0,29.0,29.0,29.5,29.5,30.0,30.0,30.5,30.5,30.5,30.5,30.5,30.5,30.0,30.0,29.5,29.0,28.5,28.5,28.5,29.0,29.5,29.5,30.0,30.5,31.0,31.5,32.0,32.5,33.0,33.0,33.5,33.0,33.0,32.5,32.0,32.0,31.5,31.0,31.0,31.0,31.0,31.5,32.0,32.5,33.0,33.0,33.5,34.0,34.5,35.0,35.0,35.0,34.5,34.5,34.0,33.5,33.5,33.5,33.5,33.5,33.5,33.5,34.0,34.5,35.0,35.5,35.5,36.0,36.0,36.0,36.0,36.0,36.0,35.5,35.5,35.0,35.0,34.5,34.5,34.0,34.0,34.0,34.5,35.0,35.0,35.5,36.0,36.0,36.5,36.5,36.5,36.5,36.5,36.0,36.0,35.5,35.0,34.5,34.0,34.0,34.0,34.0,34.5,35.0,35.5,35.5,36.0,36.5,37.0,37.0,37.0,37.0,37.0,36.5,36.5,36.0,35.5,35.5,35.5,35.5,35.5,35.5,35.5,36.0,0.0,0.0
23.0,23.5,23.5,24.0,24.0,23.5,23.0,22.5,21.5,21.0,20.0,19.5,19.5,19.5,19.5,20.0,20.0,20.5,21.0,21.0,21.0,21.0,20.5,20.0,19.0,18.0,16.0,14.0,12.0,9.5,7.5,5.5,4.0,2.5,1.5,1.0,0.5,0.5,1.5,3.0,5.0,7.5,11.5,15.5,20.5,26.0,31.5,38.0,44.5,50.5,56.0,61.5,67.0,72.0,77.5,82.0,86.5,90.0,92.5,94.0,95.0,95.0,95.0,94.5,93.0,90.5,87.5,83.5,79.0,74.5,69.0,64.0,59.0,54.0,49.0,44.5,40.5,37.0,34.0,31.0,28.5,26.0,24.5,23.0,21.5,21.0,20.5,20.0,19.5,19.0,18.5,18.5,18.0,18.0,17.5,17.0,17.0,17.0,17.0,17.0,17.5,17.5,17.5,17.5,17.5,17.0,17.0,16.5,16.0,15.5,15.0,14.5,14.5,14.0,14.0,14.5,15.0,15.5,16.0,16.0,16.5,16.5,16.0,16.0,15.5,15.0,14.5,14.0,14.0,13.5,13.0,12.5,12.5,12.0,12.0,12.0,12.0,12.0,12.5,13.0,13.5,13.5,14.0,14.5,14.5,14.0,14.0,13.5,13.0,13.0,12.0,11.5,11.5,11.5,11.5,11.5,12.0,13.0,13.5,14.0,14.5,15.0,15.5,16.0,16.0,16.0,16.0,15.5,15.0,15.0,15.0,15.0,15.0,15.0,15.0,15.0,15.5,15.5,15.5,15.5,16.0,16.0,16.0,16.0,15.5,15.5,15.0,14.5,14.0,13.5,13.5,13.0,13.0,12.5,12.5,13.0,13.0,14.0,14.5,15.5,16.0,16.0,16.0,16.0,16.0,16.0,15.5,15.5,15.5,15.0,15.0,15.0,15.0,15.0,15.0,15.0,15.0,15.0,15.0,15.5,15.5,16.0,16.0,16.0,16.0,15.5,15.5,15.0,14.0,13.5,13.0,12.5,12.0,11.5,11.5,12.0,12.0,12.5,13.0,13.0,13.5,13.5,13.5,14.0,14.0,14.0,13.5,13.5,13.0,13.0,13.0,13.0,13.5,13.5,14.0,14.0,14.5,15.0,15.0,15.0,15.0,15.0,15.0,14.5,14.5,14.5,14.0,14.0,14.0,13.5,13.5,13.5,13.5,13.5,14.0,14.0,14.5,15.0,15.5,16.0,16.0,16.5,16.5,17.0,17.0,17.0,16.5,16.0,15.0,14.5,13.5,13.0,12.5,12.0,12.0,12.5,12.5,12.5,13.0,13.0,13.5,13.5,14.0,14.0,13.5,13.0,12.5,12.0,11.5,11.5,11.5,11.5,12.0,12.5,13.0,13.5,13.5,14.0,14.0,14.0,0.0,0.0
42.0,41.5,42.0,42.0,42.5,43.0,43.5,44.0,44.5,44.5,45.0,45.0,44.5,44.0,43.5,42.5,41.0,40.0,39.0,38.0,37.0,36.0,35.5,35.0,35.0,35.5,36.5,37.5,39.0,41.0,42.5,44.0,44.5,45.0,45.0,44.0,43.0,41.0,38.5,36.0,33.0,30.0,26.5,24.0,21.5,20.0,19.0,18.5,19.0,19.5,21.0,23.0,25.5,28.5,32.5,36.5,41.5,47.5,53.5,60.5,67.5,74.5,81.0,87.0,92.5,98.0,103.0,108.0,112.5,115.5,118.0,119.0,119.5,119.5,119.0,117.5,115.0,111.5,107.5,102.5,97.0,92.0,86.5,81.0,76.0,71.0,66.5,62.0,58.0,54.5,51.0,47.5,45.0,43.0,41.0,40.0,39.0,38.5,38.0,37.5,36.5,36.0,35.0,34.5,34.0,33.5,33.5,33.5,34.0,35.0,35.0,35.5,35.0,35.0,35.0,34.5,34.5,34.0,33.5,33.0,32.5,32.0,31.5,31.0,30.5,30.0,30.0,30.0,30.5,30.5,31.0,31.0,31.5,31.5,31.5,31.5,31.5,31.5,31.5,31.5,31.0,31.0,30.5,30.0,30.0,30.0,30.5,30.5,31.0,31.5,31.5,32.0,32.0,31.5,31.5,31.5,31.0,31.0,30.5,30.5,30.0,29.5,28.5,28.5,28.0,28.0,28.0,28.0,28.5,29.0,29.5,30.0,30.0,30.5,30.5,31.0,30.5,30.5,30.0,30.0,29.5,29.5,29.5,29.5,29.5,29.5,29.5,30.0,30.0,30.5,30.5,31.0,31.5,31.5,31.5,31.5,31.0,30.5,30.0,29.0,28.5,28.0,27.5,27.5,27.5,27.5,28.0,28.0,28.5,29.5,30.0,31.0,31.0,31.5,31.5,31.5,31.0,30.5,30.5,30.0,30.0,29.5,29.5,29.5,29.5,30.0,30.0,30.0,30.0,30.0,30.5,31.0,31.0,31.5,31.5,31.5,31.5,31.0,30.5,30.5,30.0,29.5,29.0,28.5,28.0,27.5,27.0,27.0,27.0,27.5,28.0,29.0,29.5,30.0,30.0,30.0,29.5,29.5,29.5,29.0,29.0,28.5,28.5,28.5,28.0,28.0,28.0,28.0,28.0,28.5,29.0,30.0,30.5,31.0,31.5,31.5,31.0,31.0,30.5,30.5,30.0,30.0,29.5,29.5,29.5,29.5,30.0,30.0,30.5,31.0,31.5,31.5,32.0,32.5,32.5,32.5,32.0,31.5,31.0,30.0,29.0,28.5,28.0,27.5,27.0,27.0,27.0,27.5,27.5,28.0,28.5,28.5,28.5,28.5,28.5,28.0,27.5,27.0,26.5,26.0,0.0,0.0
14.0,13.5,13.0,13.0,14.0,16.0,19.0,23.5,29.0,35.5,43.0,51.0,59.5,68.0,76.5,84.0,90.5,96.5,102.5,107.5,111.5,115.0,117.0,118.0,118.5,117.5,116.5,115.0,113.0,110.0,107.0,103.5,99.5,95.5,91.0,86.5,81.5,77.0,72.5,68.5,64.0,60.0,56.5,52.5,49.5,46.5,44.5,42.5,41.0,40.0,39.0,38.5,38.5,38.5,39.0,39.0,39.5,40.0,40.0,40.0,39.5,39.0,38.5,37.5,37.0,36.5,36.0,36.0,36.0,36.0,36.0,36.0,36.0,36.0,36.0,36.0,36.5,36.5,37.0,37.5,38.0,38.0,38.0,37.5,37.0,36.5,36.5,36.0,36.0,36.0,36.0,36.0,36.5,36.5,37.0,37.0,37.5,37.5,37.5,37.5,37.5,37.5,37.0,37.0,36.5,36.5,36.0,36.0,36.0,36.0,36.0,36.5,36.5,37.0,37.5,38.0,38.0,38.5,38.5,39.0,39.0,38.5,38.5,38.0,37.5,37.0,36.5,36.0,35.5,35.5,35.5,35.5,36.0,36.0,36.5,36.5,37.0,37.0,37.0,37.5,37.5,37.5,37.5,37.5,37.5,37.0,37.0,37.0,36.5,36.5,37.0,37.5,38.0,38.5,39.5,40.0,40.5,40.5,41.0,41.0,41.0,41.5,41.5,41.0,40.5,40.0,40.0,39.5,39.0,39.0,39.0,38.5,39.0,39.0,39.5,39.5,40.0,40.0,40.0,40.0,39.5,39.0,39.0,38.5,38.0,38.0,37.5,37.5,38.0,38.0,38.0,38.0,38.5,38.5,39.0,39.5,40.5,41.0,41.0,41.5,41.5,41.0,41.0,40.5,40.0,39.5,39.5,39.0,39.0,39.0,39.0,39.0,39.0,39.0,39.5,40.0,40.0,40.5,41.0,41.5,42.0,42.5,43.0,43.0,43.0,42.5,42.5,42.5,42.0,42.0,42.0,42.0,42.0,42.5,42.5,43.0,43.0,43.0,43.0,43.5,43.5,44.0,44.0,43.5,43.5,43.5,43.0,43.0,42.5,42.5,42.5,42.5,42.5,43.0,43.0,43.5,44.0,44.0,44.5,44.5,44.5,44.0,43.5,43.0,42.5,42.0,42.0,41.5,41.5,41.0,41.0,41.0,41.0,41.5,41.5,42.0,42.0,42.5,43.0,43.5,43.5,44.0,44.0,44.0,44.0,43.5,43.5,43.5,43.5,43.5,44.0,44.0,44.5,45.0,45.5,46.0,46.5,46.5,46.5,46.5,46.5,46.5,46.5,46.0,45.5,45.5,45.0,44.5,44.0,44.0,43.5,43.5,43.5,44.0,44.0,44.5,45.0,45.5,45.5,46.0,0.0,0.0
35.5,35.5,35.5,35.5,35.5,35.5,35.5,35.5,35.0,35.0,34.5,34.5,34.0,34.0,33.5,33.5,33.5,34.0,34.5,34.5,35.0,35.5,35.5,35.5,35.5,35.0,35.0,35.0,35.0,34.5,34.5,34.5,34.5,34.0,34.5,34.5,34.5,34.5,34.5,35.0,35.5,36.0,36.5,37.0,37.0,37.5,37.0,37.0,36.5,36.0,35.5,35.0,34.5,34.0,33.5,33.5,33.0,33.0,33.0,33.0,33.0,33.0,33.0,33.5,33.5,33.5,33.5,33.0,33.0,32.5,32.5,32.0,32.0,32.0,32.0,32.5,32.5,33.0,33.5,33.5,34.0,34.0,34.0,34.0,34.0,33.5,33.5,33.0,33.0,32.5,32.0,32.0,31.5,31.5,31.5,31.5,31.0,31.0,31.5,31.5,32.0,32.0,32.5,32.5,32.5,32.5,32.0,32.0,31.5,31.0,31.0,30.5,30.5,30.0,30.0,30.0,30.0,30.0,30.0,30.0,30.0,30.0,30.0,30.0,30.0,30.0,29.5,29.0,28.5,28.0,28.0,27.5,27.5,27.5,27.5,27.5,27.5,28.0,28.0,28.5,29.0,29.0,29.5,29.5,29.5,29.5,29.5,29.0,28.5,28.0,27.5,27.0,27.0,26.5,27.0,27.0,27.5,28.5,29.0,29.5,30.0,30.5,31.0,31.5,31.5,31.5,31.0,30.5,30.0,29.5,29.5,29.5,29.5,29.5,29.5,29.5,29.5,29.5,30.0,30.0,30.5,30.5,31.0,31.0,31.0,31.5,31.5,31.0,31.0,30.5,30.0,29.5,29.0,28.5,28.5,28.5,28.5,29.0,29.5,30.0,30.5,30.5,31.0,31.0,31.0,31.0,30.5,30.5,30.5,30.5,30.0,29.5,29.0,29.0,28.5,28.5,29.0,29.0,29.0,29.0,29.5,29.5,29.5,29.5,30.0,30.0,30.0,30.0,29.5,29.0,28.5,28.5,28.0,28.0,28.0,28.0,28.5,29.0,29.5,30.0,30.5,31.0,31.5,31.5,31.5,31.0,30.5,30.0,29.0,28.5,27.5,26.5,26.0,25.5,25.0,25.0,25.0,25.5,26.5,27.5,28.5,29.5,31.0,32.0,33.0,34.0,34.5,34.5,34.5,34.5,34.0,34.0,33.5,33.0,32.5,32.0,32.0,31.5,31.5,31.5,32.0,32.0,32.5,32.5,32.5,32.5,32.5,32.5,32.0,32.0,31.5,31.5,31.5,31.5,32.0,32.0,32.5,33.0,33.0,33.0,33.5,33.5,33.5,34.0,34.0,34.5,34.5,34.5,34.0,34.0,33.5,33.0,33.0,32.5,32.5,32.5,32.5,32.5,33.0,33.0,0.0,0.0
63.0,63.0,63.0,63.0,62.5,62.5,62.5,62.0,62.0,62.0,62.5,62.5,63.0,64.0,64.5,65.5,66.5,67.0,68.0,68.5,69.0,69.5,70.0,70.0,70.0,70.0,69.5,69.0,68.5,68.0,67.5,67.5,67.5,68.0,68.5,68.5,69.0,69.5,69.5,70.0,70.0,70.0,70.5,70.5,70.0,70.0,69.5,69.5,69.0,69.0,69.0,68.5,68.5,68.5,68.5,68.5,68.5,68.5,69.0,69.0,69.5,69.5,70.0,69.5,69.5,69.5,69.0,69.0,68.5,68.0,68.0,68.0,68.0,68.0,68.5,69.0,69.0,69.5,70.0,70.0,70.0,70.0,70.0,70.0,69.5,69.5,69.5,69.5,69.0,69.0,69.0,69.0,69.0,68.5,68.5,68.5,68.5,69.0,69.0,69.0,69.0,68.0,67.0,66.0,64.0,62.0,60.0,57.5,55.0,53.5,52.0,51.0,50.0,50.0,50.0,51.0,52.5,55.0,58.0,61.5,66.5,71.5,77.0,83.5,90.5,97.0,103.5,110.0,116.0,122.0,128.0,134.0,140.0,145.0,149.0,152.0,153.5,155.0,155.5,155.5,154.5,152.5,149.5,145.5,141.0,136.0,130.5,125.0,119.0,113.5,108.0,103.0,98.5,94.5,90.5,87.0,84.0,81.5,79.5,78.0,76.5,76.0,75.5,75.0,75.0,74.5,74.0,73.5,73.0,73.0,72.5,72.5,72.5,72.5,72.5,72.5,72.5,72.5,72.5,72.5,72.5,72.5,72.5,72.5,72.5,72.0,71.5,71.0,70.5,70.5,70.0,70.0,70.0,70.0,70.0,70.0,70.0,70.0,70.0,70.0,70.0,70.0,70.0,70.0,69.5,69.0,69.0,68.5,68.0,68.0,68.0,68.0,68.0,68.5,68.5,68.5,69.0,69.0,69.5,70.0,70.0,70.0,70.0,70.0,69.5,69.5,69.5,69.0,69.0,69.0,69.0,69.0,69.0,69.0,69.5,69.5,70.0,70.0,70.0,70.0,70.0,70.0,70.0,70.0,70.0,69.5,69.0,68.5,68.5,68.0,68.0,67.5,67.5,67.5,67.5,68.0,68.0,68.5,68.5,69.0,69.0,69.0,69.0,69.0,68.5,68.5,68.0,68.0,68.0,67.5,67.5,67.0,67.0,67.0,67.0,67.0,67.5,67.5,68.0,68.5,69.0,69.0,69.0,69.0,69.0,68.5,68.0,68.0,67.5,67.5,67.0,66.5,66.5,66.5,66.5,67.0,67.5,67.5,68.0,68.5,69.0,69.5,69.5,69.5,69.5,69.0,68.5,68.5,68.0,68.0,67.5,67.5,67.0,67.0,67.5,67.5,67.5,68.0,68.0,68.0,0.0,0.0
30.5,30.5,30.5,30.0,30.0,29.5,29.0,28.5,28.0,27.0,26.5,26.0,25.5,25.0,24.5,24.0,23.5,23.5,23.5,23.5,24.0,25.0,26.0,26.5,27.0,27.5,27.5,28.0,28.0,28.5,29.0,29.0,29.0,29.0,29.0,28.5,28.0,27.5,27.0,26.5,26.5,26.0,25.5,25.0,24.5,24.0,23.5,23.5,23.5,23.5,23.5,23.5,23.5,23.5,24.0,24.0,24.0,24.0,24.0,24.0,23.5,23.5,23.5,23.0,22.5,22.0,21.5,21.5,21.0,21.0,21.0,21.0,20.5,21.0,21.0,21.5,21.5,22.0,22.0,22.5,22.5,22.0,21.5,20.5,19.5,18.5,18.0,18.0,17.5,17.5,17.5,17.5,18.0,18.5,19.5,20.5,21.0,21.5,22.0,22.5,22.0,22.0,21.5,21.0,21.0,20.5,20.5,20.5,20.0,20.0,20.0,20.0,19.5,19.5,19.5,19.5,19.5,20.0,20.0,20.0,19.5,19.5,19.0,18.5,18.5,18.0,18.0,18.0,18.0,18.0,18.5,18.5,19.0,19.0,19.5,19.5,19.5,19.5,19.5,19.5,19.5,19.5,19.5,19.0,19.0,18.5,18.5,18.0,18.0,17.5,17.0,17.0,17.0,17.0,17.5,17.5,18.0,18.0,18.0,17.5,17.5,17.0,17.0,17.0,16.5,16.5,16.0,16.0,16.0,16.0,16.5,16.5,17.0,17.0,17.0,17.0,17.0,17.0,17.0,17.0,16.5,16.0,15.5,14.5,13.5,12.0,10.5,8.5,6.5,4.5,2.0,0.0,-1.5,-2.5,-3.5,-4.0,-4.0,-3.5,-3.0,-2.0,0.0,3.0,6.0,10.0,14.5,20.0,26.0,32.5,39.0,45.5,51.5,57.0,63.0,68.5,74.0,79.5,83.5,87.0,89.5,90.5,91.0,91.0,90.5,89.0,87.5,85.0,82.0,78.0,73.5,69.0,64.0,59.0,54.0,49.5,45.0,41.0,37.0,33.5,30.0,27.0,24.0,21.5,19.0,17.5,16.5,15.5,15.0,14.5,14.0,13.5,13.5,13.5,13.5,13.5,14.0,14.5,15.0,15.0,15.5,15.0,15.0,14.5,14.0,13.5,13.0,12.5,11.5,11.0,10.0,9.5,9.5,9.5,10.0,10.5,11.0,11.5,11.5,12.0,12.0,12.0,11.5,11.5,11.0,10.5,9.5,9.0,8.5,8.5,8.5,8.5,9.0,9.5,9.5,10.0,10.0,10.5,10.5,10.5,10.5,10.5,10.0,10.0,9.5,9.0,8.5,8.0,7.5,7.5,7.0,7.0,6.5,6.0,6.0,6.0,6.0,6.0,6.0,6.0,6.5,6.5,0.0,0.0
10.5,10.5,10.0,10.0,9.5,9.0,8.5,8.0,7.5,7.5,7.5,7.5,7.5,7.5,8.0,8.0,8.5,8.5,8.5,8.5,8.5,8.5,8.0,8.0,7.5,7.0,6.5,6.0,5.5,5.5,5.0,5.5,5.5,6.0,6.5,7.0,7.5,7.5,8.0,8.0,8.0,8.0,8.0,7.5,7.5,7.0,6.0,5.5,5.0,4.5,4.5,4.5,4.5,4.5,5.0,5.0,5.5,5.5,5.5,6.0,6.0,6.5,6.5,6.5,6.5,6.0,5.5,5.0,5.0,5.0,5.0,5.0,5.5,6.0,6.5,7.0,7.5,8.0,8.0,8.5,8.5,8.5,8.5,8.0,7.5,7.5,7.5,7.5,7.0,7.0,7.5,7.5,7.5,8.0,8.0,8.5,9.0,9.5,10.0,10.5,10.0,10.0,9.5,9.0,8.5,8.0,7.5,7.0,6.5,6.5,6.0,6.0,6.0,6.5,6.5,7.0,8.0,8.5,9.0,9.5,9.5,9.5,9.5,9.0,8.5,8.5,8.0,7.5,7.5,7.0,6.5,6.5,6.0,6.5,6.5,7.0,7.0,7.5,7.5,8.0,8.0,8.0,8.0,7.5,7.0,6.5,6.5,6.0,6.0,6.0,6.0,6.5,7.0,7.5,8.0,8.5,9.0,9.0,9.5,10.0,10.0,10.0,9.5,9.5,9.0,8.5,8.5,8.5,8.0,8.0,8.5,8.5,8.5,8.5,9.0,9.0,9.0,9.5,9.5,9.5,9.5,9.5,9.5,9.5,9.5,9.0,9.0,8.5,8.5,8.5,8.5,8.5,9.0,9.5,10.0,10.5,10.5,11.0,11.0,11.0,11.5,11.5,11.5,11.0,11.0,11.0,10.5,10.0,10.0,9.5,9.5,9.5,9.5,9.5,10.0,10.5,10.5,10.5,11.0,11.0,10.5,10.5,10.0,10.0,9.5,9.0,9.0,9.0,8.5,8.5,8.5,8.5,8.5,8.5,9.0,9.5,10.0,10.5,10.5,10.5,10.5,10.5,10.5,10.5,10.0,9.5,9.0,8.5,8.0,7.0,6.5,6.5,6.0,6.5,6.5,7.0,7.0,7.5,7.5,7.5,7.0,7.0,6.0,5.5,5.0,5.0,5.0,5.0,5.0,5.0,5.5,5.5,5.5,6.0,6.5,7.0,8.0,8.5,9.0,9.0,9.0,9.5,9.5,10.0,10.0,10.5,10.5,10.5,10.0,10.0,9.5,9.5,9.0,9.5,9.5,10.0,10.5,10.5,11.0,10.5,10.5,10.5,10.0,10.0,9.5,9.5,9.0,8.5,8.0,8.0,8.0,8.0,8.0,8.5,9.0,9.5,10.0,10.5,11.0,11.0,0.0,0.0
5.5,5.0,5.0,4.5,4.5,5.0,5.0,5.5,5.5,6.0,6.5,7.0,7.0,7.0,7.0,6.5,6.0,6.0,5.5,5.5,5.0,4.5,3.5,3.5,3.0,3.0,3.0,3.5,3.5,4.5,5.0,5.5,6.0,6.0,6.0,6.5,6.5,6.5,6.5,6.5,7.0,7.0,7.0,7.0,7.0,7.0,6.5,7.0,7.0,7.5,7.5,8.0,8.5,9.0,9.5,9.5,10.0,10.0,10.0,10.0,9.5,9.0,8.5,8.0,7.5,7.5,7.5,7.5,8.0,8.0,8.5,8.5,8.5,8.5,8.5,8.5,8.5,8.5,8.0,8.0,7.5,7.5,7.5,7.0,7.0,7.0,7.0,7.5,7.5,8.5,9.0,9.5,10.0,10.5,10.5,11.0,11.0,11.0,11.0,11.0,10.5,10.5,10.0,10.0,9.5,9.5,9.5,9.5,10.0,10.5,10.5,11.0,11.5,11.5,11.5,12.0,12.0,12.0,12.0,12.0,11.5,11.5,11.5,11.5,11.5,11.5,11.5,12.0,12.0,12.5,13.0,13.0,13.5,14.0,14.5,14.5,15.0,14.5,14.5,14.0,13.5,13.5,13.0,13.0,13.0,13.0,13.0,13.0,13.0,13.0,13.0,13.0,13.0,13.5,13.5,14.0,14.0,14.0,14.0,14.0,13.5,13.5,13.0,12.5,12.5,12.0,12.0,12.0,12.5,12.5,13.0,13.0,13.5,14.0,14.0,14.0,14.5,14.0,14.0,14.0,13.5,13.5,13.5,13.0,13.0,13.0,13.0,13.5,13.5,14.0,14.0,14.5,14.5,14.5,14.5,15.0,15.0,15.0,15.0,15.0,14.5,14.0,13.5,13.5,13.0,13.0,13.5,13.5,13.5,14.0,14.0,14.5,14.5,15.0,15.0,15.0,15.0,15.0,15.0,14.5,14.5,14.0,13.5,13.5,13.0,13.0,13.0,13.5,13.5,14.5,15.0,16.0,16.5,17.0,17.5,17.5,17.5,18.0,17.5,17.5,17.0,16.5,16.5,16.5,16.5,16.5,16.5,17.0,17.0,17.5,17.5,17.5,18.0,18.0,18.0,18.0,18.0,18.0,18.0,18.0,17.5,17.5,17.0,17.0,17.5,17.5,17.5,17.5,18.0,18.0,18.5,19.0,19.0,19.0,19.0,19.0,19.0,19.0,19.0,19.0,19.0,19.0,18.5,18.5,18.0,18.0,18.0,18.0,18.5,18.5,19.0,19.5,20.0,20.5,21.0,21.5,22.0,22.0,22.0,21.5,21.5,20.5,20.0,19.5,18.5,18.0,17.0,16.5,16.0,15.5,15.0,15.0,15.0,15.0,16.0,17.0,18.0,19.0,20.0,20.5,0.0,0.0
72.0,72.0,72.0,71.5,71.5,71.0,71.0,70.5,70.0,69.5,69.5,69.5,70.0,71.0,72.0,72.5,73.0,73.5,74.0,74.0,74.0,74.5,74.0,74.0,73.5,73.0,72.5,72.5,72.0,72.0,71.5,71.5,72.0,72.0,72.5,72.5,72.5,72.5,72.5,72.5,73.0,73.0,73.0,73.0,73.0,73.0,72.5,72.0,71.5,71.5,71.5,71.5,72.0,72.5,73.0,73.5,74.5,75.0,75.5,76.0,76.0,76.0,75.5,75.0,74.5,73.5,73.0,73.0,73.0,73.0,73.0,73.5,73.5,73.5,74.0,74.5,74.5,75.0,75.5,75.5,75.5,75.5,75.0,75.0,75.0,74.5,74.5,74.0,74.0,73.5,73.5,73.5,73.5,74.0,74.0,74.5,74.5,74.5,74.5,74.5,75.0,75.0,75.0,75.0,74.5,74.5,74.0,74.0,73.5,73.5,73.5,74.0,74.0,75.0,75.5,76.0,76.5,77.0,77.5,77.5,77.5,77.0,76.5,76.0,76.0,75.5,75.5,75.0,75.0,75.0,74.5,74.5,74.5,74.5,74.5,74.5,75.0,75.0,75.0,75.0,75.0,74.5,74.0,73.5,73.0,73.0,72.5,72.5,72.5,72.5,72.5,72.5,72.5,73.0,74.0,75.0,76.0,77.0,78.0,78.5,78.5,78.0,78.0,77.5,77.0,77.0,76.5,76.0,75.0,74.5,74.0,74.0,74.0,74.0,74.5,74.5,74.5,74.5,74.5,74.5,74.0,74.0,73.5,73.0,72.5,72.0,72.0,71.5,71.5,71.5,71.5,72.0,72.0,72.5,73.0,73.5,74.5,74.5,75.0,75.0,74.5,74.5,74.0,73.5,73.5,73.5,73.5,73.5,73.5,73.5,73.5,73.5,74.0,74.5,75.0,75.5,75.5,76.0,76.0,75.5,75.5,75.5,75.0,74.5,74.0,73.5,73.0,72.5,72.5,72.0,72.0,72.0,71.5,71.0,70.5,69.5,68.5,67.0,65.5,64.0,62.0,59.5,57.5,55.5,54.0,52.5,52.0,51.5,51.5,52.0,53.5,55.5,59.0,63.0,68.0,73.5,80.0,87.0,94.5,102.0,109.0,115.0,120.5,126.0,131.0,135.5,140.0,143.0,145.5,147.0,147.5,147.5,147.5,147.0,145.5,143.5,140.0,136.0,131.0,125.5,120.0,115.0,109.5,104.5,100.0,96.5,93.0,90.0,87.0,84.5,82.0,79.5,78.0,76.5,75.5,75.0,74.5,74.5,74.0,73.5,72.5,71.5,70.5,69.0,68.0,67.0,66.0,65.0,64.0,63.5,63.5,63.5,63.5,63.5,64.0,64.0,64.5,64.5,64.5,64.5,0.0,0.0
70.0,70.0,70.0,70.5,70.5,71.0,71.5,71.5,71.0,71.0,70.5,70.0,70.0,69.5,69.5,69.0,69.0,69.0,69.5,69.5,70.0,70.0,70.5,70.5,71.0,71.5,72.0,72.0,72.0,72.0,71.5,71.0,70.5,70.0,69.5,69.0,69.0,69.0,69.5,70.0,70.5,70.5,71.0,71.0,71.0,71.0,71.0,71.0,71.0,70.5,70.5,70.5,70.0,70.0,69.5,69.5,69.5,69.5,69.5,69.5,70.0,70.5,70.5,71.0,71.5,71.5,72.0,72.5,73.0,73.0,72.5,72.5,72.0,72.0,71.5,71.5,71.5,71.0,71.0,70.5,70.5,70.5,70.5,71.0,71.0,71.0,71.5,71.5,71.0,71.0,70.5,70.0,70.0,70.0,69.5,70.0,70.0,70.0,70.0,70.5,70.5,71.0,71.0,71.5,72.0,72.0,72.0,71.5,71.0,70.5,70.0,69.5,69.0,68.5,68.0,68.0,68.0,68.0,68.0,68.5,68.5,69.0,69.0,69.5,70.0,70.5,70.5,70.5,70.5,70.0,69.5,69.0,68.0,67.5,67.5,67.5,67.5,68.0,68.5,68.5,68.5,69.0,69.0,69.5,70.0,70.0,70.0,70.0,70.0,69.5,69.0,68.0,67.5,67.0,66.5,66.0,66.0,66.0,66.0,66.0,66.5,67.0,67.5,68.0,68.0,68.0,68.0,68.0,67.5,67.0,66.5,66.5,67.0,67.0,67.0,67.5,67.5,67.5,68.0,69.0,69.5,70.5,71.0,72.0,72.5,73.0,73.0,72.5,72.5,72.0,71.5,71.5,71.0,71.0,71.0,71.0,70.5,70.5,70.5,70.5,71.0,71.0,71.5,71.5,71.5,72.0,71.5,71.5,71.0,70.5,70.5,70.5,70.5,70.5,70.5,70.5,70.5,70.5,70.5,70.5,71.0,71.0,71.0,71.5,71.5,72.0,72.0,72.5,72.5,72.5,72.0,71.5,71.5,71.0,71.0,70.5,70.5,70.5,71.0,71.0,71.5,71.5,72.0,72.0,72.5,72.5,72.5,73.0,72.5,72.5,72.0,72.0,72.0,72.0,71.5,71.5,71.5,71.5,71.5,71.5,71.5,71.5,70.5,69.5,68.0,66.0,63.5,61.0,58.5,56.0,53.0,51.0,49.0,47.0,46.0,45.5,46.0,47.5,50.5,54.5,59.5,65.0,71.0,77.5,84.5,92.0,99.5,107.0,113.5,119.5,125.0,130.5,135.5,140.0,144.0,147.5,149.5,150.5,151.0,150.5,150.0,149.5,148.0,146.5,143.5,140.5,136.5,131.5,126.5,121.5,116.0,111.0,105.5,101.0,96.5,92.0,88.5,85.5,83.0,81.0,0.0,0.0
69.0,68.5,68.5,68.5,68.0,68.0,67.5,67.5,67.5,68.0,68.0,68.5,69.0,69.5,69.5,69.5,69.5,69.5,70.0,70.0,70.0,69.5,69.5,69.0,69.0,68.5,68.0,67.5,67.5,67.5,67.5,68.0,68.0,68.5,69.0,69.5,69.5,69.5,69.5,69.5,69.5,69.0,68.5,68.0,67.5,67.0,66.5,66.0,66.0,66.0,66.0,66.0,66.5,66.5,67.0,67.5,67.5,67.5,67.5,67.0,67.0,66.5,66.5,66.0,66.0,65.5,66.0,66.0,66.5,67.0,67.0,67.5,68.0,68.0,68.5,68.5,68.5,69.0,69.0,69.0,68.5,68.5,68.5,68.5,68.5,68.5,68.5,69.0,69.0,69.5,69.5,70.0,70.5,70.5,71.0,71.0,71.0,71.0,71.0,71.0,71.0,71.0,70.5,70.5,70.0,70.0,69.5,69.5,69.5,70.0,70.0,70.5,71.0,71.5,72.0,72.0,72.5,72.5,72.5,72.5,72.5,72.0,72.0,71.5,71.0,70.5,70.0,70.0,69.5,69.5,69.5,69.5,70.0,70.5,71.0,71.0,71.5,71.5,71.0,70.5,70.5,70.0,69.5,69.0,69.0,68.5,68.5,68.5,68.5,68.5,68.5,69.0,69.0,69.5,69.5,70.0,70.0,70.0,70.0,70.0,70.0,70.0,69.5,69.0,68.5,68.0,67.5,67.5,67.5,68.0,68.0,68.5,69.0,69.0,69.0,69.0,69.5,69.5,69.5,69.5,69.0,69.0,68.5,68.0,68.0,67.5,67.0,66.5,66.5,66.0,66.0,66.5,66.5,66.5,66.5,67.0,67.0,67.0,66.5,66.5,66.0,65.0,64.5,63.5,63.0,62.5,62.0,61.5,61.5,61.5,61.0,61.0,61.0,61.0,61.0,61.0,61.5,61.5,62.0,62.0,62.5,62.5,62.5,63.0,63.0,63.5,63.5,64.0,64.0,64.5,65.0,65.5,66.0,67.0,67.0,67.5,68.0,68.0,68.0,68.0,68.0,68.0,67.5,67.5,67.0,66.5,66.0,65.5,65.5,65.0,65.0,65.5,65.5,66.0,66.5,67.0,67.5,67.5,67.5,67.5,67.5,67.0,67.0,66.0,65.5,65.0,64.0,63.5,63.0,62.5,62.0,61.5,61.0,61.0,61.5,62.5,64.0,65.0,66.0,67.0,67.5,68.0,68.0,68.0,68.0,68.0,67.5,67.5,67.0,67.0,67.0,67.0,66.5,66.0,66.0,65.5,65.5,65.0,64.5,64.0,63.5,63.0,62.5,62.0,61.0,60.5,59.5,58.5,57.0,55.5,54.0,52.5,50.5,49.0,47.5,46.5,46.0,45.5,45.5,46.0,0.0,0.0
48.5,48.5,48.0,48.0,48.0,47.5,48.0,48.0,48.5,49.0,49.5,50.0,50.5,50.5,51.0,50.5,50.5,50.0,50.0,49.5,49.5,49.0,49.0,49.0,49.0,49.0,49.0,49.5,50.0,50.5,51.0,51.0,51.5,52.0,52.0,52.0,52.0,51.5,51.5,51.5,51.0,50.5,50.5,50.0,50.0,50.0,50.0,50.5,50.5,51.0,51.0,51.5,51.5,52.0,52.0,52.5,52.5,52.5,52.5,53.0,53.0,53.0,53.0,53.0,52.5,52.5,52.5,52.5,53.0,53.5,54.0,54.5,54.5,54.5,54.5,55.0,55.0,55.0,54.5,54.5,54.0,53.5,53.5,53.5,53.5,53.5,53.5,53.5,54.0,54.0,54.5,55.0,55.5,55.5,56.0,56.0,56.0,55.5,55.5,55.5,55.5,55.5,55.5,55.5,55.0,55.0,55.0,55.5,55.5,56.0,56.0,56.5,56.5,56.5,57.0,57.0,57.5,57.0,57.0,57.0,56.5,56.5,57.0,57.0,57.5,57.5,58.0,58.5,59.0,59.5,60.0,60.5,61.0,61.0,61.0,61.0,60.5,60.5,60.0,59.5,59.0,58.5,58.0,58.0,58.0,58.0,58.0,58.0,58.5,58.5,58.5,59.0,59.0,59.0,58.5,58.5,58.5,58.0,58.0,57.5,57.0,57.0,57.0,57.0,56.5,56.5,56.5,56.5,56.5,57.0,57.5,58.5,59.0,59.5,60.0,60.5,61.0,61.0,61.0,60.5,60.5,60.5,61.0,61.0,61.0,61.0,61.0,61.0,61.0,61.5,61.5,62.0,62.0,62.0,62.0,61.5,61.0,60.5,60.0,60.0,60.0,60.0,60.5,60.5,60.5,60.5,61.0,61.0,61.5,62.0,62.0,62.5,63.0,63.5,63.5,64.0,64.0,64.5,64.0,64.0,63.5,63.5,63.5,63.5,63.0,63.0,63.5,63.5,64.0,64.5,65.0,65.5,65.5,65.5,65.5,65.5,65.0,65.0,65.5,65.5,65.5,65.5,65.0,65.0,65.0,65.0,65.0,65.0,65.0,65.5,65.5,66.0,66.0,66.0,65.5,65.0,64.0,63.0,61.5,59.5,57.0,55.0,52.5,50.0,48.5,47.0,46.0,45.5,45.5,45.5,46.0,47.0,49.5,52.5,57.0,62.0,67.5,74.0,81.0,88.5,95.5,102.5,109.0,115.0,121.5,127.5,134.0,140.0,145.5,149.5,152.0,153.5,154.0,154.0,153.5,152.5,150.5,147.5,143.5,139.0,134.5,129.5,124.5,119.0,114.0,108.5,103.5,99.0,94.5,90.5,87.0,84.0,81.0,78.0,76.0,74.5,73.0,72.0,71.5,71.0,0.0,0.0
69.0,69.0,69.5,69.5,69.5,69.5,70.0,70.0,70.0,70.0,70.0,69.5,69.5,69.0,68.5,68.0,67.5,67.5,67.5,67.5,67.5,67.5,68.0,68.5,69.0,69.5,70.0,70.5,70.5,70.5,70.5,70.0,70.0,69.5,69.0,68.5,68.5,68.5,68.5,68.0,68.5,68.5,68.5,69.0,69.0,69.0,69.5,69.5,69.5,69.5,69.5,69.5,69.0,68.5,68.5,68.5,68.0,68.0,67.5,67.5,67.5,68.0,68.0,68.5,69.0,69.5,69.5,69.5,69.5,69.5,70.0,70.0,70.0,69.5,69.5,69.0,69.0,68.5,68.0,67.5,67.5,67.5,67.5,68.0,68.0,68.5,69.0,69.5,69.5,69.5,69.5,69.5,69.5,69.0,68.5,68.0,67.5,67.0,66.5,66.0,66.0,66.0,66.0,66.0,66.5,66.5,67.0,67.5,67.5,67.5,67.5,67.0,67.0,66.5,66.5,66.0,66.0,65.5,66.0,66.0,66.5,67.0,67.0,67.5,68.0,68.0,68.5,68.5,68.5,69.0,69.0,69.0,68.5,68.5,68.5,68.5,68.5,68.5,68.5,69.0,69.0,69.5,69.5,70.0,70.5,70.5,71.0,71.0,71.0,71.0,71.0,71.0,71.0,71.0,70.5,70.5,70.0,70.0,69.5,69.5,69.5,70.0,70.0,70.5,71.0,71.5,72.0,72.0,72.5,72.5,72.5,72.5,72.5,72.0,72.0,71.5,71.0,70.5,70.0,70.0,69.5,69.5,69.5,69.5,70.0,70.5,71.0,71.0,71.5,71.5,71.0,70.5,70.5,70.0,69.5,69.0,69.0,68.5,68.5,68.5,68.5,68.5,68.5,69.0,69.0,69.5,69.5,70.0,70.0,70.0,70.0,70.0,70.0,70.0,69.5,69.0,68.5,68.0,67.5,67.5,67.5,68.0,68.0,68.5,69.0,69.0,69.0,69.0,69.5,69.5,69.5,69.5,69.0,69.0,68.5,68.0,68.0,67.5,67.0,66.5,66.5,66.0,66.0,66.5,66.5,66.5,66.5,67.0,67.0,67.0,66.5,66.5,66.0,65.0,64.5,63.5,63.0,62.5,62.0,61.5,61.5,61.5,61.0,61.0,61.0,61.0,61.0,61.0,61.5,61.5,62.0,62.0,62.5,62.5,62.5,63.0,63.0,63.5,63.5,64.0,64.0,64.5,65.0,65.5,66.0,67.0,67.0,67.5,68.0,68.0,68.0,68.0,68.0,68.0,67.5,67.5,67.0,66.5,66.0,65.5,65.5,65.0,65.0,65.5,65.5,66.0,66.5,67.0,67.5,67.5,67.5,67.5,67.5,67.0,67.0,66.0,65.5,65.0,64.0,63.5,0.0,0.0
5.0,3.0,1.0,-1.5,-3.5,-5.0,-6.0,-7.0,-7.5,-7.5,-7.5,-6.5,-5.0,-2.5,0.0,3.5,7.5,12.5,18.0,24.0,30.5,37.5,44.5,51.0,57.5,63.5,69.5,75.5,81.0,85.5,89.0,91.5,93.0,93.5,93.0,92.5,91.0,89.0,86.5,83.0,79.0,74.0,69.5,64.5,59.5,54.5,50.0,45.5,41.0,37.5,33.5,30.5,27.0,24.0,21.5,19.0,17.5,16.0,15.0,14.5,14.0,13.5,13.5,13.0,13.0,13.5,13.5,14.0,14.0,14.5,15.0,15.0,15.0,15.0,14.5,14.0,14.0,13.5,13.0,12.5,12.0,11.5,11.5,11.5,11.5,11.5,12.0,12.0,12.5,12.5,12.5,13.0,13.0,13.0,13.0,12.5,12.0,11.5,10.5,10.0,9.5,9.0,9.0,9.0,9.0,9.5,10.0,10.5,10.5,10.5,10.5,10.5,10.5,10.5,10.5,10.5,10.5,10.5,10.5,10.5,10.5,10.0,10.0,10.0,10.0,10.0,10.5,10.5,10.5,10.5,11.0,11.0,11.0,11.0,11.0,11.0,10.5,10.5,10.5,10.5,10.5,10.0,10.0,9.5,9.5,10.0,10.5,10.5,11.0,11.5,11.5,12.0,12.0,11.5,11.5,11.0,10.5,10.5,10.0,10.0,10.0,10.0,10.0,10.5,10.5,11.0,11.0,11.5,12.0,12.0,12.5,12.5,12.5,12.5,12.5,12.0,11.5,11.0,10.5,10.0,9.5,9.5,9.5,9.5,10.0,10.5,10.5,11.0,11.5,12.0,12.5,12.5,12.5,12.5,12.0,12.0,11.5,11.5,11.5,11.5,11.0,11.0,11.0,11.0,11.0,11.5,11.5,12.0,12.5,12.5,13.0,13.5,13.5,14.0,14.0,14.0,13.5,13.5,13.0,13.0,12.5,12.5,12.5,12.5,12.5,12.5,13.0,13.0,13.5,13.5,14.0,14.0,14.5,14.5,14.5,14.5,14.5,14.5,14.0,14.0,13.5,13.5,14.0,14.0,14.5,15.0,15.5,16.0,17.0,18.0,18.5,19.0,19.5,19.5,19.5,19.0,19.0,18.0,17.5,16.5,15.5,15.0,14.0,13.5,12.5,12.0,11.5,11.0,10.5,10.5,11.0,12.0,13.0,14.5,16.0,17.0,18.0,18.5,19.0,19.0,19.0,19.0,19.0,19.0,19.0,19.0,19.0,19.0,19.0,19.0,19.0,19.0,19.0,18.5,18.5,18.0,17.5,16.5,16.0,16.0,15.5,15.5,15.5,15.5,16.0,16.5,17.5,18.5,19.0,20.0,20.5,20.5,20.5,20.0,20.0,19.5,19.0,18.5,18.5,18.5,0.0,0.0
2.0,2.5,3.0,3.5,3.0,2.5,2.0,1.0,0.5,-0.5,-1.5,-2.5,-3.0,-3.5,-3.5,-3.5,-3.5,-3.0,-2.5,-1.5,-1.0,-1.0,-1.0,-1.0,-1.5,-2.0,-2.5,-3.0,-4.0,-4.5,-5.0,-5.0,-5.0,-4.5,-4.0,-3.5,-3.0,-2.5,-2.0,-1.5,-1.5,-1.5,-1.5,-2.0,-2.5,-2.5,-3.0,-4.0,-4.0,-4.5,-4.5,-5.0,-4.5,-4.5,-4.5,-4.0,-4.0,-4.0,-4.0,-4.0,-4.0,-4.0,-4.0,-3.5,-3.5,-3.5,-4.0,-4.5,-5.0,-5.5,-6.0,-6.0,-6.5,-6.5,-6.5,-6.5,-6.5,-7.0,-7.0,-8.0,-9.0,-10.0,-12.0,-13.5,-16.0,-18.0,-20.0,-21.5,-23.0,-24.5,-25.5,-26.0,-26.0,-25.0,-23.5,-20.5,-17.0,-12.5,-7.5,-1.5,5.5,12.5,20.0,27.0,33.5,39.5,45.0,50.5,55.5,60.5,65.0,69.0,71.5,73.0,74.0,74.5,74.5,74.5,73.5,72.0,69.0,66.0,62.0,57.5,52.5,47.5,42.0,37.0,31.5,26.5,22.0,18.0,14.0,10.5,7.5,4.5,2.5,1.0,0.5,0.0,0.0,-0.5,-0.5,-1.0,-1.5,-2.0,-2.5,-2.5,-3.0,-3.5,-3.5,-4.0,-4.5,-4.0,-4.0,-3.5,-3.0,-2.5,-2.5,-2.0,-2.0,-2.5,-3.0,-3.0,-3.5,-4.0,-4.5,-5.0,-5.5,-5.5,-5.5,-5.5,-5.5,-5.5,-5.5,-5.5,-5.0,-5.0,-5.0,-4.5,-4.5,-5.0,-5.0,-5.0,-5.5,-5.5,-6.0,-6.5,-7.0,-7.0,-7.0,-7.0,-7.0,-7.0,-6.5,-6.0,-5.5,-4.5,-3.5,-3.0,-2.5,-2.0,-2.0,-2.0,-2.0,-2.5,-2.5,-3.0,-3.0,-3.5,-4.0,-4.0,-4.5,-5.0,-5.0,-5.0,-5.0,-4.5,-4.0,-4.0,-4.0,-4.0,-3.5,-3.5,-4.0,-4.0,-4.5,-5.0,-5.0,-5.5,-6.0,-6.0,-6.0,-6.0,-6.0,-5.5,-5.0,-5.0,-4.5,-4.0,-4.0,-4.0,-4.0,-4.0,-4.0,-4.0,-4.0,-4.5,-5.0,-5.5,-6.0,-6.5,-6.5,-6.5,-6.5,-6.5,-6.0,-6.0,-6.0,-5.5,-5.5,-6.0,-6.0,-6.0,-6.0,-6.0,-6.5,-6.5,-6.5,-6.5,-6.5,-6.5,-6.5,-6.0,-6.0,-5.5,-5.5,-5.5,-5.0,-5.0,-5.0,-5.0,-4.5,-4.5,-4.0,-4.5,-4.5,-5.0,-5.5,-5.5,-5.5,-5.5,-5.5,-5.0,-5.0,-4.5,-4.0,-3.5,-3.5,-3.0,-3.0,-2.5,-3.0,-3.5,-4.5,-5.5,-6.5,-7.5,-9.0,-10.0,-11.0,-11.5,-12.0,-11.5,-11.0,-10.0,-8.5,-7.0,-5.5,-4.5,0.0,0.0
69.0,69.0,68.5,68.5,68.5,69.0,69.0,69.5,69.5,70.0,71.0,71.5,71.5,72.0,72.0,72.0,71.5,71.5,71.0,71.0,70.5,70.0,69.5,69.5,69.5,70.0,71.0,72.0,72.5,73.0,73.5,74.0,74.0,74.0,74.5,74.0,74.0,73.5,73.0,72.5,72.5,72.0,72.0,71.5,71.5,72.0,72.0,72.5,72.5,72.5,72.5,72.5,72.5,73.0,73.0,73.0,73.0,73.0,73.0,72.5,72.0,71.5,71.5,71.5,71.5,72.0,72.5,73.0,73.5,74.5,75.0,75.5,76.0,76.0,76.0,75.5,75.0,74.5,73.5,73.0,73.0,73.0,73.0,73.0,73.5,73.5,73.5,74.0,74.5,74.5,75.0,75.5,75.5,75.5,75.5,75.0,75.0,75.0,74.5,74.5,74.0,74.0,73.5,73.5,73.5,73.5,74.0,74.0,74.5,74.5,74.5,74.5,74.5,75.0,75.0,75.0,75.0,74.5,74.5,74.0,74.0,73.5,73.5,73.5,74.0,74.0,75.0,75.5,76.0,76.5,77.0,77.5,77.5,77.5,77.0,76.5,76.0,76.0,75.5,75.5,75.0,75.0,75.0,74.5,74.5,74.5,74.5,74.5,74.5,75.0,75.0,75.0,75.0,75.0,74.5,74.0,73.5,73.0,73.0,72.5,72.5,72.5,72.5,72.5,72.5,72.5,73.0,74.0,75.0,76.0,77.0,78.0,78.5,78.5,78.0,78.0,77.5,77.0,77.0,76.5,76.0,75.0,74.5,74.0,74.0,74.0,74.0,74.5,74.5,74.5,74.5,74.5,74.5,74.0,74.0,73.5,73.0,72.5,72.0,72.0,71.5,71.5,71.5,71.5,72.0,72.0,72.5,73.0,73.5,74.5,74.5,75.0,75.0,74.5,74.5,74.0,73.5,73.5,73.5,73.5,73.5,73.5,73.5,73.5,73.5,74.0,74.5,75.0,75.5,75.5,76.0,76.0,75.5,75.5,75.5,75.0,74.5,74.0,73.5,73.0,72.5,72.5,72.0,72.0,72.0,71.5,71.0,70.5,69.5,68.5,67.0,65.5,64.0,62.0,59.5,57.5,55.5,54.0,52.5,52.0,51.5,51.5,52.0,53.5,55.5,59.0,63.0,68.0,73.5,80.0,87.0,94.5,102.0,109.0,115.0,120.5,126.0,131.0,135.5,140.0,143.0,145.5,147.0,147.5,147.5,147.5,147.0,145.5,143.5,140.0,136.0,131.0,125.5,120.0,115.0,109.5,104.5,100.0,96.5,93.0,90.0,87.0,84.5,82.0,79.5,78.0,76.5,75.5,75.0,74.5,74.5,74.0,73.5,72.5,71.5,70.5,69.0,68.0,67.0,66.0,0.0,0.0
40.0,40.0,40.0,40.5,40.5,40.5,40.5,40.5,40.5,40.0,40.0,39.5,39.0,39.0,38.5,38.5,38.5,39.0,39.5,40.0,40.5,41.0,41.5,41.5,42.0,42.0,42.0,42.0,42.0,41.5,41.0,40.5,40.0,39.0,38.0,37.0,36.0,35.0,33.5,31.5,30.0,28.0,26.5,25.0,23.5,22.5,21.5,21.0,21.0,21.5,22.0,23.5,26.0,29.5,33.5,38.5,44.5,51.0,58.0,65.0,72.0,79.0,85.5,92.5,99.5,106.0,112.0,117.0,121.0,123.5,125.0,126.0,126.5,126.5,125.5,124.0,121.5,118.5,114.5,110.0,105.5,100.5,95.5,90.0,84.5,79.0,74.0,69.5,65.0,61.5,58.0,55.0,52.5,50.5,49.0,48.0,47.5,47.0,47.5,47.5,48.0,48.5,48.5,49.0,49.0,48.5,48.0,47.5,47.5,47.0,46.5,46.5,46.0,46.0,46.0,45.5,45.5,46.0,46.0,46.0,46.5,46.5,47.0,47.0,47.5,47.5,47.5,47.0,46.5,46.0,45.5,45.0,45.0,45.0,44.5,44.5,44.5,44.5,45.0,45.5,45.5,46.0,46.5,46.5,46.5,46.5,46.0,46.0,45.5,45.5,45.0,45.0,45.0,45.0,45.0,45.5,45.5,46.0,46.0,46.0,46.0,46.5,46.5,47.0,47.0,47.0,46.5,46.5,46.0,45.5,45.5,45.0,45.0,45.0,45.0,45.5,45.5,46.0,46.0,46.5,46.5,47.0,47.0,47.5,47.5,47.0,47.0,47.0,46.5,46.0,46.0,46.0,46.0,46.0,46.0,45.5,45.5,45.0,45.0,45.0,45.5,45.5,45.5,45.5,45.5,45.5,45.0,44.5,44.5,44.0,43.5,43.5,43.5,43.5,44.0,44.0,44.5,45.0,45.0,45.5,46.0,46.0,46.5,46.5,46.5,46.5,46.0,45.5,45.5,45.0,44.5,44.0,43.5,43.0,42.5,42.5,42.5,42.5,43.0,43.0,43.0,43.0,43.0,43.0,43.0,43.0,43.0,42.5,42.5,42.0,41.5,41.0,41.0,40.5,40.5,40.5,41.0,41.5,42.0,42.5,43.0,43.0,43.5,44.0,44.0,44.0,44.0,44.0,44.0,43.5,43.5,43.0,42.5,42.0,42.0,42.0,42.5,42.5,43.0,43.5,43.5,44.0,44.0,44.5,44.5,44.5,44.5,44.5,44.5,44.5,44.5,44.5,44.5,44.5,44.5,44.5,44.5,45.0,45.0,45.5,45.5,46.0,46.0,46.5,46.5,46.5,46.5,46.0,46.0,45.5,45.0,44.5,43.5,43.0,43.0,43.0,43.5,44.5,44.5,45.0,0.0,0.0
6.5,6.5,6.0,6.0,5.5,5.5,5.5,5.5,5.5,5.5,5.5,5.5,5.5,5.5,6.0,6.0,6.5,6.5,7.0,7.0,7.0,7.5,7.5,7.5,7.5,7.0,6.5,6.0,5.5,5.5,5.5,6.0,6.0,6.5,6.5,7.0,7.5,8.0,8.0,8.5,9.0,9.0,9.0,9.0,8.5,8.0,8.0,7.5,7.0,7.0,6.5,6.5,6.5,7.0,7.0,7.5,7.5,8.0,8.5,8.5,9.0,9.5,9.5,9.5,9.5,9.0,8.5,8.0,7.5,7.0,7.0,7.0,7.0,7.5,8.0,8.5,9.0,10.0,10.5,10.5,11.0,11.0,11.0,11.0,10.5,10.5,10.0,10.0,9.5,9.5,9.5,9.0,9.0,9.0,9.0,9.5,9.5,10.0,10.0,10.5,10.5,10.5,10.0,10.0,9.5,9.5,9.0,8.5,8.5,8.0,7.5,7.0,7.0,7.0,7.0,7.5,8.0,8.5,9.0,9.5,10.0,10.0,10.5,10.5,11.0,11.0,11.0,11.0,11.5,11.5,12.0,12.5,12.5,13.0,13.0,13.5,13.5,13.5,14.0,14.0,14.5,14.5,14.5,14.5,14.0,13.0,12.5,11.5,11.0,10.5,10.5,10.5,10.5,11.0,11.5,12.0,12.5,13.0,13.5,14.0,14.0,14.5,14.5,14.0,13.5,13.0,12.5,12.0,11.5,11.0,11.0,11.0,11.0,11.5,11.5,12.0,12.5,13.0,13.5,14.0,14.0,14.5,14.5,14.5,14.5,14.5,14.0,14.0,13.5,13.5,13.5,13.5,14.0,14.5,15.0,15.5,16.0,16.0,16.5,16.5,16.5,16.0,16.0,16.0,15.5,15.5,15.0,14.5,14.0,13.0,12.0,11.0,9.5,8.0,6.5,5.0,3.0,1.5,0.0,-1.5,-2.5,-3.5,-4.0,-4.0,-4.0,-3.0,-1.5,0.5,4.0,8.0,12.5,18.5,25.0,32.5,40.0,47.5,54.5,61.0,67.5,73.5,80.0,85.5,90.5,94.5,97.0,99.0,100.0,100.5,100.5,99.5,97.5,94.5,91.0,86.5,82.0,77.0,72.0,67.0,62.0,57.0,52.5,48.0,44.0,40.0,36.5,33.0,30.0,27.5,25.5,24.5,23.5,23.5,23.5,23.5,23.5,24.0,24.0,24.0,24.5,24.5,24.5,24.5,24.5,24.0,24.0,23.5,23.0,22.5,21.5,21.0,20.5,20.5,20.5,20.5,20.5,21.0,22.0,22.5,23.0,23.0,23.0,23.0,23.0,22.5,22.0,21.0,20.5,19.5,19.0,18.5,17.5,17.0,17.0,17.0,17.5,18.5,20.0,21.5,23.0,24.0,0.0,0.0
45.0,44.5,44.5,44.0,44.0,44.0,43.5,43.5,43.5,43.5,43.5,43.5,44.0,44.5,44.5,45.0,45.0,45.5,45.5,45.5,45.0,45.0,44.5,44.5,44.0,44.0,44.0,44.0,44.0,44.0,44.5,45.0,45.5,46.0,46.0,46.5,46.5,47.0,46.5,46.5,46.0,45.5,45.0,44.5,44.5,44.0,43.5,43.5,43.5,43.5,43.5,44.0,44.5,44.5,45.0,45.0,45.0,45.0,44.5,44.0,43.5,43.5,43.0,42.5,42.5,42.0,41.0,41.0,40.5,40.5,41.0,41.0,41.5,41.5,42.0,42.0,42.0,42.5,42.5,42.5,42.5,43.0,43.0,42.5,42.5,42.5,42.5,43.0,43.5,44.0,44.5,45.0,45.5,46.0,46.0,46.5,46.5,46.5,46.0,46.0,46.0,45.5,45.0,44.5,44.5,44.0,44.0,44.0,44.0,44.0,44.5,44.5,45.0,45.5,46.0,47.0,47.0,47.0,47.0,47.0,46.5,46.0,45.5,45.0,44.5,44.0,44.0,44.0,44.0,44.0,44.0,44.5,45.0,45.5,46.0,46.0,46.5,46.5,46.5,46.5,47.0,47.0,47.0,47.0,47.0,46.5,46.5,46.0,46.0,46.5,46.5,47.0,47.5,47.5,47.5,47.5,47.5,47.5,47.5,47.5,47.5,47.5,47.0,47.0,47.0,46.5,45.5,45.0,44.0,43.0,41.5,40.5,39.0,37.5,36.5,35.0,33.5,32.5,31.5,31.0,31.0,31.0,32.0,33.0,35.0,38.0,41.5,45.5,50.5,56.5,63.5,71.0,78.5,85.5,92.5,99.0,106.0,112.0,118.5,124.0,128.5,132.0,133.5,134.5,135.0,134.5,133.5,131.5,129.0,125.5,121.5,117.0,112.5,107.5,103.0,98.0,92.5,87.5,82.5,78.0,73.5,69.0,65.5,62.0,59.0,56.5,54.5,53.5,53.0,52.5,53.0,53.5,54.0,54.5,55.0,55.0,55.0,54.5,54.5,53.5,53.0,52.0,50.5,49.5,48.0,47.0,46.0,45.0,44.5,44.0,44.0,44.5,45.0,46.5,48.0,49.0,50.5,52.0,53.0,54.0,54.5,54.5,54.5,54.5,54.0,53.0,52.5,52.0,51.5,51.0,50.5,50.5,50.5,50.5,50.5,51.0,50.5,50.5,50.5,50.0,50.0,50.0,49.5,49.5,49.5,49.0,49.0,48.5,48.5,48.5,49.0,49.5,50.0,50.5,50.5,51.0,51.0,50.5,50.5,50.5,50.5,50.5,50.0,50.0,49.5,49.5,49.5,49.0,49.0,49.5,49.5,50.0,50.0,50.5,50.5,51.0,51.0,51.0,51.0,51.0,0.0,0.0
46.0,46.5,46.5,47.0,47.0,47.5,47.5,48.0,48.5,48.5,48.5,48.5,48.5,48.5,48.5,48.5,49.0,49.0,49.5,50.0,50.5,51.0,52.0,52.5,53.0,53.0,53.0,53.0,52.5,52.0,51.5,51.0,51.0,50.5,50.0,49.5,49.5,49.5,49.5,50.0,50.5,50.5,50.5,51.0,51.0,51.0,51.5,51.5,52.0,51.5,51.5,51.0,51.0,51.0,51.0,51.5,52.0,52.5,53.0,53.0,53.5,54.5,55.0,55.5,55.5,55.5,55.5,55.0,55.0,54.5,54.0,54.0,53.5,53.0,53.0,53.0,53.0,53.5,53.5,53.5,54.0,54.0,54.0,54.0,54.0,54.5,54.0,54.0,53.5,53.0,52.5,52.0,51.0,50.5,49.5,48.5,47.0,45.0,43.0,41.5,39.5,38.0,36.5,35.0,34.0,33.0,32.0,31.0,30.5,30.5,31.5,33.0,36.0,39.5,43.5,49.0,55.0,62.0,69.5,77.5,85.0,92.0,98.5,105.0,111.0,116.5,121.5,125.5,129.0,131.5,132.5,133.5,134.0,133.5,132.5,130.0,127.0,123.0,118.5,114.0,109.0,104.0,99.0,94.0,89.0,84.0,79.5,74.5,70.5,66.5,63.0,59.5,57.0,55.0,54.0,53.0,53.0,52.5,53.0,53.0,53.0,52.5,52.5,52.5,52.5,52.0,52.0,51.5,51.0,50.5,49.5,49.0,48.5,47.5,47.5,47.0,47.0,47.0,47.5,47.5,48.0,48.0,48.5,48.5,48.5,49.0,49.0,49.0,48.5,48.5,48.5,48.0,48.0,47.5,47.5,47.0,47.5,47.5,48.0,48.0,48.5,49.0,49.0,49.5,49.5,49.5,49.5,49.0,48.5,48.5,48.0,47.5,47.5,47.0,47.0,47.0,47.0,47.5,47.5,48.0,48.0,48.5,49.0,49.5,50.0,50.0,50.5,50.5,50.5,50.5,50.0,49.5,49.5,49.0,48.5,48.0,48.0,48.5,48.5,49.0,49.0,49.5,49.5,50.0,50.0,50.5,50.5,50.0,50.0,50.0,49.5,49.5,49.5,49.5,49.5,49.0,49.0,49.0,49.5,50.0,50.5,51.0,51.5,52.0,52.5,52.5,52.0,52.0,51.0,50.5,50.0,49.5,49.0,48.5,48.5,48.0,48.0,48.0,48.0,48.5,49.0,49.0,49.5,49.5,49.5,49.5,49.5,49.0,49.0,49.0,49.0,49.0,49.0,49.0,49.0,49.0,49.0,49.0,49.0,49.0,49.0,49.5,50.0,50.0,50.5,51.0,51.5,51.5,51.0,50.5,50.0,49.5,49.0,48.5,48.5,48.5,48.5,48.5,49.0,49.5,0.0,0.0
36.0,36.0,36.5,37.0,37.0,37.5,37.5,38.0,38.0,38.5,38.5,39.0,39.0,39.0,39.0,38.5,38.5,39.0,39.0,39.0,39.0,39.5,40.0,41.0,41.5,42.0,42.5,42.5,42.5,42.5,42.0,41.5,40.5,39.5,39.0,38.0,37.0,36.0,35.5,34.5,34.5,34.5,35.0,36.5,37.5,39.0,40.5,42.0,43.0,43.5,44.0,44.0,43.5,43.0,42.5,42.0,41.5,41.0,40.0,39.0,38.5,38.0,38.0,38.0,38.0,38.5,38.5,38.5,39.0,39.0,39.0,38.5,38.0,37.5,37.0,37.0,37.0,37.0,37.0,37.0,37.0,36.5,36.5,37.0,37.5,38.0,38.0,38.5,38.5,38.5,38.5,38.0,37.5,37.5,37.0,36.5,36.5,36.0,36.0,35.5,35.5,36.0,36.5,37.0,37.0,37.5,38.0,38.0,38.5,39.0,39.0,39.0,39.0,39.0,38.5,38.0,38.0,37.5,37.5,37.5,37.5,37.5,37.5,38.0,38.5,38.5,39.0,39.0,39.0,39.0,39.0,38.5,38.5,38.0,37.0,37.0,36.5,36.5,36.0,36.0,36.0,36.0,36.5,37.0,37.0,37.5,38.0,38.5,38.5,38.5,38.5,38.5,38.0,38.0,37.5,37.0,37.0,36.5,36.5,36.0,36.0,36.0,36.5,37.0,37.5,38.0,38.0,38.5,38.5,38.5,38.5,38.5,38.5,38.5,38.0,37.5,37.5,37.0,37.0,37.0,37.5,38.0,38.5,38.5,39.0,39.5,40.0,40.5,41.0,41.0,41.0,41.0,40.5,40.5,40.5,40.0,39.5,39.5,39.5,39.5,39.5,40.0,40.0,40.5,41.0,41.5,42.0,42.0,42.5,42.5,42.5,42.0,42.0,41.5,41.0,41.0,41.0,41.0,41.0,41.0,41.0,41.0,41.5,41.5,42.0,42.0,41.5,41.5,41.5,41.5,41.5,41.5,41.0,40.5,40.0,40.0,39.5,39.5,39.5,40.0,40.0,40.5,41.0,41.5,42.5,43.0,43.5,44.0,44.0,44.0,44.0,43.5,43.0,43.0,42.5,42.0,41.5,41.0,41.0,41.0,41.5,41.5,42.0,42.5,42.5,43.0,43.5,44.0,44.5,44.5,44.0,43.5,43.0,42.5,42.5,42.0,42.0,42.0,42.0,42.0,42.0,42.5,42.5,43.0,43.0,43.5,43.5,44.0,44.0,44.0,43.5,43.5,43.0,43.0,42.5,42.0,42.0,42.0,41.5,41.5,42.0,42.5,43.0,43.5,43.5,43.5,43.5,43.5,43.5,43.5,43.0,43.0,42.5,42.5,42.0,41.5,41.0,40.5,40.0,40.0,0.0,0.0
60.0,60.5,60.5,61.0,61.0,61.0,61.0,60.5,60.5,60.5,60.0,60.0,60.0,59.5,59.5,59.5,59.5,59.5,60.0,60.0,60.5,61.0,61.5,61.5,62.0,62.0,62.0,62.0,61.5,61.5,61.0,60.5,60.5,60.5,60.0,60.0,59.5,59.5,60.0,60.0,60.5,60.5,61.0,61.0,61.5,61.5,61.5,61.5,61.5,61.5,61.0,61.0,61.0,60.5,60.5,60.5,60.0,60.0,60.0,60.0,60.0,61.0,61.5,62.0,62.5,62.5,62.5,62.5,62.0,61.5,61.0,60.5,60.5,60.0,60.0,59.5,59.5,59.5,60.0,60.0,60.5,61.0,61.0,61.5,62.0,62.0,62.0,62.0,62.0,61.5,61.5,61.5,61.0,61.0,61.0,61.0,61.0,61.0,61.0,61.0,61.0,61.5,62.0,62.5,63.0,63.0,63.5,63.5,63.0,63.0,62.5,62.5,62.5,62.5,62.5,62.5,62.5,62.5,62.5,63.0,63.0,63.0,63.0,63.0,63.5,63.5,63.5,63.5,63.5,63.5,63.5,63.5,63.0,62.5,62.5,62.5,62.5,62.5,63.0,63.5,64.5,65.0,66.0,66.0,66.5,66.5,66.5,66.5,66.0,65.5,65.0,64.5,64.0,63.5,63.0,63.0,63.0,63.0,63.0,63.0,63.5,63.5,64.0,64.5,64.5,64.5,64.5,64.5,64.0,63.5,63.0,62.5,62.5,62.5,62.0,62.0,62.0,62.5,62.5,63.0,63.5,64.0,64.5,65.0,65.5,66.0,66.0,66.0,66.0,66.0,65.5,65.0,65.0,64.5,64.5,64.5,64.0,64.5,64.5,64.5,65.0,65.5,66.0,66.0,66.5,66.5,66.5,66.5,66.5,66.0,66.0,65.5,65.0,65.0,64.5,64.5,64.0,64.0,64.5,64.5,65.0,65.5,66.0,66.0,66.0,66.5,66.5,66.5,66.0,66.0,66.0,65.5,65.0,65.0,64.5,64.5,64.5,64.0,64.0,64.5,64.5,65.0,65.0,65.5,65.5,65.0,65.0,65.0,64.5,64.0,63.5,63.0,62.5,62.0,62.0,62.0,62.0,62.0,62.0,62.0,62.5,62.5,62.0,62.0,61.5,61.0,60.5,59.5,58.5,58.0,57.5,57.0,57.0,57.0,57.5,58.0,59.5,61.0,62.5,64.0,66.0,67.5,69.5,71.0,71.5,72.0,72.0,71.5,71.0,70.5,70.0,69.5,68.5,68.0,67.5,67.0,66.5,66.0,66.0,65.5,65.5,65.5,66.0,66.0,66.0,66.0,66.0,66.0,65.5,65.5,65.5,65.0,65.0,64.5,64.5,64.0,64.0,64.0,64.0,64.5,0.0,0.0
31.5,32.5,33.0,33.5,34.0,34.0,34.0,34.0,33.5,33.5,33.0,32.5,32.5,32.5,32.0,32.0,32.5,32.5,32.5,32.5,32.5,32.5,33.0,33.5,34.0,34.0,34.0,34.0,33.5,33.5,33.0,32.5,32.0,31.5,31.0,31.0,30.5,30.0,29.5,29.5,29.5,30.0,30.0,30.5,31.0,31.5,31.5,32.0,32.0,31.5,31.0,31.0,30.5,30.5,30.0,30.0,29.5,29.5,29.5,29.5,29.5,30.0,30.0,30.5,31.0,31.5,31.5,32.0,32.0,31.5,31.5,31.0,30.5,29.5,29.0,28.5,28.0,28.0,28.0,28.5,28.5,29.0,29.5,30.0,30.0,30.5,30.5,31.0,31.0,31.0,31.0,30.5,30.5,30.0,30.0,29.5,29.0,29.0,29.0,29.5,30.0,30.5,31.0,31.5,32.0,32.5,32.5,33.0,33.0,33.0,32.5,32.5,32.5,32.0,32.0,32.0,32.0,32.0,32.0,32.5,32.5,33.0,33.5,34.0,34.5,34.5,35.0,35.0,34.5,34.5,34.0,33.5,33.0,32.5,32.0,31.5,31.5,31.5,31.5,31.5,32.0,32.5,32.5,33.0,33.5,34.0,34.0,34.0,34.0,34.0,33.5,33.5,33.0,33.0,32.5,32.0,32.0,32.0,32.0,32.0,32.5,32.5,33.0,33.0,33.5,34.0,34.0,34.5,34.5,34.5,34.5,34.5,34.0,34.0,33.5,33.5,33.0,33.0,33.0,33.5,33.5,34.0,34.5,34.5,35.0,35.5,35.5,35.5,35.5,35.0,35.0,34.5,34.0,34.0,34.0,34.0,34.0,34.0,34.0,34.0,34.5,34.5,35.0,35.5,36.0,36.5,36.5,36.5,36.5,36.5,36.0,36.0,36.0,35.5,35.0,35.0,34.5,34.5,34.5,35.0,35.0,35.5,35.5,36.0,36.5,37.0,37.0,37.0,37.0,36.5,36.5,36.0,35.5,35.0,35.0,34.5,34.5,34.5,34.5,34.5,35.0,35.5,35.5,36.0,36.5,36.5,37.0,37.5,37.5,37.5,37.5,37.0,36.5,35.5,35.0,34.5,34.5,34.5,34.5,35.0,35.5,35.5,36.0,36.5,37.0,37.0,37.5,38.0,38.5,38.5,38.5,38.5,38.5,38.0,38.0,38.0,37.5,37.5,37.5,37.5,37.0,37.0,37.5,37.5,37.5,37.5,37.5,38.0,38.0,38.0,37.5,37.5,37.0,37.0,37.0,36.5,36.5,36.5,36.5,37.0,37.0,37.5,38.5,39.0,39.0,39.5,39.5,39.5,39.5,39.5,39.0,38.5,38.0,37.5,37.5,37.0,37.0,37.0,37.0,37.0,0.0,0.0
67.5,68.5,69.0,70.0,71.0,71.5,72.0,72.0,72.5,72.5,72.5,72.5,72.0,72.0,71.5,71.0,70.5,70.0,69.0,68.5,67.5,67.5,67.0,67.0,67.0,67.0,67.0,67.0,67.5,68.0,68.5,69.0,69.0,69.0,69.0,69.0,69.0,68.5,68.5,68.0,68.0,68.0,68.0,68.0,68.0,68.0,68.0,68.5,68.5,69.0,69.0,69.0,69.0,69.5,69.5,70.0,69.5,69.0,68.5,68.0,67.5,67.5,67.5,67.5,67.5,67.5,67.5,67.5,68.0,68.0,68.5,69.0,69.5,70.0,70.0,70.5,70.0,70.0,70.0,69.5,69.0,68.5,68.5,68.0,68.0,68.0,68.0,68.0,68.5,68.5,69.0,69.5,69.5,70.0,70.0,69.5,69.0,69.0,68.5,68.0,67.5,67.5,67.0,67.0,66.5,66.5,66.5,66.5,66.5,67.0,67.5,67.5,68.0,68.0,68.0,68.0,68.0,68.0,67.5,67.0,66.5,66.5,66.5,66.5,66.5,66.0,66.0,66.0,66.0,66.0,66.0,66.0,65.5,65.5,65.5,65.5,65.5,65.0,64.5,64.0,63.5,62.5,62.0,61.5,61.5,61.5,61.5,61.5,62.0,62.0,62.5,63.0,63.0,63.5,63.5,64.0,64.0,64.0,64.0,64.0,64.0,64.5,65.0,65.0,65.5,66.5,67.0,68.0,68.5,69.5,70.5,71.0,71.0,71.0,71.0,71.0,71.0,70.5,70.0,70.0,70.0,69.5,69.0,68.5,68.0,68.0,67.5,67.5,67.5,68.0,68.0,68.0,68.5,68.5,68.5,68.5,68.5,68.5,68.5,68.0,67.5,67.0,66.5,66.5,66.0,66.5,66.5,67.0,67.5,68.0,68.5,68.5,69.0,69.0,69.0,69.0,69.0,69.0,68.5,68.0,68.0,67.5,67.0,66.5,66.5,66.5,67.0,67.5,68.0,68.0,68.5,68.5,68.5,68.5,68.5,68.5,68.0,67.5,67.0,67.0,66.5,66.5,66.0,66.0,66.0,66.0,66.0,66.0,65.5,64.5,63.0,62.0,60.0,58.5,56.5,54.5,53.0,51.5,50.5,49.5,49.5,49.5,50.0,51.5,53.5,56.5,60.0,65.0,70.5,76.5,83.0,90.0,97.5,104.0,110.5,116.5,122.0,128.0,133.5,138.5,143.0,146.5,149.0,150.0,150.5,150.5,150.0,149.5,147.5,145.0,142.0,138.0,133.5,128.5,123.0,118.0,112.5,107.0,101.5,96.5,91.5,87.0,83.0,79.5,76.5,74.5,72.5,71.5,70.5,70.0,70.0,70.0,70.0,70.0,70.0,70.0,70.0,69.5,69.0,68.5,0.0,0.0
56.5,56.5,57.0,57.5,58.5,59.0,59.5,60.5,61.0,61.5,62.0,62.5,63.0,63.5,63.5,63.5,63.0,62.5,62.5,62.0,61.5,61.0,60.5,60.0,59.5,59.5,59.0,59.0,59.0,59.0,59.0,59.0,59.0,59.5,59.5,60.0,60.5,60.5,61.0,61.0,60.5,60.5,60.0,60.0,59.5,59.5,59.5,59.0,59.0,59.0,59.5,59.5,60.0,60.5,61.0,61.5,61.5,62.0,62.0,62.0,61.5,61.0,61.0,60.5,60.0,60.0,59.5,59.5,59.0,59.0,59.0,59.0,59.5,59.5,60.0,60.0,60.5,60.5,61.0,61.0,60.5,60.5,60.0,60.0,59.5,59.5,59.0,59.0,58.5,58.5,58.5,59.0,59.5,60.0,60.5,61.0,61.5,61.5,62.0,61.5,61.5,61.5,61.0,60.5,60.5,60.0,60.0,59.5,59.5,59.5,59.5,59.5,60.0,60.5,60.5,61.0,61.5,62.0,62.0,62.5,62.5,62.0,62.0,61.5,61.0,60.5,60.0,60.0,60.0,60.0,60.0,60.5,61.0,61.0,61.5,61.5,62.0,62.0,62.5,62.5,62.0,61.5,61.0,60.5,60.5,60.0,59.5,59.0,59.0,59.0,59.0,59.5,59.5,60.0,60.5,60.5,61.0,61.0,61.0,61.0,60.5,60.5,60.5,60.0,60.0,60.0,59.5,59.5,59.5,59.5,59.5,60.0,60.0,60.5,61.0,61.5,61.5,62.0,62.0,62.0,62.0,61.5,61.5,61.0,60.5,60.5,60.5,60.0,60.0,59.5,59.5,60.0,60.0,60.5,60.5,61.0,61.0,61.5,61.5,61.5,61.5,61.5,61.5,61.0,61.0,61.0,60.5,60.5,60.5,60.0,60.0,60.0,60.0,60.0,61.0,61.5,62.0,62.5,62.5,62.5,62.5,62.0,61.5,61.0,60.5,60.5,60.0,60.0,59.5,59.5,59.5,60.0,60.0,60.5,61.0,61.0,61.5,62.0,62.0,62.0,62.0,62.0,61.5,61.5,61.5,61.0,61.0,61.0,61.0,61.0,61.0,61.0,61.0,61.0,61.5,62.0,62.5,63.0,63.0,63.5,63.5,63.0,63.0,62.5,62.5,62.5,62.5,62.5,62.5,62.5,62.5,62.5,63.0,63.0,63.0,63.0,63.0,63.5,63.5,63.5,63.5,63.5,63.5,63.5,63.5,63.0,62.5,62.5,62.5,62.5,62.5,63.0,63.5,64.5,65.0,66.0,66.0,66.5,66.5,66.5,66.5,66.0,65.5,65.0,64.5,64.0,63.5,63.0,63.0,63.0,63.0,63.0,63.0,63.5,63.5,64.0,64.5,64.5,64.5,64.5,0.0,0.0
99.0,106.0,112.0,118.5,124.0,128.5,132.0,133.5,134.5,135.0,134.5,133.5,131.5,129.0,125.5,121.5,117.0,112.5,107.5,103.0,98.0,92.5,87.5,82.5,78.0,73.5,69.0,65.5,62.0,59.0,56.5,54.5,53.5,53.0,52.5,53.0,53.5,54.0,54.5,55.0,55.0,55.0,54.5,54.5,53.5,53.0,52.0,50.5,49.5,48.0,47.0,46.0,45.0,44.5,44.0,44.0,44.5,45.0,46.5,48.0,49.0,50.5,52.0,53.0,54.0,54.5,54.5,54.5,54.5,54.0,53.0,52.5,52.0,51.5,51.0,50.5,50.5,50.5,50.5,50.5,51.0,50.5,50.5,50.5,50.0,50.0,50.0,49.5,49.5,49.5,49.0,49.0,48.5,48.5,48.5,49.0,49.5,50.0,50.5,50.5,51.0,51.0,50.5,50.5,50.5,50.5,50.5,50.0,50.0,49.5,49.5,49.5,49.0,49.0,49.5,49.5,50.0,50.0,50.5,50.5,51.0,51.0,51.0,51.0,51.0,51.0,50.5,50.0,50.0,49.5,49.0,49.0,49.0,49.5,49.5,49.5,50.0,50.0,50.0,50.5,51.0,51.0,51.5,51.5,51.5,51.0,51.0,51.0,50.5,50.5,50.0,50.0,50.0,50.0,50.0,50.0,50.5,50.5,51.0,51.0,51.5,51.5,51.5,51.5,51.0,50.5,50.0,49.5,49.0,48.5,48.5,48.0,48.0,48.0,48.0,48.0,48.5,49.0,49.0,49.5,50.5,50.5,51.0,51.0,51.0,50.5,50.0,49.5,49.0,48.5,48.0,48.0,47.5,48.0,48.0,48.0,48.0,48.5,48.5,48.5,48.5,48.5,48.5,48.0,48.0,47.5,47.0,47.0,47.0,47.0,47.5,47.5,48.0,48.5,49.0,49.5,50.0,50.5,51.0,51.0,51.5,51.5,51.5,51.5,51.5,51.5,51.5,51.5,51.0,51.0,50.5,50.5,50.5,50.5,51.0,51.5,52.0,52.5,53.0,53.0,53.0,53.0,53.0,53.0,52.5,52.5,52.0,51.0,51.0,50.5,50.0,50.0,49.5,49.5,49.5,49.5,50.0,50.0,50.5,51.0,51.5,51.5,52.0,52.0,51.5,51.5,51.0,51.0,51.0,51.0,51.0,51.0,51.0,51.0,51.0,51.0,51.5,52.0,52.0,52.5,53.0,53.5,53.5,53.5,53.0,52.5,52.0,51.5,51.5,51.0,51.0,50.5,50.5,50.5,51.0,51.0,51.5,52.0,52.5,53.0,53.0,53.5,53.0,53.0,52.5,52.5,52.0,51.5,51.5,51.5,52.0,52.0,52.0,52.5,52.5,53.0,53.5,54.0,54.5,54.5,0.0,0.0
60.0,60.5,60.5,61.0,61.0,61.5,61.5,62.0,62.0,62.5,63.0,63.5,63.5,64.0,64.0,64.0,64.0,63.5,63.5,63.0,62.5,62.5,62.0,62.0,62.0,62.5,62.5,62.5,62.5,62.0,61.5,60.5,59.0,58.0,57.0,56.0,56.0,56.0,56.5,57.0,58.0,58.5,59.5,60.5,62.0,63.0,63.5,64.5,64.5,64.5,64.5,63.5,62.5,61.5,60.5,60.0,59.5,59.0,58.5,58.5,58.0,58.0,58.0,58.5,58.5,59.0,59.5,60.0,60.5,60.5,60.5,60.5,60.0,60.0,59.5,59.5,59.0,59.0,58.5,58.5,59.0,59.0,59.5,60.0,60.0,60.5,61.0,61.5,61.5,61.0,61.0,60.5,60.0,59.5,59.0,58.0,57.5,57.5,57.0,57.0,57.0,57.0,57.0,57.0,57.5,58.0,58.5,59.5,60.0,60.5,61.0,61.5,61.0,60.5,60.0,59.5,59.0,58.5,58.5,58.0,58.0,58.0,57.5,57.5,57.5,58.0,58.0,58.5,59.0,59.0,59.0,58.5,58.5,58.0,57.5,57.0,56.5,56.0,55.5,55.0,54.5,54.5,54.5,55.0,55.5,56.0,56.0,56.5,56.5,56.5,57.0,57.0,57.0,57.0,57.0,57.0,57.0,56.5,56.0,56.0,56.0,56.0,56.0,56.5,57.0,57.5,58.0,58.0,58.0,58.0,58.0,58.0,57.5,57.5,57.5,57.5,57.0,57.0,57.0,56.5,56.5,56.0,56.0,56.5,56.5,57.0,57.0,57.0,57.5,57.5,57.5,57.5,57.5,57.0,56.5,56.0,56.0,56.0,56.0,56.0,56.0,55.5,55.5,55.5,56.0,56.0,56.5,56.5,56.5,56.5,56.5,56.5,56.5,56.5,56.0,56.0,55.5,55.0,55.0,54.5,54.5,54.0,54.0,54.0,54.0,54.0,54.0,54.5,55.0,55.0,55.5,55.5,55.5,56.0,56.0,56.5,56.5,56.5,56.5,56.0,56.0,56.0,56.0,56.0,56.0,56.0,56.5,57.0,57.0,57.0,57.5,57.5,57.5,57.0,56.5,56.0,55.0,54.5,54.0,54.0,54.0,54.5,55.0,55.5,56.0,56.5,56.5,57.0,57.0,57.0,57.0,57.0,57.0,57.0,57.0,56.5,56.5,56.0,56.0,56.0,55.5,55.5,55.5,55.5,55.5,55.5,55.5,56.0,56.0,56.5,57.0,57.5,57.5,57.5,57.5,57.0,57.0,56.5,56.5,56.0,55.5,55.0,55.0,55.0,55.0,55.0,55.5,55.5,56.0,56.5,56.5,57.0,57.0,57.0,57.0,56.5,56.5,56.5,56.5,56.5,0.0,0.0
68.0,67.0,66.0,65.0,64.5,64.0,64.0,64.0,65.0,66.5,67.5,69.0,70.5,72.0,73.0,74.5,75.0,75.5,76.0,76.0,75.5,75.5,74.5,73.5,72.5,71.5,70.5,70.0,69.5,69.0,69.0,69.0,69.0,69.5,69.5,69.5,69.5,69.5,69.5,69.5,69.5,69.5,69.0,68.5,68.0,67.5,67.0,66.5,66.5,66.5,66.5,66.5,67.0,67.0,67.5,68.0,68.5,69.0,69.0,69.5,69.5,69.5,69.5,69.0,68.5,68.5,68.0,67.5,67.5,67.5,67.5,68.0,68.0,68.5,69.0,69.5,69.5,70.0,70.0,70.0,70.0,70.0,70.0,69.5,69.0,68.5,68.0,67.5,67.5,67.5,67.5,68.0,68.5,69.0,69.5,70.0,70.5,70.5,70.5,70.5,70.5,70.5,70.5,70.0,70.0,69.5,69.5,69.5,69.5,69.0,69.0,69.5,69.5,69.5,69.5,70.0,70.0,70.0,70.0,70.0,69.5,69.5,69.0,68.5,68.0,67.5,67.5,67.5,67.5,67.5,67.5,68.0,68.5,69.0,69.5,70.0,70.5,70.5,70.5,70.5,70.0,70.0,69.5,69.0,68.5,68.5,68.5,68.5,68.0,68.5,68.5,68.5,69.0,69.0,69.0,69.5,69.5,69.5,69.5,69.5,69.5,69.0,68.5,68.5,68.5,68.0,68.0,67.5,67.5,67.5,68.0,68.0,68.5,69.0,69.5,69.5,69.5,69.5,69.5,70.0,70.0,70.0,69.5,69.5,69.0,69.0,68.5,68.0,67.5,67.5,67.5,67.5,68.0,68.0,68.5,69.0,69.5,69.5,69.5,69.5,69.5,69.5,69.0,68.5,68.0,67.5,67.0,66.5,66.0,66.0,66.0,66.0,66.0,66.5,66.5,67.0,67.5,67.5,67.5,67.5,67.0,67.0,66.5,66.5,66.0,66.0,65.5,66.0,66.0,66.5,67.0,67.0,67.5,68.0,68.0,68.5,68.5,68.5,69.0,69.0,69.0,68.5,68.5,68.5,68.5,68.5,68.5,68.5,69.0,69.0,69.5,69.5,70.0,70.5,70.5,71.0,71.0,71.0,71.0,71.0,71.0,71.0,71.0,70.5,70.5,70.0,70.0,69.5,69.5,69.5,70.0,70.0,70.5,71.0,71.5,72.0,72.0,72.5,72.5,72.5,72.5,72.5,72.0,72.0,71.5,71.0,70.5,70.0,70.0,69.5,69.5,69.5,69.5,70.0,70.5,71.0,71.0,71.5,71.5,71.0,70.5,70.5,70.0,69.5,69.0,69.0,68.5,68.5,68.5,68.5,68.5,68.5,69.0,69.0,69.5,69.5,70.0,70.0,70.0,70.0,0.0,0.0
125.0,126.0,126.5,126.5,125.5,124.0,121.5,118.5,114.5,110.0,105.5,100.5,95.5,90.0,84.5,79.0,74.0,69.5,65.0,61.5,58.0,55.0,52.5,50.5,49.0,48.0,47.5,47.0,47.5,47.5,48.0,48.5,48.5,49.0,49.0,48.5,48.0,47.5,47.5,47.0,46.5,46.5,46.0,46.0,46.0,45.5,45.5,46.0,46.0,46.0,46.5,46.5,47.0,47.0,47.5,47.5,47.5,47.0,46.5,46.0,45.5,45.0,45.0,45.0,44.5,44.5,44.5,44.5,45.0,45.5,45.5,46.0,46.5,46.5,46.5,46.5,46.0,46.0,45.5,45.5,45.0,45.0,45.0,45.0,45.0,45.5,45.5,46.0,46.0,46.0,46.0,46.5,46.5,47.0,47.0,47.0,46.5,46.5,46.0,45.5,45.5,45.0,45.0,45.0,45.0,45.5,45.5,46.0,46.0,46.5,46.5,47.0,47.0,47.5,47.5,47.0,47.0,47.0,46.5,46.0,46.0,46.0,46.0,46.0,46.0,45.5,45.5,45.0,45.0,45.0,45.5,45.5,45.5,45.5,45.5,45.5,45.0,44.5,44.5,44.0,43.5,43.5,43.5,43.5,44.0,44.0,44.5,45.0,45.0,45.5,46.0,46.0,46.5,46.5,46.5,46.5,46.0,45.5,45.5,45.0,44.5,44.0,43.5,43.0,42.5,42.5,42.5,42.5,43.0,43.0,43.0,43.0,43.0,43.0,43.0,43.0,43.0,42.5,42.5,42.0,41.5,41.0,41.0,40.5,40.5,40.5,41.0,41.5,42.0,42.5,43.0,43.0,43.5,44.0,44.0,44.0,44.0,44.0,44.0,43.5,43.5,43.0,42.5,42.0,42.0,42.0,42.5,42.5,43.0,43.5,43.5,44.0,44.0,44.5,44.5,44.5,44.5,44.5,44.5,44.5,44.5,44.5,44.5,44.5,44.5,44.5,44.5,45.0,45.0,45.5,45.5,46.0,46.0,46.5,46.5,46.5,46.5,46.0,46.0,45.5,45.0,44.5,43.5,43.0,43.0,43.0,43.5,44.5,44.5,45.0,45.5,45.5,46.0,46.0,46.0,46.0,45.5,44.5,43.5,42.5,41.5,41.0,40.0,39.5,38.5,38.5,38.5,38.5,39.5,41.0,42.5,44.0,45.5,47.0,48.0,49.0,49.5,50.0,49.5,49.5,48.5,48.0,47.0,46.5,46.0,45.5,45.5,45.5,46.0,46.0,46.0,46.0,46.0,46.0,46.0,46.0,46.0,46.0,45.5,45.0,44.5,44.0,44.0,43.5,43.5,43.5,43.5,44.0,44.5,45.0,45.5,45.5,46.0,46.5,46.5,47.0,47.0,46.5,46.5,46.0,0.0,0.0
-2.5,-2.5,-2.5,-2.5,-2.0,-1.5,-1.0,-0.5,0.0,0.5,0.5,0.5,1.0,1.5,1.5,1.5,1.5,1.5,1.5,1.5,1.5,1.0,1.0,1.0,1.0,1.0,0.5,0.5,0.5,1.0,1.0,1.0,1.5,1.0,1.0,1.0,0.5,0.0,-0.5,-1.0,-1.0,-1.5,-2.0,-2.0,-2.0,-2.0,-2.0,-2.0,-2.0,-2.0,-1.5,-1.5,-1.0,-1.0,-1.0,-1.0,-1.0,-1.0,-1.5,-1.5,-2.0,-2.0,-2.5,-2.5,-2.5,-2.5,-2.0,-2.0,-1.5,-1.0,-0.5,-0.5,-0.5,-0.5,-0.5,-0.5,-0.5,-1.0,-1.0,-1.0,-1.5,-1.5,-1.5,-1.5,-1.5,-1.5,-1.5,-1.0,-1.0,0.0,0.5,1.0,1.5,1.5,1.5,1.5,1.5,1.0,1.0,0.5,0.0,-0.5,-0.5,-0.5,-0.5,-0.5,0.0,1.0,1.5,2.0,2.5,3.0,3.0,3.0,3.0,2.5,2.0,1.5,1.5,1.0,1.0,0.5,0.5,0.0,0.0,0.0,0.5,0.5,1.0,1.0,1.0,1.5,2.0,2.0,2.5,3.0,3.0,3.0,2.5,2.5,2.5,2.0,2.0,2.0,2.0,2.0,2.0,2.5,2.5,3.0,3.0,3.5,3.5,4.0,4.0,4.0,3.5,3.5,3.0,2.5,2.5,2.0,2.0,2.0,2.5,2.5,3.0,3.0,3.5,4.0,4.0,4.5,5.0,5.0,5.0,5.0,4.5,4.5,4.0,3.5,3.0,3.0,2.5,2.5,2.5,3.0,3.0,3.5,4.0,4.5,5.0,5.5,6.0,6.5,7.0,7.0,7.0,6.5,6.0,5.0,4.5,4.0,4.0,4.5,5.0,5.5,6.0,6.5,7.0,7.0,7.0,7.5,7.5,8.0,8.0,7.5,7.5,7.0,6.5,5.5,5.0,5.0,5.0,5.0,5.0,5.5,6.0,6.5,7.0,7.5,8.0,8.5,8.5,8.5,8.0,7.5,7.0,6.5,5.5,5.5,5.0,5.0,5.0,5.0,5.0,5.5,6.0,6.0,6.5,6.5,7.0,7.0,7.0,7.0,7.0,7.0,6.5,6.5,6.5,6.0,6.0,5.5,5.0,5.0,5.0,5.5,6.0,6.0,6.5,6.5,6.5,6.5,6.5,6.0,6.0,5.5,5.0,4.0,3.0,2.0,1.0,-0.5,-1.5,-2.5,-3.0,-3.0,-2.5,-1.5,0.0,1.5,3.0,4.0,5.0,5.5,5.5,5.5,5.0,4.5,4.0,3.5,3.0,2.5,2.0,1.5,1.5,1.5,2.0,3.0,4.0,4.5,5.5,5.5,6.0,6.0,6.0,6.0,5.5,5.0,4.5,4.0,0.0,0.0
48.0,44.0,40.0,37.0,34.5,32.0,30.5,30.0,29.5,29.5,29.5,29.5,29.0,29.0,29.0,28.5,28.0,27.5,27.0,26.5,25.5,25.0,25.0,24.5,24.5,25.0,25.0,25.5,26.0,26.0,26.0,26.0,25.5,25.5,25.0,24.5,24.0,23.5,23.0,22.5,22.0,21.5,21.0,20.5,20.5,20.5,20.5,21.0,21.5,22.0,22.0,22.0,22.0,22.0,21.5,21.0,20.0,19.5,19.0,18.5,18.5,18.5,18.5,18.5,19.0,19.5,20.0,20.5,21.0,21.5,21.5,22.0,22.0,22.0,21.5,21.0,21.0,20.0,19.5,19.5,19.0,18.5,18.0,18.0,17.5,17.5,18.0,18.0,18.5,18.5,18.5,18.5,18.5,18.5,18.0,18.0,18.0,17.5,17.5,17.5,17.5,17.5,17.5,17.5,17.5,18.0,18.0,18.5,19.0,19.0,19.0,19.0,19.0,18.5,18.5,18.5,18.5,18.5,18.5,18.5,18.0,18.0,17.5,17.5,17.5,17.5,17.0,17.0,17.0,17.0,17.0,17.0,17.0,17.0,17.0,17.0,17.0,17.0,16.5,16.5,16.0,16.0,15.5,15.5,15.5,16.0,16.5,16.5,17.0,17.5,17.5,18.0,18.0,18.0,18.0,18.0,17.5,17.0,17.0,16.5,16.5,16.0,15.5,15.5,15.0,15.0,15.5,15.5,16.0,16.0,16.5,16.5,17.0,17.0,17.0,16.5,16.5,16.0,16.0,15.5,15.5,15.0,15.0,14.5,15.0,15.0,15.5,16.0,16.5,17.0,17.5,18.0,18.5,18.5,18.5,18.5,18.0,17.5,17.0,16.5,16.0,16.0,16.0,16.0,16.0,16.0,16.0,16.5,16.5,17.0,17.0,17.5,18.0,18.5,18.5,18.5,18.0,17.5,17.0,16.5,16.0,15.5,15.0,15.0,15.0,15.5,16.0,16.0,16.0,16.0,16.0,16.0,16.0,16.5,16.5,16.0,16.0,15.5,15.0,14.5,14.0,13.5,14.0,14.0,14.0,14.5,14.5,14.5,14.5,14.5,14.5,14.5,14.0,14.0,13.5,13.5,13.0,12.5,12.0,11.5,11.0,11.0,11.0,11.0,11.0,11.5,12.0,12.5,13.0,14.0,14.5,15.0,15.5,16.0,16.0,15.5,15.0,14.5,14.0,13.5,13.0,12.5,12.5,12.5,12.5,13.0,13.0,13.5,14.0,14.5,14.5,15.0,15.0,15.0,15.0,15.0,14.5,14.0,14.0,14.0,14.0,14.0,14.0,14.5,14.5,14.5,15.0,15.5,16.0,16.0,16.5,16.5,17.0,17.0,17.0,16.5,16.5,16.0,16.0,15.5,0.0,0.0
63.5,64.0,64.5,64.5,64.5,64.5,64.5,64.5,64.5,64.5,64.0,64.0,63.5,63.0,62.5,62.5,62.0,62.5,62.5,63.0,64.0,64.5,65.5,65.5,66.0,66.0,66.0,65.5,65.5,65.0,65.0,64.5,64.5,64.0,64.0,64.5,64.5,64.5,64.5,65.0,65.5,66.0,66.5,67.0,67.0,67.5,67.0,67.0,66.5,66.0,66.0,65.5,64.5,64.0,63.0,61.5,60.0,58.5,57.0,55.0,53.5,52.0,50.5,49.5,48.5,48.5,48.5,49.0,50.0,51.5,53.5,56.0,59.5,63.5,68.5,74.5,81.0,88.5,95.5,103.0,110.0,116.5,123.0,129.5,136.0,142.0,146.5,150.0,152.5,153.5,154.0,153.5,152.5,151.0,148.0,145.0,141.0,136.5,132.0,127.5,123.0,118.0,113.0,108.0,103.5,99.0,95.0,91.0,87.5,84.0,81.5,79.0,77.0,75.0,73.5,73.0,72.5,72.0,72.0,72.0,72.0,72.5,72.5,72.5,72.5,72.5,72.5,72.0,71.5,71.0,70.5,70.5,70.0,70.0,70.0,69.5,69.5,69.0,69.0,69.0,69.5,69.5,70.0,71.0,71.0,71.5,71.5,71.0,70.5,70.0,69.5,69.0,68.5,68.0,68.0,67.5,67.5,67.5,67.5,67.5,68.0,68.5,69.0,69.5,69.5,69.5,69.5,69.0,69.0,68.5,68.0,67.5,67.0,66.5,66.5,66.5,66.5,66.0,66.0,66.0,66.0,66.0,66.0,66.0,66.5,66.5,66.5,66.5,66.5,66.5,66.0,66.0,65.5,65.5,65.0,65.0,65.0,65.0,65.0,65.0,65.5,65.5,65.5,65.5,66.0,66.0,66.0,66.0,66.0,65.5,65.0,65.0,65.0,64.5,64.5,64.5,64.0,64.0,64.5,64.5,65.0,65.5,65.5,66.0,66.5,67.0,67.0,67.5,67.0,66.5,66.5,66.0,65.5,65.0,64.5,64.5,64.5,65.0,65.0,65.5,66.0,66.0,66.5,67.0,67.5,67.5,67.5,67.5,67.5,67.0,67.0,66.5,66.0,66.0,66.0,66.0,66.0,66.5,66.5,66.5,67.0,67.0,67.5,67.5,68.0,68.0,68.0,68.0,68.0,68.0,67.5,67.5,67.0,66.5,66.0,65.5,65.5,65.5,65.5,66.0,66.5,67.0,67.5,68.0,68.0,68.5,68.5,68.5,68.5,68.5,68.5,68.0,67.5,67.0,66.5,66.0,65.5,65.5,65.0,65.0,64.5,64.5,64.0,64.5,64.5,65.5,66.5,67.5,69.0,70.0,71.0,71.5,72.5,73.0,73.0,73.0,73.0,73.0,73.5,73.5,0.0,0.0
24.5,24.5,24.0,24.0,24.0,24.5,24.5,25.0,25.0,25.5,25.5,25.5,25.5,25.5,25.0,24.5,24.5,24.0,24.0,24.0,24.0,24.0,24.0,24.0,24.5,24.5,25.0,25.0,25.0,25.5,25.5,25.5,25.5,25.5,25.5,25.5,25.0,25.0,25.0,24.5,24.0,24.0,24.0,24.0,24.5,24.5,25.0,25.5,26.0,26.5,26.5,27.0,27.0,27.0,26.5,26.5,26.0,25.5,25.0,25.0,25.0,24.5,24.5,25.0,25.5,26.0,26.5,27.0,27.0,27.5,27.5,27.5,27.0,26.5,26.0,26.0,25.5,25.0,24.5,24.5,24.0,24.0,24.0,24.5,24.5,25.0,25.5,25.5,26.0,26.0,26.5,26.5,26.5,26.5,26.5,26.5,26.5,26.0,26.0,25.5,25.5,25.5,25.5,26.0,26.0,26.0,26.0,26.5,26.5,27.0,27.0,27.0,27.0,27.0,26.5,26.0,26.0,25.5,25.5,25.0,25.0,24.5,24.5,24.5,24.5,24.5,24.5,25.0,25.5,25.5,25.5,26.0,26.0,26.0,25.5,25.5,25.0,25.0,24.5,24.5,24.5,24.5,25.0,25.5,26.0,26.0,26.5,27.0,27.5,27.5,28.0,28.0,28.0,28.0,27.5,27.5,27.0,26.5,26.5,26.5,26.5,26.5,26.0,26.5,26.5,27.0,27.0,27.5,28.0,28.0,28.5,28.5,28.5,28.0,28.0,27.5,27.0,26.5,26.5,26.0,26.0,26.0,26.0,26.5,27.0,27.0,27.5,27.5,27.5,28.0,28.0,28.0,28.0,27.5,27.5,27.0,26.5,26.0,26.0,25.5,25.5,25.5,26.0,26.0,26.5,27.0,27.5,28.0,28.0,28.5,28.5,28.5,28.5,28.5,28.0,28.0,27.5,27.5,27.0,27.0,26.5,26.5,26.5,26.5,26.5,26.5,27.0,27.0,27.5,27.5,28.0,28.0,28.0,27.5,27.5,27.0,26.5,26.5,26.0,25.5,25.5,25.0,25.0,25.5,26.0,26.5,27.0,27.5,27.5,27.5,27.5,27.5,27.0,27.0,26.5,26.0,26.0,26.0,26.0,26.0,26.0,25.5,25.5,25.5,25.5,25.5,25.5,25.5,25.5,25.5,25.5,25.5,25.5,25.5,25.5,25.5,25.0,24.5,24.5,24.0,24.0,24.0,24.0,24.0,24.5,24.5,25.0,25.5,26.0,26.0,26.5,26.5,26.5,26.5,26.0,25.5,25.5,25.0,24.5,24.0,24.0,23.5,23.5,23.5,23.5,23.5,24.0,24.0,24.0,24.0,24.0,24.0,24.0,24.0,24.0,23.5,23.5,23.5,23.0,23.0,0.0,0.0
21.0,19.0,17.0,14.5,12.0,10.0,8.0,6.5,5.5,5.0,4.5,5.0,6.0,7.5,9.5,13.0,16.5,21.5,27.5,34.0,42.0,49.5,57.0,64.5,71.5,78.0,85.0,91.5,97.5,103.0,107.0,109.5,111.0,112.0,112.0,111.5,110.5,108.5,105.0,101.0,96.0,90.5,84.5,79.0,73.0,67.5,62.0,57.0,52.0,47.5,44.0,40.5,38.0,35.5,33.5,32.0,31.0,30.0,29.0,28.5,27.5,27.0,26.5,26.0,25.5,25.5,25.5,25.5,25.5,25.5,25.0,25.0,25.0,25.0,25.0,25.0,24.5,24.5,24.0,24.0,23.5,23.0,23.0,22.5,22.5,22.5,22.5,22.5,22.5,22.5,22.5,22.5,23.0,23.0,23.0,23.5,23.5,23.5,23.0,22.5,22.0,21.5,21.0,20.5,20.0,19.5,19.5,20.0,20.5,21.0,21.5,22.0,22.0,22.0,22.5,22.5,22.5,22.5,22.0,21.5,21.0,20.5,19.5,19.0,19.0,18.5,18.5,18.5,18.5,19.0,19.0,19.5,19.5,19.5,19.5,19.5,19.5,19.5,19.0,19.0,18.5,18.5,18.0,17.5,17.5,17.0,17.0,17.0,17.0,17.0,17.5,17.5,18.0,18.0,18.5,19.0,19.0,19.0,19.0,19.0,18.5,18.5,18.5,18.0,18.0,17.5,17.5,17.0,17.0,17.0,17.5,17.5,18.0,18.0,18.0,18.0,18.0,18.0,17.5,17.5,17.0,16.5,16.0,15.5,15.5,15.0,15.0,15.0,15.0,15.0,15.0,15.0,15.5,15.5,15.5,15.5,15.5,15.5,15.5,15.0,15.0,14.5,14.5,14.0,14.0,13.5,13.5,13.0,13.0,12.5,12.5,12.5,13.0,13.0,13.0,13.0,13.0,13.0,13.0,12.5,12.5,12.0,11.5,11.0,11.0,11.0,11.0,11.0,11.5,12.0,12.5,13.0,13.5,14.0,14.5,14.5,14.5,14.0,14.0,13.5,13.5,13.5,13.5,13.5,13.0,13.0,13.0,13.0,13.0,13.5,13.5,13.5,14.0,14.0,14.5,14.5,15.0,15.0,15.5,15.5,15.5,15.5,15.0,15.0,14.5,14.0,13.5,13.5,13.5,13.5,14.0,14.0,14.5,14.5,15.0,15.0,15.0,15.0,15.0,14.5,14.5,14.0,14.0,13.5,13.5,13.5,13.5,13.0,13.0,13.0,13.0,13.5,14.0,14.5,15.0,15.0,15.5,15.5,15.5,15.5,15.0,15.0,14.5,14.0,13.5,13.5,13.0,13.0,13.0,13.5,13.5,14.0,14.0,14.5,14.5,14.5,14.5,14.5,14.5,14.0,0.0,0.0
43.5,43.5,44.5,45.5,46.5,47.5,49.0,50.5,51.5,52.0,52.5,52.5,52.5,52.0,51.5,51.0,50.5,49.5,49.0,48.0,47.5,47.0,46.5,46.5,46.5,46.5,47.0,47.0,47.5,47.5,47.5,47.5,47.0,46.5,46.5,46.0,45.0,45.0,44.5,44.5,44.5,44.0,44.0,44.0,44.0,44.5,45.0,45.5,45.5,46.0,46.5,46.5,46.0,46.0,46.0,45.5,45.0,44.5,44.5,44.0,44.0,44.0,44.0,44.5,45.0,45.0,45.5,46.0,46.5,46.5,47.0,47.0,47.0,46.5,46.5,46.0,45.5,45.0,44.5,44.5,44.5,44.5,44.5,44.5,45.0,45.0,45.5,46.0,46.5,46.5,47.0,47.0,47.0,47.0,47.0,46.5,46.0,45.5,45.5,45.0,45.0,44.5,44.5,45.0,45.0,45.5,45.5,46.0,46.5,46.5,47.0,47.0,47.0,47.0,46.5,46.5,46.5,46.0,46.0,46.0,46.0,46.0,46.0,46.5,46.5,46.5,47.0,47.0,47.5,47.5,48.0,48.0,48.0,48.0,48.0,48.0,48.0,47.5,47.5,47.0,46.5,46.5,46.5,46.5,46.5,47.0,47.5,48.0,48.0,48.5,48.5,48.5,49.0,49.0,48.5,48.5,48.5,48.0,48.0,48.0,48.0,48.0,48.0,48.5,48.5,49.0,50.0,50.5,51.0,51.5,52.0,52.0,52.0,52.0,52.0,52.0,51.5,52.0,51.5,51.5,51.5,51.5,51.5,51.5,51.5,51.5,52.0,52.0,52.5,52.5,53.0,53.0,53.0,53.0,52.5,52.0,52.0,51.5,51.0,50.5,50.0,49.5,49.5,49.5,49.5,50.0,50.0,50.5,50.5,50.5,50.5,51.0,50.5,50.5,50.0,50.0,49.5,49.0,48.5,48.0,48.0,47.5,48.0,48.0,48.0,48.5,48.5,49.0,49.0,49.5,49.5,50.0,50.0,50.0,49.5,49.5,49.0,48.5,48.5,48.0,48.0,48.0,48.0,48.0,48.5,49.0,49.5,50.0,50.5,50.5,51.0,51.0,51.0,51.0,50.5,50.5,50.0,50.0,49.5,49.5,49.5,49.5,49.5,49.5,49.5,50.0,50.0,50.0,50.5,50.5,51.0,51.0,51.0,51.0,51.0,50.5,50.0,50.0,49.5,49.5,49.5,49.5,50.0,50.0,50.5,50.5,51.0,51.0,51.5,51.5,52.0,52.0,52.0,52.0,52.0,52.0,52.0,52.0,52.0,51.5,51.5,51.5,51.5,51.5,51.5,52.0,52.0,52.5,52.5,53.0,53.5,53.5,54.0,53.5,53.5,53.0,52.0,51.5,51.0,51.0,0.0,0.0
71.5,71.5,71.0,71.0,70.5,70.5,70.5,71.0,71.0,71.5,71.5,72.0,72.0,72.5,72.5,72.5,73.0,72.5,72.5,72.0,72.0,72.0,72.0,71.5,71.5,71.5,71.5,71.5,71.5,71.5,71.5,70.5,69.5,68.0,66.0,63.5,61.0,58.5,56.0,53.0,51.0,49.0,47.0,46.0,45.5,46.0,47.5,50.5,54.5,59.5,65.0,71.0,77.5,84.5,92.0,99.5,107.0,113.5,119.5,125.0,130.5,135.5,140.0,144.0,147.5,149.5,150.5,151.0,150.5,150.0,149.5,148.0,146.5,143.5,140.5,136.5,131.5,126.5,121.5,116.0,111.0,105.5,101.0,96.5,92.0,88.5,85.5,83.0,81.0,79.0,78.0,77.0,76.0,75.5,75.0,74.0,73.5,72.5,72.0,71.5,71.5,71.0,70.5,70.5,70.0,69.5,69.5,69.0,69.0,69.0,69.5,69.5,69.5,69.5,69.0,68.5,68.0,68.0,67.5,67.5,67.5,67.5,67.0,67.0,67.0,66.5,66.5,66.5,66.5,67.0,67.0,67.0,67.0,67.0,67.0,67.0,67.0,67.5,67.0,67.0,67.0,66.5,66.5,66.5,66.0,66.0,66.0,66.0,66.0,66.0,66.0,66.0,66.5,66.5,67.0,67.0,67.5,67.0,67.0,66.5,66.5,66.0,66.0,66.0,65.5,65.5,65.5,65.0,65.0,65.5,65.5,66.0,66.0,66.5,66.0,66.0,66.0,66.0,66.0,66.0,65.5,65.5,65.0,64.5,64.5,64.0,64.0,64.0,64.0,64.5,65.0,65.0,65.5,65.5,65.5,65.5,65.0,65.0,64.5,64.0,63.0,62.5,62.0,62.0,62.0,62.5,62.5,63.0,63.5,64.0,64.5,65.0,65.0,65.0,65.0,65.0,64.5,64.0,63.5,63.0,62.5,62.0,61.5,61.0,60.5,60.5,60.5,61.0,61.5,61.5,62.5,63.0,63.0,63.5,63.5,63.5,63.5,63.0,62.5,61.5,61.0,60.0,59.5,59.5,59.0,58.5,58.5,58.5,58.5,59.0,59.5,60.0,60.5,61.0,61.0,61.0,61.0,61.0,61.0,60.5,60.0,60.0,59.5,59.5,59.5,60.0,60.5,60.5,61.0,61.5,62.0,62.5,63.0,63.5,63.5,63.5,64.0,63.5,63.5,63.0,63.0,63.0,62.5,62.5,63.0,63.0,63.0,63.0,63.0,63.0,63.0,63.5,64.0,64.5,64.5,64.5,64.5,64.0,63.5,63.0,62.5,62.5,62.5,62.0,62.0,62.0,62.0,62.0,62.5,62.5,63.0,63.0,63.5,63.5,63.5,63.5,63.0,62.5,62.0,61.0,0.0,0.0
47.0,46.5,46.5,46.5,46.5,47.0,47.0,47.0,47.0,47.5,47.5,47.5,47.5,47.5,47.5,47.5,47.5,47.5,47.5,47.5,47.5,47.5,47.5,47.5,47.5,47.5,47.5,48.0,48.5,48.5,48.0,47.5,46.5,46.0,45.0,44.0,43.0,42.0,41.5,41.5,41.5,42.5,43.5,45.0,46.0,47.5,48.5,49.5,50.0,50.5,50.5,50.5,50.0,49.5,49.0,48.5,47.5,47.0,46.0,45.5,45.0,45.0,44.5,44.5,44.5,44.5,45.0,45.0,45.5,45.5,46.0,46.5,46.5,46.5,46.5,46.0,46.0,45.5,45.5,45.5,45.0,45.0,45.0,45.0,45.5,46.0,46.5,47.5,48.0,48.5,48.5,49.0,49.0,49.0,49.0,49.0,49.0,49.0,48.5,48.5,48.0,48.0,48.0,47.5,47.5,48.0,48.0,48.5,48.5,48.5,49.0,49.0,49.0,49.0,49.0,48.5,48.0,47.5,47.0,46.5,46.5,46.0,46.0,46.0,46.0,46.5,46.5,47.0,47.5,48.0,48.0,48.5,48.5,48.0,47.5,47.0,46.5,46.0,45.5,45.5,45.0,45.0,44.5,45.0,45.0,45.5,46.0,46.5,46.5,46.5,46.5,46.5,46.5,46.5,46.0,45.5,45.0,45.0,44.5,44.5,44.0,44.0,44.0,44.5,44.5,44.5,44.5,45.0,45.0,45.0,45.5,46.0,46.0,46.0,46.0,45.5,45.0,44.5,44.0,43.5,43.0,42.5,42.5,42.5,43.0,43.0,43.5,43.5,44.0,44.5,44.5,45.0,45.5,45.5,45.5,45.5,45.0,45.0,44.5,44.5,44.5,44.5,44.0,44.0,44.0,44.5,44.5,45.0,45.5,46.0,46.5,47.0,47.5,47.5,47.5,47.0,47.0,47.0,46.5,46.5,46.5,46.0,46.0,46.5,46.5,47.0,47.0,47.0,47.0,47.0,47.0,47.0,47.0,47.5,47.5,47.5,47.0,47.0,47.0,46.5,46.5,46.5,46.5,47.0,47.0,47.5,48.0,48.0,48.5,48.5,49.0,49.0,49.5,49.5,49.5,49.5,49.0,48.5,48.5,48.0,47.5,47.5,48.0,48.0,48.5,48.5,49.0,49.0,48.5,48.5,48.0,48.0,48.0,48.0,48.0,47.5,47.5,47.5,47.0,47.0,47.0,47.0,47.0,47.5,47.5,48.0,48.0,48.0,48.5,48.5,48.5,49.0,49.0,49.5,49.5,49.0,49.0,48.5,48.0,47.5,47.5,47.5,47.5,47.5,48.0,48.0,48.5,48.5,48.5,48.0,48.0,48.0,48.0,48.0,48.0,48.0,48.0,48.0,48.0,48.0,0.0,0.0
73.5,72.5,72.0,71.5,71.5,71.0,70.5,70.5,70.0,69.5,69.5,69.0,69.0,69.0,69.5,69.5,69.5,69.5,69.0,68.5,68.0,68.0,67.5,67.5,67.5,67.5,67.0,67.0,67.0,66.5,66.5,66.5,66.5,67.0,67.0,67.0,67.0,67.0,67.0,67.0,67.0,67.5,67.0,67.0,67.0,66.5,66.5,66.5,66.0,66.0,66.0,66.0,66.0,66.0,66.0,66.0,66.5,66.5,67.0,67.0,67.5,67.0,67.0,66.5,66.5,66.0,66.0,66.0,65.5,65.5,65.5,65.0,65.0,65.5,65.5,66.0,66.0,66.5,66.0,66.0,66.0,66.0,66.0,66.0,65.5,65.5,65.0,64.5,64.5,64.0,64.0,64.0,64.0,64.5,65.0,65.0,65.5,65.5,65.5,65.5,65.0,65.0,64.5,64.0,63.0,62.5,62.0,62.0,62.0,62.5,62.5,63.0,63.5,64.0,64.5,65.0,65.0,65.0,65.0,65.0,64.5,64.0,63.5,63.0,62.5,62.0,61.5,61.0,60.5,60.5,60.5,61.0,61.5,61.5,62.5,63.0,63.0,63.5,63.5,63.5,63.5,63.0,62.5,61.5,61.0,60.0,59.5,59.5,59.0,58.5,58.5,58.5,58.5,59.0,59.5,60.0,60.5,61.0,61.0,61.0,61.0,61.0,61.0,60.5,60.0,60.0,59.5,59.5,59.5,60.0,60.5,60.5,61.0,61.5,62.0,62.5,63.0,63.5,63.5,63.5,64.0,63.5,63.5,63.0,63.0,63.0,62.5,62.5,63.0,63.0,63.0,63.0,63.0,63.0,63.0,63.5,64.0,64.5,64.5,64.5,64.5,64.0,63.5,63.0,62.5,62.5,62.5,62.0,62.0,62.0,62.0,62.0,62.5,62.5,63.0,63.0,63.5,63.5,63.5,63.5,63.0,62.5,62.0,61.0,60.5,60.0,60.0,59.5,59.5,59.0,59.0,58.5,58.5,59.0,59.0,59.5,59.5,60.0,59.5,59.5,59.0,59.0,58.5,58.0,57.5,57.5,57.0,56.5,56.5,56.5,57.0,57.5,58.5,59.0,59.5,59.5,60.0,60.0,60.5,60.0,60.0,60.5,60.5,60.5,61.0,61.0,60.5,60.5,60.0,59.5,59.5,59.0,59.0,59.5,59.5,60.0,60.0,60.0,60.5,60.5,60.0,60.0,59.5,59.0,59.0,58.5,58.5,58.0,57.5,57.5,57.5,57.5,57.5,58.0,58.5,59.0,59.0,59.5,59.0,59.0,59.0,59.0,59.0,58.5,58.0,57.5,57.0,56.5,56.0,56.0,56.5,56.5,57.0,57.0,57.5,57.5,57.0,57.0,57.0,57.0,0.0,0.0
45.5,45.0,45.0,45.0,45.0,45.5,45.5,46.0,46.5,47.0,47.0,47.0,46.5,46.0,45.5,45.5,45.0,45.0,45.0,45.0,45.5,45.5,45.5,45.5,45.5,46.0,46.0,46.5,47.0,47.5,48.0,48.0,48.0,48.0,47.5,47.0,46.5,45.5,45.0,44.5,44.5,44.5,44.5,45.0,45.0,45.5,46.0,46.0,46.5,46.5,46.5,46.5,46.0,46.0,46.0,45.5,45.0,44.5,44.0,43.5,43.5,43.5,44.0,44.0,44.0,44.0,44.5,44.5,45.0,45.0,45.5,45.5,45.5,45.0,44.5,44.5,44.0,44.0,43.5,43.0,43.0,43.0,43.0,43.5,44.0,44.0,44.5,45.0,45.5,46.0,46.0,46.0,46.0,45.5,45.5,45.0,44.5,44.0,43.5,43.5,43.5,43.5,43.5,43.5,43.5,44.0,44.5,44.5,45.0,45.5,45.5,45.5,45.5,45.0,45.0,44.5,44.5,45.0,45.0,45.0,45.0,45.0,45.0,45.5,46.0,46.5,47.0,47.0,47.0,47.0,47.0,46.5,46.5,46.5,46.5,46.0,46.0,45.5,45.5,45.0,44.5,44.5,45.0,45.0,45.5,46.0,46.0,46.5,46.5,47.0,47.0,47.0,46.5,46.5,46.0,45.5,45.5,45.0,45.0,45.0,45.0,45.5,45.5,45.5,45.5,46.0,46.0,46.0,46.5,46.5,47.0,47.0,47.0,46.5,46.5,46.0,46.0,45.5,45.5,45.5,45.5,45.5,46.0,46.0,46.5,47.0,47.5,47.5,48.0,48.0,48.5,48.5,48.0,48.0,47.5,47.0,46.5,46.5,46.0,46.0,46.0,46.0,46.5,46.5,47.0,47.0,47.5,47.5,47.5,47.5,48.0,47.5,47.5,47.0,47.0,46.5,46.0,46.0,45.5,45.5,45.5,45.5,45.5,46.0,46.5,47.0,47.5,48.0,48.0,47.5,47.5,47.5,47.0,47.0,46.5,46.5,46.0,46.0,46.0,46.0,46.0,46.0,46.5,46.5,46.5,46.5,46.5,47.0,47.5,47.5,47.5,47.5,47.5,47.0,46.5,46.5,46.0,45.5,45.0,44.5,44.5,44.5,44.5,45.0,45.0,45.5,46.0,46.5,47.0,47.5,48.0,48.0,48.0,47.5,47.0,46.5,46.0,45.5,45.5,45.5,45.5,45.5,46.0,46.5,47.0,47.5,48.0,48.5,49.0,49.0,49.0,49.0,48.5,48.0,48.0,47.5,47.0,46.5,46.0,45.5,45.5,45.0,45.0,45.5,45.5,46.0,46.5,47.0,47.0,47.5,47.5,47.5,47.5,47.5,47.5,47.0,46.5,46.5,46.0,45.5,0.0,0.0
2.5,2.0,2.0,1.5,1.0,1.0,1.0,1.5,1.5,1.5,1.5,1.5,1.0,1.0,1.0,0.5,0.5,0.5,0.0,0.0,0.0,0.0,-0.5,-0.5,0.0,0.0,0.5,1.0,1.0,1.5,2.0,2.0,2.0,2.0,1.5,1.5,1.0,1.0,0.5,0.5,0.5,0.5,0.0,0.0,0.5,0.5,1.0,1.0,1.5,1.5,2.0,2.0,2.5,2.5,3.0,3.0,3.0,3.0,3.0,3.0,2.5,2.0,2.0,2.0,2.0,2.0,2.0,2.5,2.5,3.0,3.0,3.0,3.5,3.5,3.5,3.5,3.0,3.0,2.5,2.0,1.5,1.5,1.0,1.0,1.0,1.5,1.5,2.0,2.0,2.5,3.0,3.5,4.0,4.0,4.5,4.0,4.0,3.5,3.0,2.5,2.5,2.0,2.0,2.0,2.5,2.5,3.0,3.0,3.5,4.0,4.5,4.5,5.0,5.0,5.0,5.0,5.0,4.5,4.5,4.0,4.0,3.5,3.5,3.5,3.5,4.0,4.5,5.0,5.5,5.5,6.0,6.5,6.5,6.5,6.5,7.0,6.5,6.5,6.5,6.0,5.5,5.0,4.5,4.5,4.5,4.5,4.5,5.0,5.0,5.5,6.0,6.0,6.5,6.5,6.5,6.0,6.0,6.0,5.5,5.0,4.5,4.5,4.0,4.0,4.0,4.5,5.0,5.0,5.5,6.0,6.0,6.0,6.0,6.0,6.5,6.5,6.5,6.5,6.5,6.5,6.5,6.5,6.5,6.5,6.5,6.5,7.0,7.5,7.5,8.0,8.5,9.0,9.0,9.0,8.5,8.5,7.5,7.0,6.5,6.0,5.5,5.5,5.5,5.0,5.0,5.0,5.5,5.5,6.0,6.0,6.5,6.5,6.5,6.5,6.5,6.5,6.0,5.5,5.5,5.0,5.0,4.5,4.5,4.5,4.5,4.5,5.0,5.0,5.5,6.0,6.0,6.0,6.0,6.0,5.5,5.0,4.5,4.0,4.0,3.5,3.5,3.0,3.0,3.0,3.0,3.0,3.5,4.0,4.5,5.0,5.0,5.5,5.0,5.0,4.5,4.0,3.5,3.0,2.0,1.0,0.0,-0.5,-1.0,-1.0,-0.5,0.5,2.0,4.0,5.5,7.5,8.5,9.5,10.0,10.5,10.0,10.0,9.5,9.0,8.5,8.0,7.0,6.0,5.5,4.5,4.0,4.0,4.0,4.0,4.5,5.0,5.0,5.5,6.0,6.0,6.0,6.0,6.0,5.5,5.5,5.0,4.5,4.0,4.0,4.0,4.5,4.5,5.0,5.5,5.5,5.5,6.0,6.0,6.0,6.0,6.0,6.0,5.5,5.5,5.0,5.0,0.0,0.0
6.0,5.5,5.0,4.5,4.5,4.5,4.5,4.5,5.0,5.0,5.5,5.5,5.5,6.0,6.0,6.5,6.5,6.5,6.5,6.0,5.5,5.0,5.0,5.0,5.0,5.0,5.5,6.0,6.5,7.0,7.5,8.0,8.0,8.5,8.5,8.5,8.5,8.0,7.5,7.5,7.5,7.5,7.0,7.0,7.5,7.5,7.5,8.0,8.0,8.5,9.0,9.5,10.0,10.5,10.0,10.0,9.5,9.0,8.5,8.0,7.5,7.0,6.5,6.5,6.0,6.0,6.0,6.5,6.5,7.0,8.0,8.5,9.0,9.5,9.5,9.5,9.5,9.0,8.5,8.5,8.0,7.5,7.5,7.0,6.5,6.5,6.0,6.5,6.5,7.0,7.0,7.5,7.5,8.0,8.0,8.0,8.0,7.5,7.0,6.5,6.5,6.0,6.0,6.0,6.0,6.5,7.0,7.5,8.0,8.5,9.0,9.0,9.5,10.0,10.0,10.0,9.5,9.5,9.0,8.5,8.5,8.5,8.0,8.0,8.5,8.5,8.5,8.5,9.0,9.0,9.0,9.5,9.5,9.5,9.5,9.5,9.5,9.5,9.5,9.0,9.0,8.5,8.5,8.5,8.5,8.5,9.0,9.5,10.0,10.5,10.5,11.0,11.0,11.0,11.5,11.5,11.5,11.0,11.0,11.0,10.5,10.0,10.0,9.5,9.5,9.5,9.5,9.5,10.0,10.5,10.5,10.5,11.0,11.0,10.5,10.5,10.0,10.0,9.5,9.0,9.0,9.0,8.5,8.5,8.5,8.5,8.5,8.5,9.0,9.5,10.0,10.5,10.5,10.5,10.5,10.5,10.5,10.5,10.0,9.5,9.0,8.5,8.0,7.0,6.5,6.5,6.0,6.5,6.5,7.0,7.0,7.5,7.5,7.5,7.0,7.0,6.0,5.5,5.0,5.0,5.0,5.0,5.0,5.0,5.5,5.5,5.5,6.0,6.5,7.0,8.0,8.5,9.0,9.0,9.0,9.5,9.5,10.0,10.0,10.5,10.5,10.5,10.0,10.0,9.5,9.5,9.0,9.5,9.5,10.0,10.5,10.5,11.0,10.5,10.5,10.5,10.0,10.0,9.5,9.5,9.0,8.5,8.0,8.0,8.0,8.0,8.0,8.5,9.0,9.5,10.0,10.5,11.0,11.0,11.0,11.5,11.0,11.0,11.0,10.5,10.5,10.0,10.0,9.5,9.5,9.5,10.0,10.0,10.5,11.0,11.5,11.5,12.0,12.0,12.0,12.0,11.5,11.5,11.0,10.5,10.0,9.5,9.0,9.0,9.0,9.0,9.5,9.5,10.0,10.5,11.0,11.5,11.5,12.0,11.5,11.0,10.0,8.0,6.0,3.5,0.0,0.0
30.5,31.0,31.5,32.0,32.0,32.0,32.0,32.5,32.5,33.0,33.0,33.0,32.5,32.5,32.0,32.0,31.5,31.5,31.5,31.5,32.0,32.0,32.5,33.0,33.5,34.5,35.0,35.0,35.5,35.5,35.5,35.5,35.5,35.0,35.0,34.5,34.0,34.0,33.5,33.5,34.0,34.0,34.5,34.5,35.0,35.0,35.5,35.5,36.0,36.0,36.5,36.5,36.5,36.5,36.5,36.5,36.0,35.5,35.5,35.0,35.0,35.0,35.5,36.0,36.5,37.0,37.5,38.0,38.5,38.5,38.5,38.0,37.5,37.0,37.0,36.5,36.5,36.0,36.0,36.0,36.0,36.5,36.5,37.0,37.0,37.5,37.5,37.5,37.5,37.5,37.5,37.0,37.0,36.5,36.0,35.5,35.0,35.0,34.5,35.0,35.0,35.5,35.5,36.0,36.5,37.0,37.0,37.5,37.5,37.5,37.5,37.5,37.5,37.0,37.0,37.0,37.0,37.0,37.0,37.0,37.0,37.5,37.5,38.0,38.5,39.0,39.5,40.0,40.0,40.0,40.0,40.0,39.5,39.0,39.0,38.5,38.0,38.0,37.5,37.5,37.5,37.5,38.0,38.5,38.5,39.0,39.5,39.5,40.0,40.0,40.0,39.5,39.0,38.5,38.0,37.5,37.5,37.0,36.5,36.5,37.0,37.0,37.5,37.5,37.5,37.5,37.5,38.0,38.0,37.5,37.5,37.0,36.5,36.5,36.0,35.5,35.5,35.0,35.0,34.5,34.5,34.5,34.5,35.0,35.5,35.5,36.0,36.5,36.5,36.5,36.5,36.0,35.5,35.0,34.5,34.0,33.5,33.5,33.0,33.0,33.0,33.0,33.5,33.5,33.5,34.0,34.0,34.5,34.5,34.5,34.0,34.0,34.0,33.5,33.0,33.0,32.5,32.0,31.5,31.5,31.5,32.0,32.0,32.5,33.0,33.0,33.5,33.5,34.0,34.0,33.5,33.0,32.5,32.0,31.5,31.0,30.5,30.0,30.0,30.0,30.0,30.0,30.5,30.5,31.0,31.0,31.5,31.5,31.5,31.0,31.0,30.5,30.0,29.5,29.5,29.0,29.0,28.5,28.5,28.5,29.0,29.0,29.5,30.0,30.5,31.0,31.5,31.5,32.0,32.0,31.5,31.0,30.5,30.0,29.5,29.0,29.0,29.0,29.0,29.0,29.0,29.0,29.5,29.5,30.0,30.5,31.0,31.5,31.5,31.5,31.0,30.5,30.0,29.5,29.0,28.5,28.0,27.5,27.5,27.0,27.0,27.0,27.5,28.0,28.0,28.5,29.0,29.5,30.0,30.5,30.5,30.5,30.0,30.0,29.5,29.0,28.5,28.0,27.0,26.5,0.0,0.0
96.5,97.0,97.5,98.0,98.0,98.5,98.5,98.5,98.5,98.5,98.0,98.0,97.5,97.5,97.0,96.5,96.5,96.0,96.0,96.0,96.5,97.0,97.0,97.5,98.0,98.0,98.0,98.5,98.5,98.0,97.5,97.0,96.5,96.0,96.0,95.5,95.5,96.0,96.5,97.0,97.5,98.0,98.5,98.5,98.5,98.5,98.5,98.5,98.0,98.0,98.0,97.5,97.5,97.0,96.5,96.5,96.5,96.5,97.0,97.0,97.5,98.0,98.5,98.5,98.5,99.0,99.0,99.0,98.5,98.0,97.5,97.0,96.5,96.5,96.0,96.0,96.0,96.0,96.5,96.5,97.0,97.0,97.5,98.0,98.5,99.0,99.5,99.5,99.0,99.0,98.5,98.0,97.5,97.5,97.0,97.0,97.0,96.5,97.0,97.0,97.5,98.0,98.5,99.0,99.5,100.0,100.0,100.0,100.0,99.5,99.5,99.0,98.5,98.0,98.0,98.0,98.0,98.0,98.5,99.0,99.5,99.5,100.0,100.0,100.0,100.0,100.0,100.0,100.0,99.5,99.5,99.5,99.0,98.5,98.5,98.0,98.0,98.5,98.5,98.5,99.0,99.5,99.5,100.0,100.0,100.0,100.0,100.0,99.5,99.0,98.5,98.0,97.0,96.5,96.5,96.0,96.0,96.0,96.0,96.5,97.0,97.5,98.0,98.5,99.5,100.0,100.5,101.5,102.0,102.0,102.5,102.5,102.5,102.5,102.5,102.5,102.5,103.0,103.5,104.0,104.5,105.0,105.0,105.5,106.0,106.0,105.5,105.0,104.5,104.0,103.5,102.5,102.0,101.5,100.5,100.0,100.0,99.5,100.0,100.0,100.5,101.0,101.0,101.5,102.0,102.0,102.0,101.5,101.5,101.0,100.5,100.0,99.5,99.5,99.0,99.0,99.0,99.0,99.0,99.5,100.0,100.0,100.5,101.0,101.0,101.5,101.5,102.0,102.0,102.5,102.5,102.5,102.0,101.5,101.0,100.5,100.5,100.5,100.5,101.0,101.5,101.5,102.0,102.0,102.0,102.0,102.0,102.0,102.0,102.0,101.5,101.0,100.5,99.5,98.5,97.0,95.5,93.5,92.0,90.0,88.5,86.5,84.5,83.5,82.5,82.0,81.5,81.5,82.0,82.5,83.5,85.5,88.0,91.5,95.5,100.0,105.5,112.0,119.0,126.0,133.5,140.5,147.0,153.0,159.0,165.0,171.0,175.5,179.0,181.0,182.0,182.5,182.0,181.5,180.0,177.5,174.5,170.5,166.5,162.0,157.5,152.5,148.0,143.0,138.0,133.0,128.0,123.0,118.0,113.5,109.5,106.0,102.5,99.5,97.0,95.0,94.0,93.5,94.0,94.5,0.0,0.0
2.5,2.5,2.0,1.5,1.5,1.0,0.5,0.5,0.0,-0.5,-0.5,-0.5,-0.5,-0.5,-0.5,-1.0,-1.0,-1.5,-1.5,-1.0,-0.5,0.0,1.0,1.5,2.5,3.0,3.5,4.0,4.5,5.0,5.5,5.5,5.5,5.5,5.5,5.0,4.5,4.0,3.5,3.5,3.0,2.5,2.5,2.0,2.0,2.0,2.0,2.0,2.0,2.5,2.5,3.0,3.0,3.5,3.5,3.5,3.5,3.0,3.0,3.0,3.0,2.5,2.5,2.0,2.0,1.5,1.0,1.0,0.5,0.5,1.0,1.0,1.5,2.0,2.0,2.0,2.5,2.5,2.5,2.0,1.5,1.5,1.0,0.5,0.5,0.5,0.5,0.5,1.0,1.5,2.0,2.5,3.0,3.5,3.5,3.5,3.5,3.5,3.0,2.5,2.5,2.0,1.0,0.5,0.0,0.0,-0.5,-0.5,-0.5,-0.5,-0.5,0.0,0.0,0.0,0.0,0.0,0.0,-0.5,-0.5,-1.0,-1.0,-1.5,-1.5,-2.0,-2.5,-2.5,-2.5,-2.5,-2.5,-2.5,-2.0,-2.0,-1.5,-1.0,-1.0,-0.5,0.0,0.5,0.5,0.0,-0.5,-1.0,-1.5,-2.0,-2.5,-2.5,-2.5,-2.5,-2.0,-1.5,-1.0,-0.5,0.0,0.5,0.5,0.5,1.0,1.5,1.5,1.5,1.5,1.5,1.5,1.5,1.5,1.0,1.0,1.0,1.0,1.0,0.5,0.5,0.5,1.0,1.0,1.0,1.5,1.0,1.0,1.0,0.5,0.0,-0.5,-1.0,-1.0,-1.5,-2.0,-2.0,-2.0,-2.0,-2.0,-2.0,-2.0,-2.0,-1.5,-1.5,-1.0,-1.0,-1.0,-1.0,-1.0,-1.0,-1.5,-1.5,-2.0,-2.0,-2.5,-2.5,-2.5,-2.5,-2.0,-2.0,-1.5,-1.0,-0.5,-0.5,-0.5,-0.5,-0.5,-0.5,-0.5,-1.0,-1.0,-1.0,-1.5,-1.5,-1.5,-1.5,-1.5,-1.5,-1.5,-1.0,-1.0,0.0,0.5,1.0,1.5,1.5,1.5,1.5,1.5,1.0,1.0,0.5,0.0,-0.5,-0.5,-0.5,-0.5,-0.5,0.0,1.0,1.5,2.0,2.5,3.0,3.0,3.0,3.0,2.5,2.0,1.5,1.5,1.0,1.0,0.5,0.5,0.0,0.0,0.0,0.5,0.5,1.0,1.0,1.0,1.5,2.0,2.0,2.5,3.0,3.0,3.0,2.5,2.5,2.5,2.0,2.0,2.0,2.0,2.0,2.0,2.5,2.5,3.0,3.0,3.5,3.5,4.0,4.0,4.0,3.5,3.5,3.0,2.5,2.5,2.0,2.0,2.0,2.5,2.5,3.0,3.0,3.5,4.0,4.0,4.5,5.0,5.0,5.0,5.0,0.0,0.0
